Administrative,Administrative_Duration,Informational,Informational_Duration,ProductRelated,ProductRelated_Duration,BounceRates,ExitRates,PageValues,SpecialDay,Month,OperatingSystems,Browser,Region,TrafficType,VisitorType,Weekend,Revenue
1.0,0.0,0.0,0.0,29.0,663.231,0.0,0.03333333,0.0,0.0,Nov,2,2,4,1,Returning_Visitor,False,False
0.0,0.0,0.0,0.0,18.0,292.73,0.028571429,0.052783262,0.0,0.0,Jul,1,4,1,1,Returning_Visitor,False,False
0.0,0.0,0.0,0.0,14.0,298.59735,0.0,0.03333333,0.0,0.0,Mar,2,2,1,3,Returning_Visitor,False,False
0.0,0.0,0.0,0.0,41.0,753.36804,0.013722921,0.030146705,0.0,0.0,Jul,2,2,1,1,Returning_Visitor,False,False
0.0,0.0,0.0,0.0,42.0,1026.2292,0.0,0.012587214,0.0,0.0,Dec,1,2,1,13,Returning_Visitor,False,False
0.0,0.0,0.0,0.0,24.0,531.8535,0.020264655,0.04309264,0.0,0.0,Dec,4,2,4,2,Returning_Visitor,False,False
3.0,51.22053,0.0,0.0,34.0,575.25226,0.011065457,0.0301384,0.0,0.0,Dec,2,1,1,1,Returning_Visitor,False,False
0.0,0.0,0.0,0.0,22.0,391.78265,0.013333333,0.046041526,0.0,0.0,Aug,2,2,1,1,Returning_Visitor,False,False
3.0,88.48306,0.0,0.0,16.944649,328.93167,0.0,0.008333333,0.0,0.0,Aug,1,2,1,18,Returning_Visitor,False,False
0.0,0.0,0.0,0.0,9.0,196.06316,0.023594843,0.052026533,0.0,0.0,Nov,2,2,8,1,Returning_Visitor,False,False
5.0,98.01131,2.0,106.27503,45.0,1759.0214,0.0,0.009964603,34.18197,0.0,Nov,2,2,1,2,Returning_Visitor,False,True
0.0,0.0,0.0,0.0,25.0,491.88406,0.004880301,0.034091856,0.0,0.0,Dec,2,2,4,1,Returning_Visitor,False,False
3.0,65.77469,0.0,0.0,24.0,586.519,0.0,0.014820897,0.0,0.0,Nov,4,2,1,2,Returning_Visitor,False,False
3.0,62.949184,0.0,0.0,28.0,726.39215,0.012021186,0.0262171,0.0,0.0,Aug,2,2,1,3,Returning_Visitor,False,False
0.0,0.0,0.0,0.0,13.0,379.72528,0.0,0.03333333,0.0,0.0,Nov,2,4,1,1,Returning_Visitor,False,False
4.0,89.380745,0.0,0.0,34.0,637.57086,0.0072391774,0.028448017,0.0,0.0,Dec,2,2,7,2,Returning_Visitor,False,False
0.0,0.0,0.0,0.0,23.0,490.7648,0.0038480563,0.028571429,0.0,0.0,Nov,2,2,4,8,Returning_Visitor,False,False
0.0,0.0,0.0,0.0,18.0,732.77313,0.0,0.017922604,0.0,0.0,Dec,1,2,4,8,Returning_Visitor,False,False
3.0,67.77515,0.0,0.0,16.0,283.58234,0.0055307364,0.019128555,0.0,0.0,Nov,1,2,1,13,Returning_Visitor,False,False
0.0,0.0,0.0,0.0,22.0,353.2121,0.0,0.026018579,0.0,0.0,Dec,2,2,9,2,Returning_Visitor,False,False
0.0,0.0,0.0,0.0,32.0,686.90607,0.0,0.021534475,0.0,0.0,Dec,2,2,1,2,Returning_Visitor,False,False
3.0,60.99109,0.0,0.0,29.481682,552.077,0.0036722382,0.010442154,0.0,0.0,Dec,3,2,1,2,Returning_Visitor,False,False
0.0,0.0,0.0,0.0,28.0,650.8377,0.0,0.026490264,0.0,0.0,Nov,2,2,3,10,Returning_Visitor,False,False
5.0,118.64124,0.0,0.0,60.0,1846.0294,0.0,0.01528168,18.725567,0.0,Dec,2,1,1,1,Returning_Visitor,True,False
0.0,0.0,0.0,0.0,20.886354,629.60394,0.0,0.03475699,0.0,0.0,Nov,2,2,7,3,Returning_Visitor,False,False
0.0,0.0,0.0,0.0,28.0,749.7998,0.0,0.016666668,0.0,0.0,Dec,1,2,1,1,Returning_Visitor,False,False
0.0,0.0,0.0,0.0,21.0,758.589,0.022222223,0.04,0.0,0.0,Dec,1,2,1,3,Returning_Visitor,False,False
3.0,40.58773,1.0,0.0,21.0,455.8318,0.0,0.016666668,0.0,0.0,Jul,4,1,1,1,Returning_Visitor,False,False
0.0,0.0,0.0,0.0,39.686584,869.8174,0.0,0.01577925,0.0,0.0,Aug,4,2,1,2,Returning_Visitor,False,True
0.0,0.0,0.0,0.0,13.0,262.3811,0.0,0.048356913,0.0,0.0,Aug,2,2,1,13,Returning_Visitor,False,False
5.0,58.20353,0.0,0.0,40.702267,690.4121,0.0,0.016331444,0.0,0.0,Nov,2,2,1,2,Returning_Visitor,False,False
0.0,0.0,0.0,0.0,28.0,763.19836,0.014459505,0.04,0.0,0.0,Dec,2,2,1,3,Returning_Visitor,False,False
0.0,0.0,0.0,0.0,37.0,1385.5438,0.013650984,0.04,0.0,0.0,Dec,2,2,1,1,Returning_Visitor,False,False
0.0,0.0,0.0,0.0,10.0,240.38506,0.0,0.03333333,0.0,0.0,Nov,2,2,1,13,Returning_Visitor,False,False
0.0,0.0,0.0,0.0,20.808775,506.29242,0.0,0.023790075,0.0,0.0,Nov,2,4,4,2,Returning_Visitor,False,False
3.0,85.82522,0.0,0.0,22.0,507.86185,0.0,0.025222996,0.0,0.0,Sep,3,2,3,1,Returning_Visitor,False,False
2.0,43.56655,0.0,0.0,34.0,1051.2762,0.0,0.016666668,9.368197,0.0,Sep,2,2,1,2,Returning_Visitor,False,True
3.0,78.15032,0.0,0.0,29.0,653.5593,0.0,0.0106113795,0.0,0.0,Nov,4,2,9,2,Returning_Visitor,False,False
5.0,120.50566,0.0,0.0,39.0,1184.6205,0.005858799,0.017309677,0.0,0.0,Dec,1,1,7,2,Returning_Visitor,False,False
3.0,56.326622,0.0,0.0,13.0,251.00479,0.0,0.028345983,0.0,0.0,Dec,4,2,1,2,Returning_Visitor,False,False
1.0,0.0,0.0,0.0,27.0,750.5716,0.0,0.015384615,0.0,0.0,Nov,2,2,1,2,Returning_Visitor,False,False
1.0,5.3049307,0.0,0.0,26.0,787.62396,0.014772726,0.04,0.0,0.0,Dec,2,2,4,1,Returning_Visitor,False,False
5.0,91.95639,0.0,0.0,30.0,935.271,0.0,0.013040162,13.542529,0.0,Dec,1,1,2,2,Returning_Visitor,False,True
0.0,0.0,0.0,0.0,22.0,780.5477,0.0,0.023287002,0.0,0.0,Aug,2,2,1,2,Returning_Visitor,False,False
0.0,0.0,0.0,0.0,23.0,692.6318,0.0,0.018181818,0.0,0.0,Aug,2,2,1,1,Returning_Visitor,False,False
0.0,0.0,0.0,0.0,27.0,611.95105,0.017229801,0.041354246,0.0,0.0,Aug,4,2,1,3,Returning_Visitor,False,False
0.0,0.0,0.0,0.0,26.0,1055.9779,0.0,0.02379501,0.0,0.0,Nov,1,2,1,8,Returning_Visitor,False,False
3.0,104.63134,0.0,0.0,27.0,1133.4957,0.015382024,0.025,10.971691,0.0,Dec,3,2,1,1,Returning_Visitor,False,False
0.0,0.0,0.0,0.0,23.0,619.2874,0.0,0.020588411,0.0,0.0,Dec,1,4,7,2,Returning_Visitor,False,False
0.0,0.0,0.0,0.0,9.0,129.10109,0.0,0.028795382,0.0,0.0,Dec,2,2,4,3,Returning_Visitor,False,False
0.0,0.0,0.0,0.0,37.0,934.1773,0.0058650565,0.022222223,18.771154,0.0,Dec,2,2,1,2,Returning_Visitor,False,False
4.0,70.45362,0.0,0.0,27.0,582.868,0.0,0.018007107,0.0,0.0,Dec,1,2,1,9,Returning_Visitor,False,True
0.0,0.0,0.0,0.0,26.067924,481.80682,0.013069635,0.03002905,0.0,0.0,Aug,2,2,7,2,Returning_Visitor,False,False
0.0,0.0,0.0,0.0,25.0,480.59644,0.012952624,0.035832692,0.0,0.0,Nov,4,2,1,1,Returning_Visitor,False,False
0.0,0.0,0.0,0.0,11.0,238.7433,0.0,0.04262846,0.0,0.0,Mar,2,4,6,1,Returning_Visitor,False,False
6.0,172.0869,1.0,51.278225,32.0,752.9818,0.0,0.012151644,0.0,0.0,May,2,2,7,13,Returning_Visitor,False,False
0.0,0.0,0.0,0.0,19.0,412.43787,0.031379882,0.0560216,0.0,0.0,Dec,1,1,1,1,Returning_Visitor,False,False
0.0,0.0,0.0,0.0,15.0,457.64792,0.0,0.025,0.0,0.0,Dec,2,2,3,2,Returning_Visitor,False,False
0.0,0.0,0.0,0.0,24.0,756.377,0.012798881,0.027993662,0.0,0.0,Nov,4,2,1,13,Returning_Visitor,False,False
3.0,95.42675,0.0,0.0,19.881924,614.24005,0.0,0.014859434,0.0,0.0,Nov,3,2,2,2,Returning_Visitor,False,False
3.0,79.1956,0.0,0.0,12.0,268.8012,0.0,0.024929345,0.0,0.0,Dec,2,2,3,10,Returning_Visitor,False,False
0.0,0.0,0.0,0.0,54.87301,1538.4402,0.0,0.012667269,0.0,0.0,Dec,4,1,7,2,Returning_Visitor,False,False
0.0,0.0,0.0,0.0,37.0,812.23535,0.004018499,0.025,0.0,0.0,Dec,2,2,4,1,Returning_Visitor,False,False
0.0,0.0,0.0,0.0,15.0,267.74823,0.0,0.031965006,0.0,0.0,Dec,2,2,1,1,Returning_Visitor,False,False
0.0,0.0,0.0,0.0,44.094284,1529.8602,0.0,0.016643317,0.0,0.0,Dec,2,2,1,13,Returning_Visitor,False,False
4.0,67.79757,0.0,0.0,27.0,534.5832,0.0,0.021961935,0.0,0.0,Nov,2,2,1,13,Returning_Visitor,False,False
1.0,25.889996,0.0,0.0,35.0,1150.8738,0.0,0.016714733,0.0,0.0,Nov,2,2,7,2,Returning_Visitor,False,False
5.371305,121.853806,0.0,0.0,48.0,2062.7607,0.0053234803,0.02047056,9.138812,0.0,Dec,2,2,1,13,Returning_Visitor,False,True
3.0,43.11914,0.0,0.0,22.0,653.59686,0.011111111,0.023395926,0.0,0.0,Nov,1,2,6,13,Returning_Visitor,False,False
0.0,0.0,0.0,0.0,17.0,722.92993,0.0056928117,0.03211559,0.0,0.0,Nov,2,2,7,2,Returning_Visitor,False,False
0.0,0.0,0.0,0.0,24.0,767.4344,0.012662365,0.03934743,0.0,0.0,Dec,2,2,1,1,Returning_Visitor,False,False
4.0,73.32278,0.0,0.0,44.86925,1993.7998,0.0,0.011764706,2.4399197,0.0,Aug,2,2,1,2,Returning_Visitor,True,False
0.0,0.0,0.0,0.0,15.0,334.5217,0.0,0.0202359,0.0,0.0,May,1,1,1,2,Returning_Visitor,False,False
0.0,0.0,0.0,0.0,15.0,629.91846,0.01538259,0.038048506,0.0,0.0,Aug,2,2,1,3,Returning_Visitor,False,False
2.0,47.564274,0.0,0.0,30.0,819.1034,0.0,0.014285714,0.0,0.0,Dec,2,2,1,9,Returning_Visitor,False,False
3.0,73.56129,0.0,0.0,28.0,641.106,0.004050637,0.02443849,0.0,0.0,Dec,1,2,2,1,Returning_Visitor,False,False
2.0,33.72276,0.0,0.0,36.0,724.1445,0.0,0.016666668,0.0,0.0,Dec,2,2,1,1,Returning_Visitor,False,False
4.0,56.41633,0.0,0.0,29.0,582.9164,0.007680677,0.0250365,0.0,0.0,Aug,4,2,1,2,Returning_Visitor,False,True
0.0,0.0,0.0,0.0,39.0,757.6066,0.010004203,0.025,0.0,0.0,Aug,1,2,9,2,Returning_Visitor,False,False
2.0,46.783913,0.0,0.0,15.0,359.41458,0.0,0.01755016,0.0,0.0,Dec,2,2,7,9,New_Visitor,False,False
3.0,69.41262,2.0,68.12454,45.0,2076.3945,0.0068631307,0.031658564,0.0,0.0,Dec,2,2,7,2,Returning_Visitor,False,False
0.0,0.0,0.0,0.0,18.0,321.11798,0.0048824814,0.04181077,0.0,0.0,Aug,1,2,1,3,Returning_Visitor,False,False
0.0,0.0,0.0,0.0,15.0,368.92444,0.0,0.029911278,0.0,0.0,Nov,2,2,1,2,Returning_Visitor,False,False
0.0,0.0,0.0,0.0,27.0,633.6758,0.007170192,0.028808642,0.0,0.0,Aug,3,2,3,1,Returning_Visitor,False,False
0.0,0.0,0.0,0.0,13.348029,374.9078,0.022222223,0.057452064,0.0,0.0,Nov,2,2,1,1,Returning_Visitor,True,False
0.0,0.0,0.0,0.0,8.0,212.01604,0.0,0.037190016,0.0,0.0,Nov,3,2,1,2,Returning_Visitor,False,False
0.0,0.0,0.0,0.0,20.0,474.5779,0.0,0.016666668,0.0,0.0,Nov,1,2,1,2,Returning_Visitor,False,False
0.0,0.0,0.0,0.0,27.0,845.9292,0.00415043,0.03161267,0.0,0.0,Dec,2,2,1,1,Returning_Visitor,False,False
1.0,6.368606,0.0,0.0,34.0,1004.1049,0.00969455,0.022222223,0.0,0.0,Dec,4,2,1,1,Returning_Visitor,False,False
0.0,0.0,0.0,0.0,32.0,827.73987,0.0,0.024199842,0.0,0.0,Nov,2,2,1,2,Returning_Visitor,False,False
1.0,7.7683983,0.0,0.0,29.0,834.89154,0.0,0.01,0.0,0.0,Aug,1,1,1,13,Returning_Visitor,True,False
4.0,62.946922,0.0,0.0,29.0,1036.599,0.01985554,0.037295666,0.0,0.0,Dec,3,2,1,13,Returning_Visitor,False,False
0.0,0.0,0.0,0.0,26.0,770.91406,0.0,0.01814739,0.0,0.0,Dec,2,2,1,2,Returning_Visitor,False,False
0.0,0.0,0.0,0.0,31.0,817.32684,0.009791548,0.025399147,0.0,0.0,Aug,1,1,1,2,Returning_Visitor,False,False
0.0,0.0,0.0,0.0,33.0,835.2309,0.0,0.018689284,0.0,0.0,Dec,2,2,1,2,Returning_Visitor,False,False
0.0,0.0,0.0,0.0,24.0,490.84885,0.0,0.018170608,0.0,0.0,Aug,1,2,1,13,Returning_Visitor,False,False
0.0,0.0,0.0,0.0,35.70327,931.16473,0.0054300046,0.022603165,0.0,0.0,Aug,2,2,2,2,Returning_Visitor,False,False
2.0,39.944115,0.0,0.0,32.240246,604.6405,0.0,0.015888605,0.0,0.0,Aug,2,2,1,2,Returning_Visitor,False,False
0.0,0.0,0.0,0.0,26.0,605.1835,0.0,0.017703744,0.0,0.0,Dec,2,2,1,3,Returning_Visitor,False,False
3.0,77.75731,0.0,0.0,39.0,1376.8265,0.013492451,0.035730086,0.0,0.0,Dec,1,2,1,1,Returning_Visitor,False,False
0.0,0.0,2.0,72.455086,39.0,1732.7074,0.004091756,0.027233914,4.945271,0.0,Nov,2,2,1,3,Returning_Visitor,True,False
0.0,0.0,0.0,0.0,22.0,523.69543,0.013361434,0.040909253,0.0,0.0,Nov,1,1,1,3,Returning_Visitor,False,False
2.0,27.72562,0.0,0.0,27.0,618.333,0.0,0.019240359,0.0,0.0,Dec,2,2,7,8,Returning_Visitor,False,False
3.0,50.651882,0.0,0.0,35.7467,833.59375,0.0,0.02,0.0,0.0,Nov,2,2,1,3,Returning_Visitor,False,False
4.0,98.06397,0.0,0.0,41.964832,1772.2715,0.0074190167,0.026906442,361.76373,0.0,Nov,2,2,1,1,Returning_Visitor,False,True
0.0,0.0,0.0,0.0,23.0,681.9914,0.0,0.022222223,0.0,0.0,Nov,2,2,3,15,Returning_Visitor,False,False
0.0,0.0,0.0,0.0,18.0,346.32782,0.019947402,0.053018574,0.0,0.0,Nov,2,2,1,1,Returning_Visitor,False,False
0.0,0.0,0.0,0.0,10.0,338.37686,0.0,0.026271826,0.0,0.0,Dec,2,2,2,1,Returning_Visitor,False,False
0.0,0.0,0.0,0.0,21.0,493.44342,0.0,0.021827694,0.0,0.0,Jul,1,2,3,1,Returning_Visitor,False,False
2.0,25.361326,0.0,0.0,22.0,586.6455,0.0,0.016602768,0.0,0.0,Nov,2,2,7,19,Returning_Visitor,False,False
0.0,0.0,0.0,0.0,18.0,532.58905,0.0,0.03896211,0.0,0.0,Nov,3,2,9,1,Returning_Visitor,False,False
0.0,0.0,0.0,0.0,24.0,625.00397,0.0,0.016666668,0.0,0.0,Nov,4,2,1,1,Returning_Visitor,False,False
0.0,0.0,0.0,0.0,43.0,952.8332,0.0,0.011585077,0.0,0.0,Dec,2,2,1,2,Returning_Visitor,False,False
0.0,0.0,0.0,0.0,7.0,123.13311,0.05,0.071032815,0.0,0.0,Dec,3,2,1,13,Returning_Visitor,False,False
0.0,0.0,0.0,0.0,28.0,1322.3387,0.00502193,0.03255135,0.0,0.0,Nov,2,2,1,13,Returning_Visitor,False,False
0.0,0.0,0.0,0.0,22.0,439.33743,0.0,0.03333333,0.0,0.0,Jul,2,2,1,1,Returning_Visitor,False,False
0.0,0.0,0.0,0.0,21.0,637.19525,0.0,0.03333333,0.0,0.0,Dec,2,2,1,3,Returning_Visitor,False,False
2.0,100.45037,0.0,0.0,31.987469,925.5928,0.004045966,0.01732603,14.610162,0.0,Dec,1,1,7,19,Returning_Visitor,False,False
2.0,70.62185,0.0,0.0,24.0,720.48376,0.0,0.009402428,0.0,0.0,Nov,3,2,1,2,Returning_Visitor,False,False
0.0,0.0,0.0,0.0,22.0,645.44653,0.017212814,0.03437577,0.0,0.0,Aug,1,2,1,1,Returning_Visitor,False,False
3.0,44.27779,0.0,0.0,18.0,312.14313,0.0,0.020040128,0.0,0.0,Mar,2,2,6,9,Returning_Visitor,False,True
2.0,52.66095,0.0,0.0,44.0,944.179,0.0075861975,0.017748505,13.346447,0.0,Aug,1,1,1,13,Returning_Visitor,False,False
2.0,44.640392,0.0,0.0,27.0,690.6123,0.0084286835,0.024050944,0.0,0.0,Dec,2,2,7,1,Returning_Visitor,False,False
0.0,0.0,0.0,0.0,17.28367,588.28796,0.0,0.014441487,0.0,0.0,Dec,1,1,7,2,Returning_Visitor,False,False
0.0,0.0,0.0,0.0,18.0,573.5636,0.0,0.027337773,0.0,0.0,Nov,2,2,7,1,Returning_Visitor,False,False
0.0,0.0,0.0,0.0,21.0,561.1358,0.0,0.016980713,0.0,0.0,Dec,1,4,3,2,Returning_Visitor,False,False
0.0,0.0,0.0,0.0,12.0,301.26013,0.0,0.04474636,0.0,0.0,Dec,2,2,1,1,Returning_Visitor,False,False
0.0,0.0,0.0,0.0,56.0,1549.6882,0.0,0.019460684,8.165726,0.0,Dec,2,2,1,1,Returning_Visitor,False,False
3.0,29.605318,0.0,0.0,29.0,534.6401,0.0,0.017702414,0.0,0.0,Mar,2,2,1,1,Returning_Visitor,False,False
4.0,64.80082,0.0,0.0,33.0,1050.9022,0.0056837588,0.022222223,0.0,0.0,Aug,2,2,6,1,Returning_Visitor,False,False
0.0,0.0,0.0,0.0,16.0,295.7077,0.0,0.029966395,0.0,0.0,Nov,4,2,1,1,Returning_Visitor,False,False
4.0,73.93384,0.0,0.0,30.0,689.6971,0.0,0.022222223,0.0,0.0,Dec,2,2,4,2,Returning_Visitor,False,False
4.0,87.03457,0.0,0.0,43.634045,2149.0703,0.003871146,0.017330332,0.0,0.0,Nov,2,2,1,13,Returning_Visitor,False,False
0.0,0.0,0.0,0.0,27.0,539.22284,0.0,0.013333333,0.0,0.0,Nov,2,2,2,2,Returning_Visitor,False,False
0.0,0.0,0.0,0.0,21.0,524.0155,0.0035411012,0.012601194,0.0,0.0,Nov,1,2,1,3,Returning_Visitor,False,False
0.0,0.0,0.0,0.0,9.0,213.7751,0.04,0.06666667,0.0,0.0,Dec,1,1,1,1,Returning_Visitor,False,False
0.0,0.0,2.0,81.78001,41.129494,1667.9984,0.004475272,0.027783994,8.574786,0.0,Nov,2,2,3,15,Returning_Visitor,False,False
5.6834397,106.91002,1.0,102.662476,42.0,1195.5543,0.0,0.012096719,0.0,0.0,Jul,2,2,6,2,Returning_Visitor,False,False
2.0,60.027527,0.0,0.0,24.0,630.0802,0.021896794,0.037490454,0.0,0.0,Aug,3,2,7,2,Returning_Visitor,False,False
5.0,126.46137,0.0,0.0,39.0,1250.2762,0.006182775,0.020936487,0.0,0.0,Nov,1,1,1,2,Returning_Visitor,False,False
6.0,117.42316,0.0,0.0,41.627075,1680.7335,0.0,0.014276205,0.0,0.0,Nov,2,2,7,2,Returning_Visitor,False,False
2.0,23.080881,0.0,0.0,22.785189,584.6633,0.0,0.014878613,0.0,0.0,Dec,2,2,4,2,Returning_Visitor,False,False
0.0,0.0,0.0,0.0,31.0,686.1143,0.0,0.014741958,0.0,0.0,Aug,2,2,2,2,Returning_Visitor,False,False
0.0,0.0,0.0,0.0,8.0,242.66673,0.04,0.06213775,0.0,0.0,Nov,4,2,2,13,Returning_Visitor,False,False
0.0,0.0,0.0,0.0,24.0,619.3613,0.018181818,0.044775352,0.0,0.0,Aug,2,2,1,1,Returning_Visitor,False,False
3.0,56.896168,0.0,0.0,47.698536,1240.5992,0.006971916,0.02664994,0.0,0.0,Dec,2,2,1,1,Returning_Visitor,False,False
0.0,0.0,0.0,0.0,23.0,581.70746,0.012566679,0.03333333,0.0,0.0,Aug,1,1,1,13,Returning_Visitor,False,False
4.0,91.3016,0.0,0.0,37.0,485.4306,0.0,0.013466888,0.0,0.0,Dec,2,2,1,1,Returning_Visitor,False,False
1.0,17.832012,0.0,0.0,25.840187,771.08044,0.0024327,0.023487503,0.0,0.0,Aug,1,1,1,2,Returning_Visitor,False,False
0.0,0.0,0.0,0.0,32.761635,552.1474,0.0,0.011384069,0.0,0.0,Aug,1,2,1,13,Returning_Visitor,False,False
3.0,64.62615,0.0,0.0,40.963463,720.30023,0.0,0.016666668,0.0,0.0,Dec,1,1,1,1,Returning_Visitor,False,False
0.0,0.0,0.0,0.0,3.0,77.625565,0.0,0.059098013,0.0,0.0,Dec,2,2,2,3,Returning_Visitor,False,False
3.0,58.945274,0.0,0.0,27.0,727.4156,0.0,0.013327592,361.76373,0.0,Nov,4,1,4,2,Returning_Visitor,False,False
5.0,73.68903,0.0,0.0,62.467587,1678.0825,0.0019074755,0.014008978,0.0,0.0,Nov,4,2,1,2,Returning_Visitor,False,False
0.0,0.0,0.0,0.0,12.0,231.03227,0.0,0.03748402,0.0,0.0,Nov,2,2,1,8,Returning_Visitor,False,False
4.0,87.150795,0.0,0.0,31.0,701.8375,0.0,0.01963302,0.0,0.0,Dec,2,2,1,13,Returning_Visitor,False,False
0.0,0.0,0.0,0.0,19.0,383.85938,0.012499969,0.040470384,0.0,0.0,Dec,2,2,4,2,Returning_Visitor,False,False
1.0,0.0,0.0,0.0,22.0,595.4185,0.0,0.01662116,0.0,0.0,Dec,2,4,1,3,Returning_Visitor,False,False
0.0,0.0,0.0,0.0,29.0,783.293,0.0,0.030622978,0.0,0.0,Dec,2,2,9,1,Returning_Visitor,False,False
3.0,72.423805,0.0,0.0,26.0,699.1368,0.013333333,0.028571429,0.0,0.0,Nov,1,2,1,2,Returning_Visitor,False,False
0.0,0.0,0.0,0.0,17.0,298.72018,0.009469269,0.025138797,0.0,0.0,Dec,3,2,6,9,Returning_Visitor,False,False
3.0,35.8869,0.0,0.0,24.0,576.79913,0.0,0.025,0.0,0.0,Dec,4,1,1,2,Returning_Visitor,False,False
2.0,40.308903,0.0,0.0,10.0,230.87683,0.0,0.023655122,0.0,0.0,Dec,1,1,7,9,Returning_Visitor,False,False
0.0,0.0,0.0,0.0,22.0,651.0692,0.011656691,0.029422939,0.0,0.0,Dec,2,2,6,15,Returning_Visitor,False,False
0.0,0.0,0.0,0.0,13.0,225.9623,0.028571429,0.062619515,0.0,0.0,Jul,2,2,1,3,Returning_Visitor,False,False
0.0,0.0,0.0,0.0,20.0,491.84195,0.0,0.030261077,0.0,0.0,Nov,2,2,6,3,Returning_Visitor,False,False
3.0,76.196526,0.0,0.0,31.0,1064.4155,0.0060033724,0.018208109,0.0,0.0,Aug,3,2,7,13,Returning_Visitor,False,False
0.0,0.0,0.0,0.0,32.826977,804.87,0.0,0.024063112,0.0,0.0,Aug,2,1,7,8,Returning_Visitor,False,False
2.0,32.315903,0.0,0.0,35.0,965.5988,0.0,0.02,0.0,0.0,Nov,2,2,1,2,Returning_Visitor,False,False
5.0,86.481476,0.0,0.0,25.0,599.396,0.0,0.015662486,0.0,0.0,Dec,2,2,4,2,Returning_Visitor,False,False
0.0,0.0,0.0,0.0,16.0,343.29834,0.01729532,0.045899354,0.0,0.0,May,2,2,1,1,Returning_Visitor,False,False
0.0,0.0,0.0,0.0,24.0,412.89026,0.0,0.015972076,0.0,0.0,Dec,1,4,9,2,Returning_Visitor,True,False
5.0,110.965126,0.0,0.0,55.463875,1930.3422,0.0,0.0074878647,27.606352,0.0,Nov,4,1,1,2,Returning_Visitor,False,True
0.0,0.0,0.0,0.0,28.0,673.2238,0.010003977,0.030069364,0.0,0.0,Dec,2,2,1,3,Returning_Visitor,False,False
0.0,0.0,0.0,0.0,16.0,501.60757,0.0,0.041511945,0.0,0.0,Aug,4,1,1,1,Returning_Visitor,False,False
0.0,0.0,0.0,0.0,21.0,729.5179,0.0,0.020438481,0.0,0.0,Nov,2,2,9,13,Returning_Visitor,False,False
0.0,0.0,0.0,0.0,12.0,265.3683,0.0,0.030937515,0.0,0.0,May,2,2,1,2,Returning_Visitor,False,False
0.0,0.0,0.0,0.0,35.0,922.77814,0.0,0.020012729,0.0,0.0,Nov,2,2,1,1,Returning_Visitor,False,False
4.0,58.93683,0.0,0.0,23.396067,608.0922,0.0034993552,0.023764748,0.0,0.0,Nov,2,2,9,3,Returning_Visitor,False,False
0.0,0.0,0.0,0.0,44.333694,1054.0118,0.006413252,0.03130754,0.0,0.0,Dec,2,2,9,13,Returning_Visitor,False,False
2.0,55.884995,0.0,0.0,5.0,96.16125,0.0,0.02708347,0.0,0.0,Aug,2,2,8,2,New_Visitor,False,False
0.0,0.0,0.0,0.0,20.0,584.02216,0.0,0.016898384,0.0,0.0,Dec,2,2,1,9,New_Visitor,False,False
3.0,71.08022,0.0,0.0,56.293327,1746.539,0.0048248055,0.025051817,0.0,0.0,Aug,2,2,1,13,Returning_Visitor,False,False
2.0,54.19441,0.0,0.0,12.0,476.0577,0.0,0.025,0.0,0.0,Aug,2,2,9,2,Returning_Visitor,False,False
4.0,46.91064,0.0,0.0,50.0,1800.4114,0.0054205363,0.017527036,0.0,0.0,Nov,4,2,1,2,Returning_Visitor,False,True
0.0,0.0,0.0,0.0,42.0,724.0467,0.0,0.019909507,0.0,0.0,Aug,2,2,1,2,Returning_Visitor,False,False
0.0,0.0,0.0,0.0,10.0,314.43643,0.0,0.04,0.0,0.0,Nov,2,2,4,1,Returning_Visitor,False,False
3.0,68.28737,0.0,0.0,39.0,854.54474,0.0,0.011458578,0.0,0.0,Nov,1,2,1,2,Returning_Visitor,False,False
4.053624,59.578716,0.0,0.0,21.0,501.83804,0.0,0.018247623,0.0,0.0,Dec,2,2,1,3,Returning_Visitor,False,False
0.0,0.0,0.0,0.0,22.0,700.52545,0.0,0.021128012,0.0,0.0,Dec,2,2,1,1,Returning_Visitor,False,False
0.0,0.0,0.0,0.0,12.0,213.40765,0.0,0.029935686,0.0,0.0,Nov,2,2,1,3,Returning_Visitor,False,False
0.0,0.0,0.0,0.0,29.0,757.44824,0.0,0.017511511,0.0,0.0,Dec,3,2,4,2,Returning_Visitor,False,False
0.0,0.0,0.0,0.0,17.0,585.7621,0.0,0.015937535,0.0,0.0,Aug,2,2,1,3,Returning_Visitor,False,False
0.0,0.0,0.0,0.0,39.0,1286.1154,0.0028138573,0.021994594,39.056904,0.0,Dec,2,2,1,2,Returning_Visitor,False,False
2.0,45.834698,0.0,0.0,32.0,798.02734,0.008638514,0.024252152,0.0,0.0,Aug,2,2,7,2,Returning_Visitor,False,False
0.0,0.0,0.0,0.0,26.0,629.33405,0.011111111,0.026815275,0.0,0.0,Dec,2,2,1,2,Returning_Visitor,False,False
0.0,0.0,0.0,0.0,20.0,745.26886,0.0,0.034274247,0.0,0.0,Dec,2,2,7,13,Returning_Visitor,False,False
3.0,66.20104,0.0,0.0,24.0,649.71136,0.007387789,0.021195427,0.0,0.0,Dec,2,2,1,2,Returning_Visitor,False,False
0.0,0.0,0.0,0.0,17.0,275.98184,0.0,0.01778697,0.0,0.0,Nov,1,4,4,2,Returning_Visitor,False,False
3.0,59.959076,0.0,0.0,20.0,340.43973,0.0,0.006567729,0.0,0.0,Nov,2,2,1,2,Returning_Visitor,False,False
0.0,0.0,0.0,0.0,18.0,498.68146,0.0,0.03333333,0.0,0.0,Nov,2,2,7,3,Returning_Visitor,False,False
2.0,68.53449,0.0,0.0,21.0,657.3592,0.0,0.020128693,0.0,0.0,Dec,2,2,7,2,Returning_Visitor,False,False
0.0,0.0,0.0,0.0,27.0,711.4728,0.01983282,0.044393178,0.0,0.0,Aug,2,2,7,1,Returning_Visitor,False,False
0.0,0.0,0.0,0.0,12.0,227.06972,0.0,0.0345514,0.0,0.0,Dec,2,2,4,1,Returning_Visitor,False,False
2.0370576,37.422523,0.0,0.0,35.163235,827.37634,0.008585224,0.024508763,0.0,0.0,Nov,2,2,1,13,Returning_Visitor,False,False
0.0,0.0,0.0,0.0,10.0,252.93706,0.0,0.01715325,0.0,0.0,Nov,2,2,1,2,Returning_Visitor,False,False
0.0,0.0,0.0,0.0,26.0,559.15063,0.0,0.02078416,0.0,0.0,Dec,4,1,1,3,Returning_Visitor,False,False
0.0,0.0,0.0,0.0,15.0,329.67688,0.0,0.032348156,0.0,0.0,Dec,2,4,1,9,Returning_Visitor,False,False
0.0,0.0,0.0,0.0,11.0,363.50504,0.0,0.03553027,0.0,0.0,Nov,2,2,1,1,Returning_Visitor,False,False
2.0,26.858814,0.0,0.0,12.0,428.73773,0.0,0.01923607,0.0,0.0,Nov,2,2,6,1,Returning_Visitor,False,False
0.0,0.0,0.0,0.0,17.0,269.4894,0.0,0.024704657,0.0,0.0,Nov,2,2,2,1,Returning_Visitor,False,False
0.0,0.0,0.0,0.0,23.0,435.4436,0.0,0.02217634,0.0,0.0,Dec,2,2,1,2,Returning_Visitor,False,False
3.0,50.96158,0.0,0.0,38.708935,765.8963,0.001823601,0.017925348,0.0,0.0,Nov,2,2,4,2,Returning_Visitor,False,True
0.0,0.0,0.0,0.0,36.0,991.2867,0.010775406,0.03628211,0.0,0.0,Nov,1,2,4,13,Returning_Visitor,False,False
2.0,15.28386,0.0,0.0,16.0,544.99927,0.0,0.01618693,0.0,0.0,Nov,2,2,1,20,Returning_Visitor,False,False
0.0,0.0,0.0,0.0,37.0,1326.8115,0.0,0.016245792,0.0,0.0,Nov,2,2,2,10,Returning_Visitor,False,False
4.0,106.29297,0.0,0.0,46.0,1761.0647,0.0,0.017794816,0.0,0.0,Dec,2,2,1,2,Returning_Visitor,False,False
0.0,0.0,0.0,0.0,20.0,371.98166,0.0,0.030418001,0.0,0.0,Nov,2,2,3,2,Returning_Visitor,False,False
6.7761507,123.56989,0.0,0.0,43.0,1286.343,0.0,0.0174625,0.0,0.0,May,2,4,1,3,Returning_Visitor,False,False
3.0,48.072144,0.0,0.0,27.0,585.81323,0.0,0.014996244,0.0,0.0,Dec,4,2,1,2,Returning_Visitor,False,False
0.0,0.0,0.0,0.0,12.0,201.2805,0.0,0.044260062,0.0,0.0,Dec,2,2,1,10,Returning_Visitor,False,False
4.0,68.228065,0.0,0.0,37.0,903.35864,0.0,0.011081495,0.0,0.0,Dec,2,2,1,8,Returning_Visitor,False,False
0.0,0.0,0.0,0.0,31.0,1344.449,0.014563047,0.030734189,0.0,0.0,Dec,3,2,1,2,Returning_Visitor,False,False
2.0,46.808704,0.0,0.0,24.0,507.05066,0.0,0.015384615,0.0,0.0,Dec,3,2,3,1,Returning_Visitor,False,False
0.0,0.0,0.0,0.0,21.907574,692.6962,0.014814602,0.03990312,0.0,0.0,Dec,2,2,6,1,Returning_Visitor,False,False
0.0,0.0,0.0,0.0,33.0,969.7226,0.0,0.027447583,0.0,0.0,Dec,2,2,1,13,Returning_Visitor,False,False
0.0,0.0,0.0,0.0,20.0,635.8322,0.0,0.033430025,0.0,0.0,Dec,2,2,6,1,Returning_Visitor,False,False
0.0,0.0,0.0,0.0,39.24378,1716.3407,0.011592601,0.038644426,0.0,0.0,Dec,2,2,1,2,Returning_Visitor,False,False
0.0,0.0,0.0,0.0,21.292135,563.0874,0.020663261,0.035346977,0.0,0.0,Nov,1,4,3,3,Returning_Visitor,False,False
3.0,62.727386,0.0,0.0,13.0,439.1807,0.0,0.015601627,0.0,0.0,Nov,2,2,1,2,Returning_Visitor,False,False
0.0,0.0,0.0,0.0,25.0,651.98663,0.0,0.028571429,0.0,0.0,Nov,2,2,1,2,Returning_Visitor,False,False
0.0,0.0,0.0,0.0,16.0,389.18744,0.0,0.03333333,0.0,0.0,Nov,1,2,1,3,Returning_Visitor,False,False
0.0,0.0,0.0,0.0,10.0,268.5267,0.03379996,0.058722824,0.0,0.0,Dec,3,2,1,3,Returning_Visitor,False,False
2.0,50.936966,0.0,0.0,32.0,796.5075,0.0,0.01883083,0.0,0.0,Dec,2,2,3,2,Returning_Visitor,False,False
0.0,0.0,0.0,0.0,39.37077,1118.0859,0.005592962,0.025,0.0,0.0,Dec,3,2,1,2,Returning_Visitor,False,False
0.0,0.0,0.0,0.0,24.0,571.57904,0.0,0.0309444,0.0,0.0,Dec,2,2,7,1,Returning_Visitor,False,False
0.0,0.0,0.0,0.0,44.268696,1184.9098,0.0,0.012701003,0.0,0.0,Nov,2,2,1,2,Returning_Visitor,False,False
0.0,0.0,0.0,0.0,13.0,439.74573,0.017118096,0.034975108,0.0,0.0,Nov,2,2,1,2,Returning_Visitor,False,False
2.0,41.503395,0.0,0.0,28.0,733.7874,0.004863838,0.016666668,9.426234,0.0,Dec,2,4,1,13,Returning_Visitor,False,True
0.0,0.0,0.0,0.0,23.889303,444.98944,0.0011323792,0.028571429,0.0,0.0,Dec,1,1,1,2,Returning_Visitor,False,False
0.0,0.0,0.0,0.0,17.0,281.9146,0.0,0.029755786,0.0,0.0,May,2,2,1,1,Returning_Visitor,False,False
3.0,47.999187,0.0,0.0,44.0,1341.7838,0.0033511496,0.021080423,0.0,0.0,Nov,2,2,1,2,Returning_Visitor,False,False
3.7865787,85.218704,0.0,0.0,29.0,978.79364,0.0,0.022184344,0.0,0.0,Sep,2,4,9,3,Returning_Visitor,False,False
3.0,72.50658,0.0,0.0,23.0,474.06586,0.0,0.025,0.0,0.0,Dec,1,1,1,1,Returning_Visitor,False,False
5.0,78.33595,0.0,0.0,32.099274,1131.9302,0.0,0.0125,7.4078226,0.0,Mar,2,4,7,2,Returning_Visitor,False,False
6.0,109.29955,0.0,0.0,46.027897,1767.8972,0.0,0.02,6.6376915,0.0,Nov,2,2,7,1,Returning_Visitor,False,True
4.0,44.702255,0.0,0.0,33.0,836.06616,0.0,0.017830437,0.0,0.0,Nov,2,2,7,1,Returning_Visitor,False,False
0.0,0.0,0.0,0.0,33.0,696.10895,0.0,0.015527746,0.0,0.0,Aug,3,2,4,2,Returning_Visitor,True,False
0.0,0.0,0.0,0.0,13.0,300.46088,0.0,0.04475719,0.0,0.0,Dec,4,1,1,3,Returning_Visitor,False,False
3.0,73.89709,0.0,0.0,26.0,585.9752,0.0,0.013333333,21.388224,0.0,Dec,1,2,1,2,Returning_Visitor,False,True
3.0,52.217194,0.0,0.0,40.0,1360.1246,0.0,0.012433385,0.0,0.0,Nov,2,4,7,2,Returning_Visitor,False,False
3.0,42.066647,0.0,0.0,25.0,690.0897,0.0,0.0125,0.0,0.0,Aug,2,2,1,2,Returning_Visitor,False,False
0.0,0.0,0.0,0.0,39.96809,1055.1029,0.008333333,0.028564123,0.0,0.0,Dec,2,2,1,2,Returning_Visitor,False,False
3.0,31.854023,0.0,0.0,24.0,619.0867,0.0,0.01616039,0.0,0.0,Nov,2,2,9,2,Returning_Visitor,False,True
2.0,39.501728,0.0,0.0,35.0,865.7408,0.0,0.020181553,10.274296,0.0,Dec,2,2,1,2,Returning_Visitor,False,False
0.0,0.0,0.0,0.0,6.0,129.24936,0.0,0.044444446,0.0,0.0,Dec,2,2,4,13,Returning_Visitor,False,False
5.0,63.255783,0.0,0.0,36.0,844.7767,0.0,0.01785294,10.557,0.0,Aug,2,2,1,2,Returning_Visitor,False,True
4.0,88.64445,1.0,0.0,45.0,1369.079,0.011737005,0.027832082,0.0,0.0,Nov,4,1,1,2,Returning_Visitor,False,False
2.0,40.761024,0.0,0.0,43.967278,1857.5997,0.0,0.009893967,0.0,0.0,Dec,2,2,7,2,Returning_Visitor,False,False
0.0,0.0,0.0,0.0,16.54417,578.18726,0.010637771,0.036714558,0.0,0.0,Nov,2,2,1,13,Returning_Visitor,False,False
2.0,18.208458,0.0,0.0,8.0,175.71901,0.025,0.046681967,0.0,0.0,Aug,2,2,1,2,Returning_Visitor,False,False
0.0,0.0,0.0,0.0,18.0,683.63513,0.0,0.027026922,0.0,0.0,Dec,2,4,1,1,Returning_Visitor,False,False
0.0,0.0,0.0,0.0,24.0,463.572,0.008333333,0.016666668,0.0,0.0,Jul,4,2,1,1,Returning_Visitor,False,False
1.0,7.6491103,0.0,0.0,23.0,662.9362,0.0,0.018930968,0.0,0.0,Jul,2,2,1,2,Returning_Visitor,False,False
0.0,0.0,0.0,0.0,14.0,362.16174,0.0,0.029620066,0.0,0.0,Nov,2,2,1,1,Returning_Visitor,False,False
6.6558905,131.76239,0.0,0.0,32.0,876.599,0.0,0.014664342,0.0,0.0,Nov,1,2,1,1,Returning_Visitor,False,False
0.0,0.0,0.0,0.0,27.0,760.19653,0.00902059,0.034047704,0.0,0.0,Dec,2,2,6,3,Returning_Visitor,False,False
3.0,99.890656,0.0,0.0,3.8922691,63.963608,0.0,0.030227907,0.0,0.0,Aug,3,2,1,8,Returning_Visitor,False,False
0.0,0.0,0.0,0.0,10.0,259.696,0.0,0.04030853,0.0,0.0,Dec,1,2,1,3,Returning_Visitor,False,False
4.0,55.0395,0.0,0.0,38.97741,617.6868,0.0,0.01291923,0.0,0.0,Nov,4,2,1,2,Returning_Visitor,False,False
0.0,0.0,0.0,0.0,50.0,1219.412,0.004212445,0.020170107,0.0,0.0,Nov,3,2,1,1,Returning_Visitor,False,False
0.0,0.0,0.0,0.0,12.0,263.2629,0.0,0.04,0.0,0.0,Dec,2,2,4,13,Returning_Visitor,False,False
0.0,0.0,0.0,0.0,28.0,726.7424,0.016716605,0.04,0.0,0.0,Dec,2,2,1,13,Returning_Visitor,False,False
0.0,0.0,0.0,0.0,22.0,412.18826,0.0,0.017968837,0.0,0.0,Nov,4,2,1,2,Returning_Visitor,True,False
0.0,0.0,0.0,0.0,30.274992,1067.8534,0.0026729149,0.021210177,0.0,0.0,Nov,2,2,4,3,Returning_Visitor,False,False
0.0,0.0,0.0,0.0,19.0,419.3986,0.0,0.03253877,0.0,0.0,Dec,2,2,8,1,Returning_Visitor,False,False
4.0,46.47483,0.0,0.0,28.0,654.9714,0.0,0.009090909,0.0,0.0,Dec,2,2,1,2,Returning_Visitor,False,True
3.0,37.127014,0.0,0.0,20.0,504.6198,0.0,0.019934831,0.0,0.0,Nov,2,2,1,15,Returning_Visitor,False,False
2.0,43.552883,0.0,0.0,23.0,650.20844,0.0,0.008333333,0.0,0.0,Nov,2,2,1,2,Returning_Visitor,False,False
0.0,0.0,0.0,0.0,22.0,495.36386,0.0,0.029668678,0.0,0.0,Dec,2,2,9,1,Returning_Visitor,False,False
0.0,0.0,0.0,0.0,15.0,312.05942,0.028571429,0.07285694,0.0,0.0,Sep,4,1,1,1,Returning_Visitor,False,False
5.0,105.745155,0.0,0.0,43.021156,1577.4647,0.0,0.017611952,10.379804,0.0,Sep,2,2,4,2,Returning_Visitor,False,False
0.0,0.0,0.0,0.0,8.0,266.67813,0.0,0.05531257,0.0,0.0,Dec,2,2,1,1,Returning_Visitor,False,False
5.0,97.64544,0.0,0.0,33.0,556.7192,0.0,0.019017821,0.0,0.0,Dec,2,4,1,1,Returning_Visitor,False,False
5.104477,123.65512,0.0,0.0,38.0,1164.0613,0.005414373,0.019874418,12.626927,0.0,Dec,2,2,1,9,Returning_Visitor,False,False
0.0,0.0,0.0,0.0,18.0,571.5211,0.012412462,0.03625174,0.0,0.0,Jul,4,2,1,3,Returning_Visitor,False,False
5.0,200.8241,0.0,0.0,42.15579,1367.9415,0.021483837,0.030778691,0.0,0.0,Aug,3,2,1,3,Returning_Visitor,False,False
3.0,63.046627,1.0,98.414505,25.0,711.43945,0.0,0.017957427,0.0,0.0,Nov,2,2,1,2,Returning_Visitor,False,False
0.0,0.0,0.0,0.0,22.09165,600.8109,0.006949502,0.035680313,0.0,0.0,Jul,4,1,9,2,Returning_Visitor,False,False
3.0,46.192078,0.0,0.0,29.632387,1256.4878,0.0,0.012873056,16.306818,0.0,Dec,2,2,1,2,New_Visitor,False,False
0.0,0.0,0.0,0.0,13.0,241.52803,0.027389456,0.06664592,0.0,0.0,Dec,2,2,9,3,Returning_Visitor,False,False
0.0,0.0,0.0,0.0,16.0,473.7012,0.0,0.02640043,0.0,0.0,Nov,2,2,1,13,Returning_Visitor,False,False
3.0,66.57374,0.0,0.0,23.0,562.56476,0.0,0.017575879,0.0,0.0,Aug,2,2,2,10,Returning_Visitor,False,False
1.0,0.0,0.0,0.0,15.0,242.19542,0.0,0.02,0.0,0.0,Aug,4,1,3,2,Returning_Visitor,False,False
0.0,0.0,0.0,0.0,27.0,675.16364,0.0,0.026562799,0.0,0.0,Nov,2,2,1,2,Returning_Visitor,False,False
3.0,49.252346,0.0,0.0,24.564716,787.55536,0.0,0.01106765,0.0,0.0,June,2,2,7,1,Returning_Visitor,False,False
0.0,0.0,0.0,0.0,8.0,179.54301,0.014285714,0.049408983,0.0,0.0,Dec,3,1,6,2,Returning_Visitor,False,False
4.0,71.54586,0.0,0.0,41.0,1030.5048,0.0,0.011764706,19.94714,0.0,Nov,2,2,1,2,Returning_Visitor,False,True
0.0,0.0,0.0,0.0,17.0,291.89725,0.022994122,0.05015098,0.0,0.0,Nov,2,2,1,1,Returning_Visitor,False,False
3.0,40.24433,0.0,0.0,16.0,628.63306,0.0,0.016002545,0.0,0.0,Nov,2,2,2,2,Returning_Visitor,False,True
0.0,0.0,0.0,0.0,24.0,587.7661,0.0049120765,0.031199185,0.0,0.0,Nov,3,2,1,3,Returning_Visitor,False,False
3.0,46.589348,0.0,0.0,23.0,552.3178,0.0,0.023582438,0.0,0.0,Dec,2,2,1,2,Returning_Visitor,False,False
0.0,0.0,0.0,0.0,26.0,662.73865,0.015354287,0.04,0.0,0.0,Dec,2,2,4,1,Returning_Visitor,False,False
0.0,0.0,0.0,0.0,12.0,297.41122,0.05,0.07228548,0.0,0.0,Aug,1,2,1,3,Returning_Visitor,False,False
4.0,148.67952,2.0,32.364845,38.07573,1310.6356,0.0063030017,0.022222223,0.0,0.0,Nov,2,2,1,2,Returning_Visitor,False,False
1.0,15.348699,0.0,0.0,17.0,606.4329,0.02394159,0.05,0.0,0.0,Dec,2,2,4,3,Returning_Visitor,False,False
0.0,0.0,0.0,0.0,29.0,605.1493,0.0,0.007193255,5.7954974,0.0,May,2,2,3,2,Returning_Visitor,False,True
0.0,0.0,0.0,0.0,27.0,468.6441,0.0,0.027947906,0.0,0.0,Dec,7,2,1,2,Returning_Visitor,False,False
3.0,64.40589,0.0,0.0,34.0,675.33514,0.0,0.014285714,0.0,0.0,Aug,1,2,9,2,Returning_Visitor,False,False
0.0,0.0,0.0,0.0,18.802639,529.9467,0.024969753,0.045840424,0.0,0.0,Nov,2,2,1,1,Returning_Visitor,False,False
0.0,0.0,0.0,0.0,26.0,763.1801,0.0,0.024550254,9.487415,0.0,Sep,2,2,1,1,Returning_Visitor,False,False
3.9464564,62.137264,0.0,0.0,14.0,415.15005,0.0,0.017545694,0.0,0.0,Jul,2,2,1,2,Returning_Visitor,False,False
0.0,0.0,0.0,0.0,20.0,326.35492,0.015857514,0.05,0.0,0.0,Jul,1,1,4,9,Returning_Visitor,False,False
4.0,56.40158,0.0,0.0,31.0,804.4732,0.0,0.008443982,0.0,0.0,Aug,2,2,1,2,New_Visitor,False,False
0.0,0.0,0.0,0.0,22.0,715.4662,0.02112365,0.05,0.0,0.0,Nov,3,2,7,1,Returning_Visitor,False,False
0.0,0.0,0.0,0.0,30.093603,1183.3737,0.0142062055,0.036313754,0.0,0.0,Dec,2,2,4,1,Returning_Visitor,False,False
2.0,36.47544,0.0,0.0,16.0,606.904,0.0053659906,0.025079602,0.0,0.0,Dec,2,2,1,10,Returning_Visitor,False,False
3.0,49.68817,0.0,0.0,58.209026,2460.2576,0.0,0.016666668,5.359629,0.0,Nov,2,2,1,1,Returning_Visitor,False,True
0.0,0.0,0.0,0.0,8.0,185.27325,0.0,0.04,0.0,0.0,Dec,2,2,9,2,Returning_Visitor,False,False
0.0,0.0,0.0,0.0,14.0,539.23206,0.020245414,0.054696895,0.0,0.0,Dec,2,2,1,1,Returning_Visitor,False,False
4.0,59.662964,0.0,0.0,29.0,745.1455,0.013333333,0.030977696,0.0,0.0,Sep,2,2,1,1,Returning_Visitor,False,False
0.0,0.0,0.0,0.0,22.0,552.4937,0.018181818,0.04484252,0.0,0.0,Aug,2,2,1,13,Returning_Visitor,False,False
0.0,0.0,0.0,0.0,13.0,594.4649,0.0,0.027644793,0.0,0.0,Sep,4,2,9,3,Returning_Visitor,False,False
3.0,59.97101,0.0,0.0,43.27641,1780.8802,0.012817981,0.03333333,9.076308,0.0,Aug,1,1,1,1,Returning_Visitor,False,False
0.0,0.0,0.0,0.0,24.0,592.2099,0.0,0.020156212,0.0,0.0,Dec,2,4,1,1,New_Visitor,False,False
2.0,140.86363,0.0,0.0,26.0,587.7164,0.0,0.011111111,0.0,0.0,Aug,1,1,6,2,Returning_Visitor,False,False
0.0,0.0,0.0,0.0,20.0,555.502,0.0,0.03333333,0.0,0.0,Nov,2,2,1,1,Returning_Visitor,False,False
0.0,0.0,0.0,0.0,2.0,0.0,0.2,0.2,0.0,0.0,Dec,3,2,1,13,Returning_Visitor,False,False
0.0,0.0,0.0,0.0,31.0,806.16064,0.0,0.024586009,0.0,0.0,Dec,2,2,1,19,Returning_Visitor,False,False
0.0,0.0,0.0,0.0,23.0,364.04346,0.016802024,0.044082195,0.0,0.0,Aug,2,2,1,1,Returning_Visitor,False,False
0.0,0.0,0.0,0.0,26.0,726.0023,0.006181643,0.025,0.0,0.0,Mar,2,2,1,1,Returning_Visitor,False,False
0.0,0.0,0.0,0.0,20.0,683.2368,0.0,0.027275486,0.0,0.0,Dec,2,2,1,8,Returning_Visitor,False,False
0.0,0.0,0.0,0.0,27.0,701.6427,0.009090909,0.03333333,0.0,0.0,Dec,2,2,1,2,Returning_Visitor,False,False
3.0,67.24757,0.0,0.0,37.0,844.08936,0.0,0.01503081,8.895813,0.0,Nov,2,2,7,1,Returning_Visitor,False,False
2.3260102,69.382484,0.0,0.0,39.0,1111.232,0.0,0.011111111,17.650385,0.0,Dec,2,2,7,1,Returning_Visitor,False,True
0.0,0.0,0.0,0.0,8.0,182.10074,0.0,0.034023046,0.0,0.0,Nov,2,2,4,2,Returning_Visitor,False,False
2.0,59.907642,0.0,0.0,24.174356,495.01996,0.025,0.04851147,0.0,0.0,Nov,2,2,3,1,Returning_Visitor,False,False
2.0,31.318516,0.0,0.0,55.508823,1933.8086,0.0,0.011111111,8.882717,0.0,Dec,2,2,2,2,Returning_Visitor,False,True
3.0,66.09103,0.0,0.0,32.357,881.86664,0.0,0.015885478,16.325619,0.0,Dec,1,1,2,1,Returning_Visitor,False,False
0.0,0.0,0.0,0.0,23.74866,630.6051,0.0,0.025435103,0.0,0.0,Nov,2,2,1,3,Returning_Visitor,False,False
3.0,52.934925,0.0,0.0,50.038155,1669.5198,0.0,0.015385164,0.0,0.0,Nov,2,2,7,2,Returning_Visitor,False,False
0.0,0.0,0.0,0.0,22.0,644.7335,0.0,0.025,0.0,0.0,Nov,2,2,8,1,Returning_Visitor,False,False
0.0,0.0,0.0,0.0,2.0,0.0,0.2,0.2,0.0,0.0,Dec,3,2,2,1,Returning_Visitor,False,False
0.0,0.0,0.0,0.0,7.0,122.41941,0.0,0.04,0.0,0.0,Nov,2,2,7,9,Returning_Visitor,False,False
0.0,0.0,0.0,0.0,21.0,426.3953,0.0,0.015962822,0.0,0.0,Dec,3,2,1,2,Returning_Visitor,False,False
0.0,0.0,0.0,0.0,13.0,252.42093,0.0021579422,0.05,0.0,0.0,Dec,1,4,6,2,Returning_Visitor,False,False
0.0,0.0,0.0,0.0,7.0,286.3017,0.0,0.0384632,0.0,0.0,Nov,4,1,9,13,Returning_Visitor,False,False
3.0,105.90823,0.0,0.0,77.73885,3456.7349,0.0067275767,0.01701745,0.0,0.0,Dec,1,2,1,13,Returning_Visitor,False,False
0.0,0.0,0.0,0.0,18.0,549.99115,0.0,0.02909226,0.0,0.0,Nov,2,2,1,3,Returning_Visitor,False,False
0.0,0.0,0.0,0.0,13.0,252.75616,0.04,0.05996568,0.0,0.0,Jul,1,4,9,1,Returning_Visitor,False,False
0.0,0.0,0.0,0.0,24.0,340.19916,0.0,0.03385891,0.0,0.0,Dec,4,1,7,1,Returning_Visitor,False,False
0.0,0.0,0.0,0.0,23.216452,620.78204,0.02027063,0.04,0.0,0.0,Dec,2,2,4,13,Returning_Visitor,False,False
4.0,98.678635,0.0,0.0,26.0,977.6491,0.0,0.017817365,0.0,0.0,Aug,2,2,9,13,Returning_Visitor,False,False
4.0,94.93769,2.0,65.18279,44.17686,1082.3766,0.009090909,0.021995327,332.8552,0.0,Aug,3,2,1,9,Returning_Visitor,True,False
0.0,0.0,0.0,0.0,30.0,694.53876,0.0,0.010868683,0.0,0.0,Dec,3,2,1,3,Returning_Visitor,False,False
2.0,26.673399,0.0,0.0,24.0,585.5351,0.013364704,0.03333333,0.0,0.0,Nov,2,2,1,1,Returning_Visitor,False,False
2.0,62.916595,0.0,0.0,34.0,869.7037,0.0,0.0178656,0.0,0.0,Sep,2,2,9,1,Returning_Visitor,False,False
2.0,24.999079,2.0,14.126437,26.0,822.9088,0.008144314,0.03333333,0.0,0.0,Nov,2,2,7,2,Returning_Visitor,False,True
0.0,0.0,0.0,0.0,15.0,270.22153,0.019586362,0.028571429,0.0,0.0,Nov,1,1,1,1,Returning_Visitor,False,False
0.0,0.0,0.0,0.0,30.0,659.6651,0.0,0.016666668,0.0,0.0,Dec,2,2,1,2,Returning_Visitor,False,False
4.0,75.55129,0.0,0.0,37.06863,745.6622,0.004012642,0.016666668,0.0,0.0,Jul,2,2,1,13,Returning_Visitor,False,False
2.0,32.67553,0.0,0.0,30.0,685.53455,0.0,0.015640348,0.0,0.0,Dec,4,1,4,13,Returning_Visitor,False,False
3.0,72.94535,0.0,0.0,23.0,615.4775,0.0,0.016572116,0.0,0.0,Nov,2,2,3,10,Returning_Visitor,False,False
2.0,30.853054,0.0,0.0,39.0,1671.6473,0.0,0.015435799,0.0,0.0,Dec,4,1,1,2,Returning_Visitor,False,False
3.0,47.466988,0.0,0.0,21.0,717.0783,0.0,0.018616067,0.0,0.0,Dec,2,2,4,1,Returning_Visitor,False,False
3.0,76.20132,0.0,0.0,31.0,768.93475,0.012644783,0.022449266,0.0,0.0,Nov,4,2,1,2,Returning_Visitor,False,False
0.0,0.0,0.0,0.0,14.2164755,288.40887,0.0,0.02910812,0.0,0.0,Dec,2,2,7,2,Returning_Visitor,False,False
2.0,43.80442,0.0,0.0,21.0,331.7643,0.0,0.01831727,0.0,0.0,Aug,3,2,1,8,Returning_Visitor,False,False
0.0,0.0,0.0,0.0,22.0,551.126,0.0,0.018181818,0.0,0.0,Mar,2,2,4,2,Returning_Visitor,False,True
4.0,107.51981,0.0,0.0,39.0,1654.263,0.0049323714,0.01832626,0.0,0.0,Nov,2,2,1,8,Returning_Visitor,False,False
0.0,0.0,0.0,0.0,39.0,1852.7969,0.0,0.020190803,10.160129,0.0,Dec,4,2,1,2,Returning_Visitor,False,False
0.0,0.0,0.0,0.0,14.0,278.23553,0.01897205,0.053013746,0.0,0.0,May,2,4,7,1,Returning_Visitor,False,False
0.0,0.0,0.0,0.0,37.0,1554.6506,0.005548548,0.01771694,0.0,0.0,Aug,4,2,1,1,Returning_Visitor,False,False
0.0,0.0,0.0,0.0,32.0,655.96594,0.0055526504,0.025,0.0,0.0,Nov,4,2,9,2,Returning_Visitor,False,False
2.0,32.209908,0.0,0.0,13.0,414.10046,0.0,0.027565595,0.0,0.0,Dec,2,2,7,3,Returning_Visitor,False,False
0.0,0.0,0.0,0.0,29.696888,627.1576,0.0,0.016666668,0.0,0.0,Nov,2,2,1,13,Returning_Visitor,False,False
3.0,44.64116,0.0,0.0,26.0,588.9948,0.0,0.018154304,0.0,0.0,Aug,2,2,1,2,Returning_Visitor,False,False
0.0,0.0,0.0,0.0,24.0,674.6574,0.005171199,0.03231586,0.0,0.0,Aug,2,2,1,2,Returning_Visitor,False,False
2.0,49.90083,0.0,0.0,23.0,673.9371,0.0,0.017353,0.0,0.0,Dec,4,1,7,13,Returning_Visitor,False,False
0.0,0.0,0.0,0.0,17.0,422.06073,0.0,0.036110353,0.0,0.0,Nov,4,1,1,1,Returning_Visitor,False,False
0.0,0.0,0.0,0.0,36.0,750.36163,0.0,0.027306575,0.0,0.0,Dec,2,2,3,1,Returning_Visitor,False,False
0.0,0.0,0.0,0.0,7.0,168.62175,0.0,0.052363843,0.0,0.0,Nov,4,4,9,1,Returning_Visitor,False,False
3.0,67.50823,0.0,0.0,27.0,656.7476,0.0,0.01059313,0.0,0.0,Nov,1,2,1,9,Returning_Visitor,False,True
4.0,76.51144,0.0,0.0,45.0,1879.8616,0.0044636745,0.020586723,0.0,0.0,Dec,2,4,1,2,Returning_Visitor,False,False
0.0,0.0,0.0,0.0,24.0,733.67004,0.0,0.01551029,0.0,0.0,Dec,1,2,4,2,Returning_Visitor,False,False
0.0,0.0,0.0,0.0,23.0,670.80316,0.0,0.026400255,0.0,0.0,Nov,1,1,1,1,Returning_Visitor,False,False
0.0,0.0,0.0,0.0,20.0,522.68976,0.004823919,0.03173937,0.0,0.0,Aug,2,2,1,2,Returning_Visitor,False,False
0.0,0.0,0.0,0.0,16.0,290.73215,0.0,0.011812638,0.0,0.0,Aug,1,1,1,9,Returning_Visitor,True,False
0.0,0.0,0.0,0.0,13.0,202.57378,0.01106005,0.045036737,0.0,0.0,Dec,1,1,1,19,Returning_Visitor,True,False
0.0,0.0,0.0,0.0,11.0,361.35358,0.0,0.028571429,0.0,0.0,Nov,4,2,1,2,Returning_Visitor,False,False
0.0,0.0,0.0,0.0,15.0,497.59033,0.0,0.023486964,0.0,0.0,Nov,2,2,1,1,Returning_Visitor,False,False
2.0,55.993492,1.0,0.0,56.0,2321.9714,0.009962304,0.030053474,0.0,0.0,Dec,2,2,1,1,Returning_Visitor,False,False
5.0,125.456985,0.0,0.0,43.0,1382.8641,0.0040673274,0.014285614,0.0,0.0,Nov,2,2,1,2,Returning_Visitor,True,False
2.0,26.533543,0.0,0.0,21.0,385.23965,0.0,0.015433697,0.0,0.0,Aug,2,2,7,2,Returning_Visitor,False,False
0.0,0.0,0.0,0.0,27.0,682.05774,0.016666668,0.04,0.0,0.0,Nov,2,5,1,13,Returning_Visitor,False,False
0.0,0.0,0.0,0.0,19.61317,539.3074,0.0,0.01612144,0.0,0.0,Nov,2,4,1,20,Returning_Visitor,False,False
3.0,40.323994,0.0,0.0,19.0,605.632,0.0,0.011836963,0.0,0.0,Dec,2,2,1,2,Returning_Visitor,False,False
0.0,0.0,0.0,0.0,17.228031,284.2385,0.0,0.026661256,0.0,0.0,Aug,4,2,3,2,Returning_Visitor,False,False
2.0,31.421106,0.0,0.0,10.0,166.49466,0.0,0.031853568,0.0,0.0,Dec,2,2,4,1,Returning_Visitor,False,False
0.0,0.0,0.0,0.0,21.0,573.32654,0.0,0.030291151,0.0,0.0,Nov,2,2,4,13,Returning_Visitor,False,False
3.0,55.85541,0.0,0.0,28.0,674.9875,0.0,0.01817884,0.0,0.0,Dec,2,2,1,2,Returning_Visitor,False,False
0.0,0.0,0.0,0.0,28.0,733.80695,0.0,0.02497934,0.0,0.0,Dec,2,1,1,1,Returning_Visitor,False,False
3.0,66.355774,0.0,0.0,50.258755,1748.5651,0.0,0.016666668,7.9422894,0.0,Dec,2,2,7,2,Returning_Visitor,False,False
0.0,0.0,0.0,0.0,17.022041,355.3717,0.016024271,0.036746427,0.0,0.0,Dec,4,4,3,3,Returning_Visitor,False,False
0.0,0.0,0.0,0.0,14.0,310.31976,0.0,0.026690762,0.0,0.0,Nov,3,2,1,13,Returning_Visitor,True,False
0.0,0.0,0.0,0.0,40.33371,1174.7557,0.0050613414,0.020106984,0.0,0.0,Nov,2,2,7,2,Returning_Visitor,False,False
3.0,97.532455,0.0,0.0,26.0,569.6042,0.015225829,0.027718918,0.0,0.0,Dec,1,1,1,20,Returning_Visitor,False,False
0.0,0.0,0.0,0.0,18.843819,583.96497,0.0,0.015401902,0.0,0.0,Dec,2,2,7,2,Returning_Visitor,False,False
0.0,0.0,0.0,0.0,26.0,695.65155,0.009994987,0.031226438,0.0,0.0,Dec,2,2,3,2,Returning_Visitor,False,False
0.0,0.0,0.0,0.0,26.0,706.39,0.0,0.027649133,0.0,0.0,Nov,2,2,3,2,Returning_Visitor,False,False
0.0,0.0,0.0,0.0,19.375599,455.51318,0.0,0.03333333,0.0,0.0,Dec,2,2,7,1,Returning_Visitor,False,False
4.0,86.53281,0.0,0.0,17.0,529.65674,0.0,0.011449212,0.0,0.0,Dec,2,2,7,2,New_Visitor,False,False
0.0,0.0,0.0,0.0,10.203489,221.63112,0.0,0.03988841,0.0,0.0,Dec,1,1,3,2,Returning_Visitor,False,False
0.0,0.0,0.0,0.0,40.0,828.56726,0.0,0.016666668,0.0,0.0,Aug,4,1,4,1,Returning_Visitor,False,False
0.0,0.0,0.0,0.0,8.0,110.35065,0.055857353,0.07783801,0.0,0.0,Aug,1,4,1,3,Returning_Visitor,False,False
2.0,25.772526,0.0,0.0,6.0,76.33009,0.0,0.02334122,0.0,0.0,Dec,7,2,7,2,New_Visitor,False,False
4.0,101.97855,0.0,0.0,28.0,526.0354,0.0,0.026886439,0.0,0.0,Dec,2,2,2,1,Returning_Visitor,False,False
0.0,0.0,0.0,0.0,27.0,701.6573,0.0,0.016666668,0.0,0.0,Dec,2,2,4,8,Returning_Visitor,False,False
0.0,0.0,0.0,0.0,25.0,660.63605,0.007692308,0.019021317,0.0,0.0,Nov,1,2,1,2,Returning_Visitor,False,False
0.0,0.0,0.0,0.0,17.0,662.8587,0.014699678,0.046056222,0.0,0.0,Nov,2,3,1,3,Returning_Visitor,False,False
2.0,46.277134,0.0,0.0,38.29789,855.0053,0.0041658813,0.026069453,0.0,0.0,Nov,1,1,6,1,Returning_Visitor,False,False
0.0,0.0,0.0,0.0,35.0,1191.3905,0.0,0.013333333,0.0,0.0,Nov,2,2,7,20,New_Visitor,False,False
0.0,0.0,0.0,0.0,40.0,765.63257,0.007464877,0.027246712,0.0,0.0,Aug,2,2,1,3,Returning_Visitor,False,False
0.0,0.0,0.0,0.0,9.0,226.77722,0.0,0.05,0.0,0.0,Dec,2,2,1,3,Returning_Visitor,False,False
0.0,0.0,0.0,0.0,8.0,209.49225,0.0,0.029224368,0.0,0.0,Aug,2,2,1,13,Returning_Visitor,False,False
0.0,0.0,0.0,0.0,9.0,268.3098,0.0,0.031015063,0.0,0.0,Dec,2,2,2,3,Returning_Visitor,False,False
4.0,67.50114,0.0,0.0,36.0,1167.2202,0.0125,0.025136495,0.0,0.0,Nov,7,2,1,2,Returning_Visitor,False,False
0.0,0.0,0.0,0.0,11.0,186.98071,0.0,0.03333333,0.0,0.0,Nov,2,2,6,2,Returning_Visitor,False,False
0.0,0.0,0.0,0.0,41.572643,989.5655,0.0,0.021048676,0.0,0.0,Dec,4,8,1,2,Returning_Visitor,False,False
2.0,53.16744,0.0,0.0,11.0,265.38214,0.0,0.014285714,0.0,0.0,Dec,2,2,1,2,Returning_Visitor,False,False
4.0,69.71163,0.0,0.0,38.399673,804.5618,0.0041503226,0.016666668,17.736383,0.0,Aug,1,2,1,1,Returning_Visitor,False,False
0.0,0.0,0.0,0.0,23.0,345.73276,0.0,0.021395974,0.0,0.0,Dec,2,2,1,1,Returning_Visitor,False,False
0.0,0.0,0.0,0.0,29.0,592.9954,0.0059797596,0.025,0.0,0.0,May,2,2,1,1,Returning_Visitor,False,False
3.0,57.60147,0.0,0.0,21.0,570.8246,0.0,0.009903645,0.0,0.0,Jul,2,2,1,2,New_Visitor,False,False
3.0,54.041527,0.0,0.0,23.0,577.949,0.012173321,0.022222223,0.0,0.0,Aug,3,2,9,2,Returning_Visitor,False,False
0.0,0.0,0.0,0.0,23.0,502.85275,0.016666668,0.042829208,0.0,0.0,Dec,3,2,1,1,Returning_Visitor,False,False
0.0,0.0,0.0,0.0,22.75025,547.7578,0.0,0.027632844,0.0,0.0,Nov,1,2,1,2,Returning_Visitor,False,False
0.0,0.0,0.0,0.0,17.742065,517.1066,0.0,0.021328647,0.0,0.0,Nov,2,2,1,1,Returning_Visitor,False,False
4.0,107.9846,0.0,0.0,56.0,2535.0222,0.006398123,0.022222223,0.0,0.0,Dec,2,2,1,2,Returning_Visitor,False,False
2.0,27.897158,0.0,0.0,45.0,1557.5415,0.007692308,0.02,0.0,0.0,Dec,3,2,1,1,Returning_Visitor,False,False
0.0,0.0,0.0,0.0,14.0,593.1327,0.0,0.03333333,0.0,0.0,Aug,1,2,1,3,Returning_Visitor,False,False
5.0,87.80928,0.0,0.0,28.871515,682.6731,0.0,0.015945552,0.0,0.0,Nov,2,2,1,13,Returning_Visitor,False,False
0.0,0.0,0.0,0.0,14.0,269.20007,0.018518921,0.04,0.0,0.0,Nov,1,1,9,8,Returning_Visitor,False,False
1.0,0.0,0.0,0.0,43.176003,881.3305,0.0,0.024891505,0.0,0.0,Dec,2,4,1,1,Returning_Visitor,False,False
0.0,0.0,0.0,0.0,15.0,301.38782,0.0104132965,0.037485883,0.0,0.0,May,2,2,1,13,Returning_Visitor,False,False
0.0,0.0,0.0,0.0,11.0,222.95848,0.026953634,0.055433016,0.0,0.0,Dec,2,2,7,1,Returning_Visitor,False,False
0.0,0.0,0.0,0.0,16.0,296.56314,0.0,0.015947135,0.0,0.0,Dec,2,2,1,13,Returning_Visitor,False,False
1.0,26.197353,0.0,0.0,29.0,811.29083,0.0,0.016666668,0.0,0.0,Nov,1,2,1,2,Returning_Visitor,False,False
3.0,56.230465,0.0,0.0,28.0,781.9564,0.008333333,0.024941586,0.0,0.0,Jul,4,1,4,13,Returning_Visitor,False,False
3.0,50.772137,0.0,0.0,27.0,748.2642,0.0,0.009719207,0.0,0.0,Nov,2,2,9,2,Returning_Visitor,False,False
2.0,44.631454,0.0,0.0,27.0,617.17804,0.0,0.012910828,0.0,0.0,Nov,1,1,2,2,Returning_Visitor,False,False
2.0,12.050029,0.0,0.0,19.411486,510.0069,0.007135809,0.028571429,0.0,0.0,Aug,2,4,8,2,Returning_Visitor,False,False
2.0,50.01489,0.0,0.0,29.546177,679.35034,0.010486733,0.02,0.0,0.0,Nov,2,2,9,2,Returning_Visitor,False,False
0.0,0.0,0.0,0.0,16.0,569.2754,0.0,0.01821716,0.0,0.0,Nov,7,2,7,13,Returning_Visitor,False,False
3.0,46.108677,0.0,0.0,37.655537,835.11365,0.00038897965,0.024543038,0.0,0.0,Aug,2,2,2,2,Returning_Visitor,False,True
0.0,0.0,0.0,0.0,37.448166,792.38324,0.011111111,0.026966425,0.0,0.0,Nov,1,2,4,13,Returning_Visitor,False,False
0.0,0.0,0.0,0.0,28.0,767.7496,0.0131368805,0.038027946,0.0,0.0,Nov,2,4,1,2,Returning_Visitor,True,False
4.0,144.52184,0.0,0.0,31.0,1453.0671,0.0,0.011111111,0.0,0.0,Nov,1,2,1,2,Returning_Visitor,False,False
2.0,48.5822,0.0,0.0,25.177052,641.00385,0.01185859,0.02662212,0.0,0.0,Dec,2,2,1,1,Returning_Visitor,False,False
0.0,0.0,0.0,0.0,47.0,1345.2886,0.01154264,0.030094877,7.348861,0.0,Nov,2,2,1,13,Returning_Visitor,False,False
0.0,0.0,0.0,0.0,25.121904,371.6934,0.0,0.02,0.0,0.0,Dec,2,2,1,2,Returning_Visitor,False,True
0.0,0.0,0.0,0.0,43.0,1023.3664,0.0,0.020665374,0.0,0.0,Nov,2,2,1,1,Returning_Visitor,False,False
1.0,40.93112,0.0,0.0,37.0,1510.1311,0.018091321,0.031116331,0.0,0.0,Nov,3,2,7,13,Returning_Visitor,False,False
0.0,0.0,0.0,0.0,25.0,440.6966,0.016658776,0.03689365,0.0,0.0,Aug,3,2,1,1,Returning_Visitor,False,False
0.0,0.0,0.0,0.0,21.0,317.49036,0.0,0.033941355,0.0,0.0,Dec,2,2,6,20,Returning_Visitor,False,False
0.0,0.0,0.0,0.0,15.0,350.0816,0.0,0.016666668,0.0,0.0,Nov,2,2,2,2,Returning_Visitor,False,False
4.0,96.35433,0.0,0.0,37.0,763.3997,0.0051289457,0.022640733,0.0,0.0,Dec,4,2,4,2,Returning_Visitor,False,False
2.0,41.971523,0.0,0.0,89.10078,3006.3389,0.0051542516,0.020500565,0.0,0.0,Nov,2,2,1,2,Returning_Visitor,False,True
1.0,0.0,0.0,0.0,21.0,603.48206,0.0,0.023520088,0.0,0.0,Dec,2,2,7,2,Returning_Visitor,False,False
0.0,0.0,0.0,0.0,26.31067,955.84064,0.0,0.020266445,0.0,0.0,Dec,2,2,3,1,Returning_Visitor,False,False
3.0,44.63342,0.0,0.0,29.0,579.29865,0.0,0.017427208,0.0,0.0,Nov,2,2,1,1,Returning_Visitor,False,False
0.0,0.0,0.0,0.0,42.0,732.2971,0.0,0.024443416,0.0,0.0,Nov,4,2,1,2,Returning_Visitor,True,False
4.0,76.49119,0.0,0.0,21.0,810.9668,0.0125,0.027114773,0.0,0.0,Nov,3,2,3,13,Returning_Visitor,False,False
0.0,0.0,0.0,0.0,29.0,477.21548,0.0056993873,0.03378859,0.0,0.0,Dec,2,2,1,2,Returning_Visitor,False,False
0.0,0.0,0.0,0.0,31.0,659.0292,0.015281002,0.03504834,0.0,0.0,Oct,2,4,1,1,Returning_Visitor,False,False
0.0,0.0,0.0,0.0,9.0,163.4072,0.041471418,0.09199918,0.0,0.0,Dec,2,2,1,1,Returning_Visitor,False,False
0.0,0.0,0.0,0.0,7.0,173.30202,0.05,0.06666667,0.0,0.0,Dec,1,1,4,2,Returning_Visitor,False,False
0.0,0.0,0.0,0.0,19.0,636.03375,0.0,0.0341108,0.0,0.0,Nov,2,2,1,9,Returning_Visitor,False,False
0.0,0.0,0.0,0.0,25.0,701.50336,0.0,0.016663022,0.0,0.0,Aug,2,2,1,2,Returning_Visitor,False,False
4.0,122.49078,0.0,0.0,36.0,1648.8333,0.0,0.017370356,32.201023,0.0,Sep,4,1,4,2,Returning_Visitor,False,False
0.0,0.0,0.0,0.0,29.09331,652.1529,0.0,0.020141445,0.0,0.0,Dec,1,2,1,2,Returning_Visitor,False,False
6.0,83.2747,2.0,102.75031,45.59411,1726.0988,0.007631316,0.022222223,0.0,0.0,Nov,4,2,1,2,Returning_Visitor,False,False
6.816118,313.3619,0.0,0.0,38.0,1110.1306,0.0063741966,0.023538506,0.0,0.0,Dec,3,2,4,2,Returning_Visitor,False,False
0.0,0.0,0.0,0.0,24.0,464.27295,0.0125,0.03059071,0.0,0.0,Aug,1,1,7,13,Returning_Visitor,False,False
3.0,76.85719,0.0,0.0,19.0,459.41208,0.0,0.01613269,0.0,0.0,Dec,2,4,7,2,Returning_Visitor,False,False
0.0,0.0,0.0,0.0,13.0,221.22018,0.033763524,0.05,0.0,0.0,Jul,3,2,1,3,Returning_Visitor,False,False
0.0,0.0,0.0,0.0,27.542755,922.486,0.016734034,0.04,0.0,0.0,Aug,6,2,1,1,Returning_Visitor,False,False
0.0,0.0,0.0,0.0,22.0,684.05133,0.015628675,0.03906428,0.0,0.0,Dec,1,2,1,1,Returning_Visitor,False,False
0.0,0.0,0.0,0.0,14.0,285.93222,0.0,0.030834982,0.0,0.0,Nov,2,2,1,1,Returning_Visitor,False,False
0.0,0.0,0.0,0.0,29.635496,859.5074,0.0125,0.021218212,0.0,0.0,Nov,1,4,1,1,Returning_Visitor,False,False
2.0,53.12485,0.0,0.0,17.0,550.6324,0.0,0.0125,0.0,0.0,Nov,3,2,1,8,Returning_Visitor,False,False
0.0,0.0,0.0,0.0,29.0,855.8712,0.009274601,0.021421377,0.0,0.0,Nov,2,1,1,2,Returning_Visitor,True,False
0.0,0.0,0.0,0.0,7.0,275.4621,0.0,0.04641332,0.0,0.0,Dec,2,2,1,1,Returning_Visitor,False,False
0.0,0.0,0.0,0.0,31.0,841.3475,0.0065049543,0.024300015,361.76373,0.0,Nov,2,2,1,19,Returning_Visitor,False,True
0.0,0.0,0.0,0.0,14.0,246.07068,0.0,0.042731244,0.0,0.0,Dec,2,2,9,1,Returning_Visitor,True,False
3.0,60.63609,0.0,0.0,28.0,1128.8429,0.0044107903,0.022689437,0.0,0.0,Nov,2,4,1,13,Returning_Visitor,False,False
2.0,36.286224,0.0,0.0,28.0,695.2176,0.0041403905,0.02078238,15.046082,0.0,Nov,1,1,1,2,Returning_Visitor,False,True
0.0,0.0,0.0,0.0,23.0,363.04556,0.019994581,0.0363608,0.0,0.0,Jul,2,2,9,3,Returning_Visitor,False,False
0.0,0.0,0.0,0.0,18.0,661.62537,0.0,0.030425848,0.0,0.0,Dec,2,2,1,1,Returning_Visitor,False,False
0.0,0.0,0.0,0.0,17.0,295.29715,0.0,0.021340903,0.0,0.0,Nov,2,2,1,15,Returning_Visitor,False,False
4.0,52.3277,0.0,0.0,27.0,412.8475,0.0,0.020718506,0.0,0.0,Jul,2,2,7,1,Returning_Visitor,False,False
0.0,0.0,0.0,0.0,16.0,310.1656,0.0,0.034597285,0.0,0.0,Nov,4,4,4,3,Returning_Visitor,False,False
2.0,75.015076,0.0,0.0,41.724094,1726.9563,0.007421499,0.021414828,8.497407,0.0,Dec,2,2,7,13,Returning_Visitor,True,False
0.0,0.0,0.0,0.0,12.0,242.4619,0.040590014,0.058249038,0.0,0.0,Dec,3,2,2,3,Returning_Visitor,False,False
2.0,44.135075,0.0,0.0,31.0,662.2582,0.0,0.013333333,21.197323,0.0,Aug,4,2,4,2,Returning_Visitor,False,True
3.0,59.1296,0.0,0.0,43.33101,1367.3542,0.0072029354,0.02,9.593227,0.0,Aug,2,2,7,2,Returning_Visitor,False,False
0.0,0.0,0.0,0.0,22.0,783.94574,0.0,0.015490502,0.0,0.0,Oct,2,2,1,1,Returning_Visitor,False,False
0.0,0.0,0.0,0.0,21.699423,817.2986,0.0,0.012519966,0.0,0.0,Jul,2,2,1,3,Returning_Visitor,False,False
6.0,89.535805,2.0,146.51418,108.01061,3828.4434,0.003367261,0.014270435,7.416543,0.0,Nov,2,2,4,2,Returning_Visitor,False,False
0.0,0.0,0.0,0.0,18.695133,626.9001,0.0,0.01928992,0.0,0.0,Nov,3,2,3,2,Returning_Visitor,False,False
0.0,0.0,0.0,0.0,25.0,603.1952,0.0,0.028153608,0.0,0.0,Aug,2,2,4,13,Returning_Visitor,False,False
3.0,104.134575,0.0,0.0,50.54233,1725.8354,0.0,0.016185666,0.0,0.0,Dec,2,2,9,2,Returning_Visitor,False,False
2.0,40.617233,0.0,0.0,44.0,948.32385,0.0055495785,0.009848205,0.0,0.0,Nov,2,2,4,3,Returning_Visitor,False,False
2.0,39.14611,0.0,0.0,27.402704,741.1138,0.0,0.01639204,168.79523,0.0,Dec,2,2,1,2,Returning_Visitor,False,False
2.0,19.72085,0.0,0.0,28.0,1078.9218,0.009823935,0.028571429,0.0,0.0,Dec,1,1,1,3,Returning_Visitor,False,False
2.0,72.79232,0.0,0.0,26.0,574.184,0.0,0.008333333,0.0,0.0,Dec,1,4,1,9,Returning_Visitor,False,False
0.0,0.0,0.0,0.0,48.9241,1869.9302,0.0071378183,0.025,0.0,0.0,Jul,4,2,1,3,Returning_Visitor,False,False
0.0,0.0,0.0,0.0,18.0,717.8833,0.0,0.018227099,0.0,0.0,Aug,2,2,1,2,Returning_Visitor,False,False
0.0,0.0,0.0,0.0,15.805446,288.02853,0.0,0.025,0.0,0.0,Nov,2,2,1,1,Returning_Visitor,False,False
0.0,0.0,0.0,0.0,15.0,282.29572,0.024711775,0.044444446,0.0,0.0,Aug,2,2,1,2,Returning_Visitor,False,False
0.0,0.0,0.0,0.0,19.0,1084.8303,0.0,0.014793517,0.0,0.0,Nov,2,2,1,13,Returning_Visitor,False,False
0.0,0.0,0.0,0.0,5.0,86.44261,0.0,0.05797532,0.0,0.0,Nov,2,5,1,1,Returning_Visitor,False,False
3.0,71.865265,0.0,0.0,26.843676,572.29266,0.008597585,0.028571429,0.0,0.0,Nov,3,2,9,1,Returning_Visitor,False,False
6.0,155.13849,0.0,0.0,41.298565,1321.091,0.0046668677,0.016666668,12.287824,0.0,Dec,1,2,1,2,Returning_Visitor,False,True
0.0,0.0,0.0,0.0,33.0,568.7174,0.013984597,0.037235055,0.0,0.0,Dec,3,2,1,1,Returning_Visitor,False,False
2.0,77.75734,0.0,0.0,35.98891,1120.9471,0.011667718,0.03156675,0.0,0.0,Sep,2,2,1,3,Returning_Visitor,False,False
0.0,0.0,0.0,0.0,14.0,499.84857,0.018130273,0.035082743,0.0,0.0,Aug,3,2,3,8,Returning_Visitor,False,False
0.0,0.0,0.0,0.0,26.0,947.49274,0.0,0.00711559,0.0,0.0,Nov,2,2,1,2,Returning_Visitor,False,False
3.0,67.10646,0.0,0.0,16.0,591.92395,0.010887542,0.025457542,0.0,0.0,Dec,1,4,1,2,Returning_Visitor,False,False
3.0,75.21187,0.0,0.0,28.0,693.4549,0.017885666,0.034916747,0.0,0.0,Dec,3,2,1,1,Returning_Visitor,False,False
3.0,46.78577,0.0,0.0,33.0,765.94653,0.0,0.01443356,0.0,0.0,Nov,2,4,1,2,Returning_Visitor,False,False
0.0,0.0,0.0,0.0,17.0,477.79205,0.023868186,0.035223756,0.0,0.0,Aug,4,2,1,2,Returning_Visitor,False,False
0.0,0.0,0.0,0.0,16.0,487.19193,0.025,0.059976555,0.0,0.0,Dec,2,2,1,1,Returning_Visitor,False,False
4.0,82.26482,0.0,0.0,28.0,653.2288,0.004552142,0.02,0.0,0.0,Sep,2,2,9,13,Returning_Visitor,False,False
0.0,0.0,0.0,0.0,20.36374,547.4395,0.019167867,0.03333333,0.0,0.0,Dec,1,2,1,1,Returning_Visitor,False,False
4.0,72.216896,0.0,0.0,43.0,1296.0098,0.0,0.017420754,0.0,0.0,Dec,4,2,1,2,Returning_Visitor,False,False
0.0,0.0,0.0,0.0,10.0,245.80289,0.026435914,0.0402704,0.0,0.0,Nov,1,2,9,2,Returning_Visitor,False,False
2.0,43.253216,0.0,0.0,40.0,1137.9126,0.0,0.014216691,0.0,0.0,Dec,2,2,1,4,Returning_Visitor,False,False
1.0,4.1912136,0.0,0.0,13.0,245.41881,0.0,0.022222223,0.0,0.0,Aug,2,7,1,9,Returning_Visitor,False,False
0.0,0.0,0.0,0.0,33.0,618.4956,0.0,0.02045475,0.0,0.0,Nov,2,2,7,9,Returning_Visitor,False,False
0.0,0.0,0.0,0.0,12.0,283.1972,0.0,0.03593356,0.0,0.0,Dec,2,2,1,1,Returning_Visitor,False,False
0.0,0.0,0.0,0.0,13.0,287.37787,0.0,0.05305101,0.0,0.0,Dec,1,1,9,1,Returning_Visitor,False,False
0.0,0.0,0.0,0.0,24.187796,411.5257,0.0,0.021644061,0.0,0.0,Dec,4,1,1,9,Returning_Visitor,False,False
2.0,33.25354,0.0,0.0,16.0,448.44327,0.0,0.017141929,0.0,0.0,Nov,2,2,7,2,Returning_Visitor,False,False
0.0,0.0,0.0,0.0,8.0,138.9222,0.0,0.03333333,0.0,0.0,Dec,2,2,1,9,Returning_Visitor,False,False
0.0,0.0,0.0,0.0,24.0,434.08105,0.014943308,0.029936932,0.0,0.0,Nov,1,1,6,3,Returning_Visitor,False,False
0.0,0.0,0.0,0.0,43.0,1247.1478,0.007997878,0.027834522,0.0,0.0,Aug,2,2,7,13,Returning_Visitor,False,False
3.0,83.97881,0.0,0.0,27.0,675.48645,0.0,0.010135774,0.0,0.0,Mar,1,1,4,1,Returning_Visitor,False,False
1.0,12.251011,0.0,0.0,22.760439,517.65424,0.0,0.027580945,0.0,0.0,Dec,2,2,6,1,Returning_Visitor,False,False
0.0,0.0,0.0,0.0,41.39424,1884.8392,0.013319305,0.04,0.0,0.0,Dec,2,2,1,1,Returning_Visitor,False,False
0.0,0.0,0.0,0.0,26.0,388.3904,0.0,0.027732737,0.0,0.0,Nov,2,2,1,3,Returning_Visitor,False,False
5.0,90.67023,2.0,0.0,48.0,1728.8856,0.0033049826,0.017706022,0.0,0.0,Nov,2,2,1,2,Returning_Visitor,False,False
0.0,0.0,0.0,0.0,17.73861,642.59766,0.0,0.030102419,0.0,0.0,Nov,4,1,4,1,Returning_Visitor,False,False
0.0,0.0,0.0,0.0,17.0,297.1272,0.019334737,0.041364253,0.0,0.0,Aug,2,4,9,3,Returning_Visitor,False,False
0.0,0.0,0.0,0.0,28.0,706.2705,0.015547492,0.035685338,0.0,0.0,Nov,2,2,9,1,Returning_Visitor,False,False
0.0,0.0,0.0,0.0,29.810867,1203.8912,0.0,0.014709998,10.389548,0.0,Aug,2,2,9,1,Returning_Visitor,False,False
5.0,120.219826,0.0,0.0,26.0,697.70496,0.0,0.015674219,0.0,0.0,Dec,2,2,7,1,New_Visitor,False,False
0.0,0.0,0.0,0.0,7.0,141.54387,0.044640247,0.0611698,0.0,0.0,Nov,3,2,6,2,Returning_Visitor,False,False
3.0,89.02984,0.0,0.0,47.0,1710.3481,0.0011853548,0.016666668,0.0,0.0,Dec,2,2,4,2,Returning_Visitor,False,False
0.0,0.0,0.0,0.0,23.0,392.38412,0.0062073255,0.038302068,0.0,0.0,Dec,2,2,1,3,Returning_Visitor,False,False
0.0,0.0,0.0,0.0,27.344381,1039.2184,0.00870939,0.030318538,0.0,0.0,Aug,2,2,3,3,Returning_Visitor,False,False
4.0,114.333084,0.0,0.0,76.70989,2543.3,0.005986599,0.022457838,5.966015,0.0,Dec,2,2,4,2,Returning_Visitor,False,False
0.0,0.0,0.0,0.0,13.0,236.31921,0.0,0.02853544,0.0,0.0,Dec,2,2,3,2,Returning_Visitor,False,False
0.0,0.0,0.0,0.0,12.0,269.1619,0.0,0.020520868,0.0,0.0,Nov,2,2,1,8,Returning_Visitor,True,False
0.0,0.0,0.0,0.0,9.0,221.53256,0.0,0.034757353,0.0,0.0,Jul,2,2,1,3,Returning_Visitor,False,False
5.0,148.95854,0.0,0.0,23.0,548.6495,0.0045167105,0.021182733,0.0,0.0,Sep,4,2,1,2,Returning_Visitor,False,False
7.0,99.81806,0.0,0.0,26.77033,633.5523,0.0,0.014285714,0.0,0.0,Nov,2,2,4,8,Returning_Visitor,False,False
2.0,18.047935,0.0,0.0,11.0,307.4631,0.0,0.030670114,0.0,0.0,Aug,2,2,7,2,Returning_Visitor,False,False
0.0,0.0,0.0,0.0,9.0,201.01881,0.0,0.028457338,0.0,0.0,Dec,4,1,4,8,Returning_Visitor,False,False
0.0,0.0,0.0,0.0,34.0,675.2226,0.0,0.01479262,0.0,0.0,Jul,4,2,3,1,Returning_Visitor,False,False
3.0,47.897003,0.0,0.0,27.0,672.2095,0.0,0.011158704,0.0,0.0,Aug,4,1,4,2,Returning_Visitor,False,True
0.0,0.0,0.0,0.0,24.0,522.9941,0.015511467,0.031827606,0.0,0.0,Dec,2,2,9,13,Returning_Visitor,False,False
0.0,0.0,0.0,0.0,28.0,631.77454,0.0027289484,0.022288952,0.0,0.0,Dec,4,2,1,1,Returning_Visitor,False,False
2.0,48.34058,0.0,0.0,59.597214,2051.4946,0.0,0.011890454,0.0,0.0,Nov,2,4,1,3,Returning_Visitor,False,False
0.0,0.0,0.0,0.0,22.0,714.891,0.0,0.03600153,0.0,0.0,Jul,2,2,1,2,Returning_Visitor,False,False
2.0,46.38573,0.0,0.0,57.212715,2384.537,0.007128098,0.025823066,0.0,0.0,Nov,2,2,1,13,Returning_Visitor,False,False
0.0,0.0,0.0,0.0,2.0,0.0,0.2,0.2,0.0,0.0,Nov,4,2,9,13,Returning_Visitor,False,False
3.0,55.1312,0.0,0.0,44.722694,1531.8402,0.0,0.016448125,11.431334,0.0,Aug,2,2,1,2,Returning_Visitor,False,True
1.0,0.0,0.0,0.0,9.0,225.29024,0.0,0.034182463,0.0,0.0,Aug,1,1,4,2,Returning_Visitor,False,False
2.0,71.39608,0.0,0.0,37.0,1241.8252,0.007237891,0.025082892,0.0,0.0,Dec,2,2,7,2,Returning_Visitor,False,False
3.0,104.60966,0.0,0.0,45.131657,1565.4327,0.0063347034,0.022222223,13.913459,0.0,Jul,2,2,1,1,Returning_Visitor,False,True
2.0,37.052864,0.0,0.0,64.9575,2283.5176,0.0058866655,0.020372827,9.171701,0.0,Jul,2,2,1,1,Returning_Visitor,False,False
0.0,0.0,0.0,0.0,23.0,750.80536,0.0,0.020737568,0.0,0.0,Sep,2,2,1,3,Returning_Visitor,False,False
0.0,0.0,0.0,0.0,23.0,666.37274,0.0,0.022963237,0.0,0.0,May,2,1,1,3,Returning_Visitor,False,False
0.0,0.0,0.0,0.0,19.0,326.7341,0.0,0.027033689,0.0,0.0,Nov,1,4,1,13,Returning_Visitor,False,False
0.0,0.0,0.0,0.0,13.0,248.52718,0.028571429,0.041821145,0.0,0.0,May,1,2,1,3,Returning_Visitor,False,False
0.0,0.0,0.0,0.0,31.0,877.61633,0.0,0.025,0.0,0.0,Aug,2,2,1,1,Returning_Visitor,False,False
0.0,0.0,0.0,0.0,22.0,416.2218,0.0,0.016666668,0.0,0.0,Aug,2,4,9,2,Returning_Visitor,False,False
4.0,98.49677,0.0,0.0,13.0,281.70996,0.0,0.022919098,0.0,0.0,Dec,1,1,1,3,Returning_Visitor,False,False
2.0,44.22717,0.0,0.0,46.0,1747.7858,0.0,0.008333333,21.620266,0.0,Nov,2,2,7,8,Returning_Visitor,False,True
0.0,0.0,0.0,0.0,26.0,633.4807,0.0,0.03207473,0.0,0.0,Dec,2,2,1,1,Returning_Visitor,False,False
0.0,0.0,0.0,0.0,16.0,465.06583,0.0,0.026721746,0.0,0.0,Nov,2,2,1,2,Returning_Visitor,False,False
0.0,0.0,0.0,0.0,45.0,1283.2753,0.011051699,0.025,0.0,0.0,Aug,2,2,7,13,Returning_Visitor,False,False
0.0,0.0,0.0,0.0,18.0,724.5353,0.0,0.028571429,0.0,0.0,May,2,2,6,13,Returning_Visitor,False,False
2.498227,45.910988,0.0,0.0,39.0,1228.4686,0.007961727,0.014318576,0.0,0.0,Dec,3,2,1,2,Returning_Visitor,False,False
0.0,0.0,0.0,0.0,17.0,673.5044,0.0,0.025,0.0,0.0,Nov,2,2,3,9,Returning_Visitor,False,False
0.0,0.0,0.0,0.0,40.352066,897.9176,0.0,0.020550892,0.0,0.0,Aug,4,4,3,2,Returning_Visitor,False,False
0.0,0.0,0.0,0.0,12.0,294.99243,0.027380584,0.054980855,0.0,0.0,Nov,2,1,6,9,Returning_Visitor,False,False
0.0,0.0,0.0,0.0,27.0,602.3968,0.0,0.023890946,0.0,0.0,Dec,2,2,1,1,Returning_Visitor,False,False
0.0,0.0,0.0,0.0,23.0,662.89545,0.0,0.022854121,0.0,0.0,Nov,2,2,9,1,Returning_Visitor,False,False
0.0,0.0,0.0,0.0,34.0,892.66113,0.009858824,0.032234702,0.0,0.0,Dec,2,2,2,1,Returning_Visitor,False,False
1.0,0.0,0.0,0.0,31.0,894.5787,0.0016768348,0.01771535,0.0,0.0,May,2,2,4,1,Returning_Visitor,False,False
0.0,0.0,0.0,0.0,7.0,189.70024,0.0,0.026727373,0.0,0.0,Dec,4,2,1,2,Returning_Visitor,False,False
2.0,26.905308,0.0,0.0,19.737394,308.84433,0.0,0.02439424,0.0,0.0,Aug,1,2,1,2,Returning_Visitor,False,False
4.0,95.400734,0.0,0.0,34.0,1298.8251,0.0044232183,0.011111111,0.0,0.0,Dec,4,2,1,2,Returning_Visitor,False,False
0.0,0.0,0.0,0.0,39.0,899.1052,0.019065933,0.036853727,0.0,0.0,Aug,3,2,1,13,Returning_Visitor,False,False
0.0,0.0,0.0,0.0,16.0,283.58792,0.0,0.027686,0.0,0.0,Nov,1,1,1,2,New_Visitor,False,False
0.0,0.0,0.0,0.0,5.1807203,216.32362,0.0,0.04311505,0.0,0.0,Nov,1,2,1,2,Returning_Visitor,True,False
2.0,45.777374,2.0,145.62497,52.151867,1553.58,0.0060087293,0.02,7.4529943,0.0,Dec,4,2,1,1,Returning_Visitor,False,False
5.0,161.86955,0.0,0.0,44.484074,2294.7463,0.0,0.011111111,0.0,0.0,Aug,2,2,1,2,Returning_Visitor,False,False
0.0,0.0,0.0,0.0,15.0,363.28308,0.0,0.033576697,0.0,0.0,Dec,2,2,4,1,Returning_Visitor,False,False
0.0,0.0,0.0,0.0,20.0,616.75104,0.0,0.025334012,0.0,0.0,Nov,2,2,1,9,Returning_Visitor,False,False
4.0,136.23442,0.0,0.0,45.0,1983.6436,0.003381675,0.016666668,0.0,0.0,Dec,2,2,1,1,Returning_Visitor,False,False
0.0,0.0,0.0,0.0,22.0,812.5683,0.0029498357,0.03234671,0.0,0.0,Nov,2,2,1,9,Returning_Visitor,False,False
0.0,0.0,0.0,0.0,22.0,600.00146,0.0144105945,0.03333333,0.0,0.0,Dec,1,2,1,1,Returning_Visitor,False,False
1.0,14.382478,0.0,0.0,17.331406,397.59818,0.0,0.012468857,0.0,0.0,Dec,2,2,1,1,Returning_Visitor,False,False
3.0,42.251747,0.0,0.0,16.0,241.26657,0.0,0.027486125,0.0,0.0,Aug,4,2,7,1,Returning_Visitor,False,False
0.0,0.0,0.0,0.0,18.0,463.3004,0.0,0.02993851,0.0,0.0,Aug,2,2,7,2,Returning_Visitor,False,False
0.0,0.0,0.0,0.0,42.0,1594.6306,0.018645942,0.042940788,0.0,0.0,Dec,2,2,1,3,Returning_Visitor,False,False
0.0,0.0,0.0,0.0,8.0,223.33353,0.0,0.036848873,0.0,0.0,Nov,2,2,7,2,New_Visitor,False,False
4.0,75.428246,0.0,0.0,34.414753,1206.2711,0.0,0.014285714,11.836693,0.0,May,2,2,2,4,Returning_Visitor,False,True
0.0,0.0,0.0,0.0,22.0,815.1715,0.0,0.022461377,0.0,0.0,Nov,2,2,1,13,Returning_Visitor,False,False
3.0,59.490166,0.0,0.0,24.0,749.1651,0.009860912,0.032296352,0.0,0.0,Jul,2,2,1,1,Returning_Visitor,False,False
0.0,0.0,0.0,0.0,23.0,556.6158,0.029645523,0.057117894,0.0,0.0,Aug,2,2,1,1,Returning_Visitor,False,False
4.0,89.46644,0.0,0.0,11.0,222.63261,0.016666668,0.03333333,0.0,0.0,Dec,3,2,1,2,Returning_Visitor,False,False
0.0,0.0,0.0,0.0,62.355614,1898.825,0.008736543,0.02378059,1.0797224,0.0,Nov,2,2,1,13,Returning_Visitor,False,True
0.0,0.0,0.0,0.0,5.0,109.7716,0.05,0.08076818,0.0,0.0,Dec,4,2,9,1,Returning_Visitor,False,False
0.0,0.0,0.0,0.0,21.0,600.9728,0.0,0.030670438,0.0,0.0,Dec,2,2,1,2,Returning_Visitor,False,False
0.0,0.0,0.0,0.0,19.0,356.31778,0.0,0.01759824,0.0,0.0,Dec,1,1,1,2,Returning_Visitor,True,False
4.0,79.31945,0.0,0.0,33.283356,1013.4082,0.007941126,0.02584975,0.0,0.0,Dec,2,2,8,1,Returning_Visitor,False,False
0.0,0.0,0.0,0.0,14.0,510.27844,0.0,0.023996837,0.0,0.0,Nov,2,2,4,1,Returning_Visitor,False,False
0.0,0.0,0.0,0.0,20.0,734.76953,0.022042312,0.03424587,0.0,0.0,May,1,1,1,3,Returning_Visitor,False,False
3.0,77.223045,0.0,0.0,27.0,771.8386,0.0,0.009712836,0.0,0.0,Mar,2,2,4,13,Returning_Visitor,False,False
0.0,0.0,0.0,0.0,14.0,455.6899,0.0,0.015384615,0.0,0.0,Dec,2,2,1,2,New_Visitor,False,False
4.0,59.63686,0.0,0.0,23.0,588.297,0.0,0.012225132,0.0,0.0,Dec,2,2,7,2,Returning_Visitor,False,False
0.0,0.0,0.0,0.0,28.0,784.1696,0.005212195,0.025,0.0,0.0,Jul,4,2,4,1,Returning_Visitor,False,False
0.0,0.0,0.0,0.0,15.0,513.24945,0.0,0.022616278,0.0,0.0,Dec,3,2,1,13,Returning_Visitor,False,False
2.4411514,36.601826,0.0,0.0,22.0,676.4259,0.0,0.019600624,0.0,0.0,Nov,2,2,1,2,Returning_Visitor,False,False
0.0,0.0,0.0,0.0,11.0,281.91138,0.03333333,0.06409867,0.0,0.0,Nov,2,2,1,1,Returning_Visitor,False,False
3.0,37.273357,0.0,0.0,47.526997,2241.7505,0.0,0.016666668,5.250836,0.0,Nov,2,2,1,2,Returning_Visitor,False,False
2.0,58.055065,0.0,0.0,48.0,1360.6703,0.0004567946,0.0125,11.1797,0.0,Nov,2,2,1,2,Returning_Visitor,False,True
0.0,0.0,0.0,0.0,26.0,678.16864,0.012592352,0.020753894,0.0,0.0,Aug,7,2,1,2,Returning_Visitor,False,False
2.47946,57.113724,0.0,0.0,34.231747,675.1351,0.0,0.019134656,0.0,0.0,Dec,2,2,1,1,Returning_Visitor,False,False
0.0,0.0,0.0,0.0,8.0,186.17397,0.08241561,0.1,0.0,0.0,Jul,1,1,1,3,Returning_Visitor,False,False
3.0,120.304794,0.0,0.0,10.0,330.80286,0.01893813,0.023142202,0.0,0.0,Dec,1,2,9,8,Returning_Visitor,False,False
2.0,95.510796,0.0,0.0,33.0,664.70197,0.0,0.009371712,0.0,0.0,Nov,1,2,1,2,Returning_Visitor,False,False
0.0,0.0,0.0,0.0,19.387794,520.3065,0.0,0.013647758,0.0,0.0,Dec,2,4,4,13,Returning_Visitor,False,False
0.0,0.0,0.0,0.0,20.0,695.61475,0.0,0.029842328,0.0,0.0,Dec,2,2,7,13,Returning_Visitor,False,False
0.0,0.0,0.0,0.0,12.0,237.49092,0.029715091,0.05,0.0,0.0,Dec,1,2,7,13,Returning_Visitor,False,False
2.0,105.01643,0.0,0.0,23.0,440.7832,0.016666668,0.043802626,0.0,0.0,Dec,2,2,7,13,Returning_Visitor,False,False
0.0,0.0,0.0,0.0,18.0,544.35315,0.0,0.018095966,0.0,0.0,Nov,4,2,1,2,Returning_Visitor,False,False
0.0,0.0,0.0,0.0,23.0,770.16895,0.022222223,0.048900947,0.0,0.0,Nov,2,2,4,1,Returning_Visitor,False,False
3.0,73.54618,0.0,0.0,16.722729,271.6189,0.0,0.028626058,0.0,0.0,Dec,4,2,6,2,Returning_Visitor,False,False
0.0,0.0,2.0,41.69862,27.0,666.4206,0.0,0.016666668,8.587466,0.0,Dec,2,2,1,2,Returning_Visitor,False,True
3.0,45.530277,0.0,0.0,24.0,498.43585,0.0,0.017690193,0.0,0.0,Dec,2,2,1,1,Returning_Visitor,False,False
5.0,73.97839,0.0,0.0,28.0,492.42432,0.0,0.016346948,0.0,0.0,Dec,2,2,1,2,Returning_Visitor,False,True
3.0,76.448746,0.0,0.0,41.0,997.7417,0.011522765,0.022222223,0.0,0.0,Dec,1,1,1,1,Returning_Visitor,False,False
4.0,136.80919,0.0,0.0,47.0,1522.2297,0.0035021105,0.022076434,11.980573,0.0,Aug,2,1,1,15,Returning_Visitor,False,False
4.0,41.965275,0.0,0.0,22.0,484.81305,0.005154837,0.031662863,0.0,0.0,Dec,2,2,1,8,Returning_Visitor,False,False
2.0,30.383165,0.0,0.0,19.0,427.61893,0.010428721,0.03333333,0.0,0.0,Mar,2,5,1,2,Returning_Visitor,False,False
0.0,0.0,0.0,0.0,17.0,301.9479,0.0,0.035350002,0.0,0.0,Dec,2,2,1,1,Returning_Visitor,False,False
4.0,81.67187,0.0,0.0,39.0,1206.5028,0.009231446,0.027585194,0.0,0.0,Dec,2,2,1,13,Returning_Visitor,False,False
0.0,0.0,0.0,0.0,17.0,315.7646,0.0,0.011764706,0.0,0.0,May,1,1,1,2,Returning_Visitor,False,False
4.0,116.48733,0.0,0.0,45.0,2165.8796,0.007445942,0.02009076,5.8094463,0.0,Dec,4,2,1,2,Returning_Visitor,False,False
0.0,0.0,0.0,0.0,24.0,675.00757,0.0,0.022739124,0.0,0.0,Nov,4,2,9,2,Returning_Visitor,False,False
0.0,0.0,0.0,0.0,21.0,501.1095,0.0,0.030862194,0.0,0.0,May,2,2,1,13,Returning_Visitor,False,False
3.0,70.34566,0.0,0.0,24.0,517.67914,0.0125,0.029311765,0.0,0.0,Aug,2,2,1,1,Returning_Visitor,False,False
0.0,0.0,0.0,0.0,11.0,313.32352,0.0,0.032546468,0.0,0.0,Nov,2,2,1,1,Returning_Visitor,False,False
0.0,0.0,0.0,0.0,18.0,288.0491,0.013730299,0.028793823,0.0,0.0,Dec,4,2,1,1,Returning_Visitor,False,False
2.0,55.645016,0.0,0.0,21.914635,466.30197,0.019894559,0.03872961,0.0,0.0,Nov,1,1,1,15,Returning_Visitor,False,False
0.0,0.0,0.0,0.0,25.0,517.43097,0.0,0.022222223,0.0,0.0,Dec,2,2,1,3,Returning_Visitor,False,False
0.0,0.0,0.0,0.0,26.0,490.1504,0.0,0.016666668,0.0,0.0,Nov,1,4,1,1,Returning_Visitor,False,False
0.0,0.0,0.0,0.0,42.023434,947.9721,0.012718967,0.032257464,0.0,0.0,Aug,2,2,7,1,Returning_Visitor,False,False
6.0,77.28347,0.0,0.0,39.0,837.9205,0.0045871716,0.017208522,0.0,0.0,May,2,2,1,2,Returning_Visitor,False,False
0.0,0.0,0.0,0.0,36.0,909.5246,0.0,0.026042247,0.0,0.0,Dec,2,2,6,2,Returning_Visitor,False,False
0.0,0.0,0.0,0.0,14.142506,278.5728,0.0059698764,0.043398973,0.0,0.0,Aug,2,2,4,3,Returning_Visitor,False,False
0.0,0.0,0.0,0.0,22.331852,459.9955,0.011826041,0.028571429,0.0,0.0,Nov,4,2,9,1,Returning_Visitor,False,False
5.0,153.35747,0.0,0.0,26.0,574.77185,0.0,0.011018191,0.0,0.0,Mar,3,2,1,1,Returning_Visitor,False,False
4.0,41.64582,0.0,0.0,28.0,583.9271,0.0,0.010736277,0.0,0.0,Aug,2,2,7,2,Returning_Visitor,False,False
0.0,0.0,0.0,0.0,24.0,682.7918,0.0,0.018238436,0.0,0.0,Jul,2,4,4,13,Returning_Visitor,False,False
0.0,0.0,0.0,0.0,24.0,470.5896,0.0,0.025,0.0,0.0,Nov,4,2,1,2,Returning_Visitor,False,False
0.0,0.0,0.0,0.0,14.0,224.10292,0.0028062735,0.035487402,0.0,0.0,Nov,3,2,1,13,Returning_Visitor,False,False
2.0,35.039993,0.0,0.0,26.853558,538.53973,0.0076896683,0.025,0.0,0.0,Nov,4,2,1,1,Returning_Visitor,False,False
0.0,0.0,0.0,0.0,11.0,276.70007,0.0,0.028571429,0.0,0.0,Dec,2,1,1,2,Returning_Visitor,False,False
0.0,0.0,0.0,0.0,12.0,353.26108,0.0,0.028688135,0.0,0.0,Dec,2,2,6,13,Returning_Visitor,False,False
0.0,0.0,0.0,0.0,13.0,408.46533,0.0,0.029543595,0.0,0.0,Nov,2,2,1,3,Returning_Visitor,False,False
0.0,0.0,0.0,0.0,12.0,321.5101,0.0,0.03333333,0.0,0.0,Aug,2,2,1,1,Returning_Visitor,False,False
2.0,54.094856,0.0,0.0,29.125217,893.107,0.007692308,0.02,0.0,0.0,Nov,1,1,8,8,Returning_Visitor,False,False
1.0,10.272735,0.0,0.0,36.0,1729.3292,0.0054731444,0.024522664,0.0,0.0,Nov,2,2,1,1,Returning_Visitor,False,False
0.0,0.0,0.0,0.0,25.906046,691.4488,0.0,0.028571429,0.0,0.0,Dec,2,2,1,1,Returning_Visitor,False,False
0.0,0.0,0.0,0.0,19.880474,626.11914,0.0,0.026146613,0.0,0.0,Dec,2,2,1,2,Returning_Visitor,False,False
0.0,0.0,0.0,0.0,22.0,651.0997,0.007399526,0.031017076,0.0,0.0,Dec,2,2,1,3,Returning_Visitor,False,False
3.0,98.11175,0.0,0.0,29.0,822.31494,0.0,0.015839469,0.0,0.0,Dec,4,1,4,2,Returning_Visitor,False,False
0.0,0.0,0.0,0.0,34.0,1154.29,0.009980095,0.024039049,0.0,0.0,Dec,4,2,1,13,Returning_Visitor,False,False
5.0,149.26833,0.0,0.0,25.0,659.0041,0.0,0.02,0.0,0.0,Dec,3,2,9,1,Returning_Visitor,False,False
4.4675293,81.26829,0.0,0.0,22.0,420.6877,0.007213419,0.027621297,0.0,0.0,Dec,4,2,1,13,Returning_Visitor,False,False
0.0,0.0,0.0,0.0,22.0,675.454,0.022222223,0.038045943,0.0,0.0,Nov,1,2,3,1,Returning_Visitor,False,False
0.0,0.0,0.0,0.0,16.0,353.9033,0.0,0.04,0.0,0.0,Nov,2,2,1,2,Returning_Visitor,False,False
3.0,50.133484,0.0,0.0,26.0,617.6739,0.0,0.015418413,0.0,0.0,Dec,2,4,1,2,Returning_Visitor,False,False
5.0,102.67734,0.0,0.0,41.751595,1564.1614,0.0056411615,0.021885866,9.575618,0.0,Nov,2,2,1,13,Returning_Visitor,False,False
0.0,0.0,0.0,0.0,16.0,345.3403,0.0,0.030768229,0.0,0.0,Nov,2,2,3,1,Returning_Visitor,False,False
0.0,0.0,0.0,0.0,26.0,662.2581,0.0055877734,0.04,0.0,0.0,Jul,2,2,4,3,Returning_Visitor,False,False
0.0,0.0,0.0,0.0,12.2801285,307.5281,0.0,0.025,0.0,0.0,Dec,2,2,1,8,Returning_Visitor,False,False
0.0,0.0,0.0,0.0,18.0,496.26224,0.0,0.03170492,0.0,0.0,Aug,2,2,7,1,Returning_Visitor,False,False
0.0,0.0,0.0,0.0,24.752089,516.54755,0.009431009,0.028571429,0.0,0.0,Nov,2,2,1,13,Returning_Visitor,False,False
0.0,0.0,0.0,0.0,12.0,227.14067,0.019806359,0.05,0.0,0.0,Mar,1,1,1,1,Returning_Visitor,False,False
0.0,0.0,0.0,0.0,42.0,1010.0668,0.0,0.021625543,0.0,0.0,Dec,2,2,1,2,Returning_Visitor,False,False
0.0,0.0,0.0,0.0,26.0,820.6643,0.0,0.017470105,0.0,0.0,Nov,2,2,1,2,Returning_Visitor,False,False
0.0,0.0,0.0,0.0,24.0,334.47617,0.0,0.027323259,0.0,0.0,Feb,2,2,1,13,Returning_Visitor,False,False
4.103984,109.77921,0.0,0.0,31.687902,913.8946,0.0,0.011452221,0.0,0.0,Dec,3,2,2,2,Returning_Visitor,False,False
0.0,0.0,0.0,0.0,42.0,1044.9979,0.0,0.012360717,0.0,0.0,Nov,1,1,1,4,Returning_Visitor,False,False
0.0,0.0,0.0,0.0,15.120212,248.94383,0.0,0.030440578,0.0,0.0,Nov,2,2,1,10,Returning_Visitor,False,False
0.0,0.0,0.0,0.0,19.0,458.89014,0.0,0.030561352,0.0,0.0,Dec,2,2,1,4,Returning_Visitor,False,False
0.0,0.0,0.0,0.0,15.0,249.88467,0.0,0.025388656,0.0,0.0,Dec,4,1,7,3,Returning_Visitor,False,False
4.0,91.83188,0.0,0.0,30.0,1193.0332,0.011383312,0.025510786,0.0,0.0,Nov,1,2,4,2,Returning_Visitor,False,False
0.0,0.0,0.0,0.0,27.629805,884.89386,0.005924537,0.028569719,0.0,0.0,Dec,2,2,4,2,Returning_Visitor,False,False
0.0,0.0,0.0,0.0,26.0,573.62085,0.011111111,0.036489777,0.0,0.0,Dec,1,4,1,2,Returning_Visitor,False,False
3.0,36.520817,0.0,0.0,22.0,360.4631,0.0,0.017688746,0.0,0.0,Dec,2,2,1,2,Returning_Visitor,False,False
0.0,0.0,0.0,0.0,17.0,418.12473,0.004191784,0.026483722,0.0,0.0,Dec,3,2,1,13,Returning_Visitor,False,False
5.0,81.126884,0.0,0.0,36.0,634.41876,0.0,0.014974108,0.0,0.0,Dec,2,2,7,1,Returning_Visitor,False,True
4.0,98.02627,0.0,0.0,44.91057,1867.3099,0.0054197097,0.027265307,9.034083,0.0,Dec,4,1,1,1,Returning_Visitor,False,False
0.0,0.0,0.0,0.0,27.0,680.1328,0.0,0.023166193,0.0,0.0,Dec,2,2,9,2,Returning_Visitor,False,False
0.0,0.0,0.0,0.0,18.0,444.6857,0.0,0.025,0.0,0.0,Aug,2,2,1,2,Returning_Visitor,False,False
0.0,0.0,0.0,0.0,31.0,900.5325,0.012326166,0.039286274,0.0,0.0,May,2,2,1,1,Returning_Visitor,False,False
3.0,116.91677,0.0,0.0,19.068142,647.0563,0.0,0.011111111,0.0,0.0,Dec,2,2,7,2,Returning_Visitor,False,False
0.0,0.0,0.0,0.0,39.0,1120.4025,0.0,0.016666668,0.0,0.0,Aug,2,2,1,9,Returning_Visitor,False,False
0.0,0.0,0.0,0.0,21.0,380.15598,0.01759178,0.039220985,0.0,0.0,Dec,4,1,1,3,Returning_Visitor,False,False
3.0,87.23464,0.0,0.0,43.070633,2046.6744,0.0,0.015450471,20.76309,0.0,Aug,2,2,1,9,Returning_Visitor,False,True
0.0,0.0,0.0,0.0,16.0,495.6973,0.0,0.026858976,0.0,0.0,Nov,2,2,1,2,Returning_Visitor,False,False
0.0,0.0,0.0,0.0,18.0,394.93463,0.0,0.016727667,0.0,0.0,Nov,1,1,7,3,Returning_Visitor,False,False
0.0,0.0,0.0,0.0,27.0,673.85693,0.0,0.017823603,0.0,0.0,Nov,2,2,6,8,Returning_Visitor,False,True
0.0,0.0,0.0,0.0,13.0,282.58087,0.0,0.0416625,0.0,0.0,Nov,4,1,1,1,Returning_Visitor,True,False
0.0,0.0,0.0,0.0,22.0,522.08093,0.007055164,0.03333333,0.0,0.0,Dec,2,4,1,2,Returning_Visitor,False,False
2.0,45.093285,0.0,0.0,63.345547,2184.2263,0.0074486793,0.023842018,0.0,0.0,Nov,2,2,1,2,Returning_Visitor,False,False
2.0,31.157784,0.0,0.0,23.0,600.1724,0.0,0.019079251,358.5382,0.0,Aug,2,2,3,2,Returning_Visitor,False,False
0.0,0.0,0.0,0.0,9.0,260.88916,0.0,0.03333333,0.0,0.0,Mar,2,4,1,8,Returning_Visitor,False,False
0.0,0.0,0.0,0.0,30.485243,620.56146,0.0,0.022222223,0.0,0.0,Dec,4,1,7,1,Returning_Visitor,False,False
0.0,0.0,0.0,0.0,23.0,348.3158,0.0,0.035659816,0.0,0.0,Dec,2,2,7,1,Returning_Visitor,False,False
0.0,0.0,0.0,0.0,10.0,246.01302,0.0,0.043744747,0.0,0.0,Dec,4,2,4,2,Returning_Visitor,False,False
0.0,0.0,0.0,0.0,15.0,262.8296,0.004753627,0.0415035,0.0,0.0,Dec,1,1,7,2,Returning_Visitor,False,False
6.0,132.0098,0.0,0.0,55.16464,2043.5468,0.0125,0.026491392,7.1080713,0.0,Nov,3,2,1,13,Returning_Visitor,False,False
0.0,0.0,0.0,0.0,22.374332,803.56433,0.016561033,0.04,0.0,0.0,Aug,2,4,6,1,Returning_Visitor,False,False
0.0,0.0,0.0,0.0,26.0,633.9281,0.009544923,0.032326415,0.0,0.0,Dec,1,1,1,3,Returning_Visitor,False,False
0.0,0.0,0.0,0.0,23.0,531.6816,0.0,0.02375814,0.0,0.0,Aug,2,2,1,1,Returning_Visitor,False,False
0.0,0.0,0.0,0.0,36.49212,733.1861,0.0,0.01817267,0.0,0.0,Nov,2,2,2,1,Returning_Visitor,False,False
0.0,0.0,0.0,0.0,25.0,655.8223,0.0,0.016844649,0.0,0.0,Dec,1,2,6,15,Returning_Visitor,False,False
3.0,60.702347,0.0,0.0,44.0,1722.2728,0.0077605573,0.02617139,0.0,0.0,Nov,4,4,1,2,Returning_Visitor,False,False
0.0,0.0,0.0,0.0,27.0,680.1874,0.0,0.028865999,0.0,0.0,Dec,2,2,4,10,Returning_Visitor,False,False
0.0,0.0,0.0,0.0,17.0,439.02408,0.0,0.026275108,0.0,0.0,Dec,2,2,1,1,Returning_Visitor,False,False
0.0,0.0,0.0,0.0,12.0,250.38985,0.0,0.04,0.0,0.0,Dec,3,2,1,1,Returning_Visitor,False,False
0.0,0.0,0.0,0.0,21.102112,701.7667,0.0,0.030599574,0.0,0.0,Nov,2,2,1,1,Returning_Visitor,False,False
0.0,0.0,0.0,0.0,20.0,533.31274,0.0,0.016666668,0.0,0.0,Nov,2,4,7,13,Returning_Visitor,False,False
4.3399706,158.55615,0.0,0.0,29.0,1019.6267,0.010356119,0.022222223,0.0,0.0,Nov,1,1,4,2,Returning_Visitor,False,False
3.0,97.559395,0.0,0.0,34.23996,1220.4366,0.0085066175,0.026330909,0.0,0.0,Dec,2,2,4,2,Returning_Visitor,False,False
1.4468037,28.001583,0.0,0.0,29.264467,1018.32214,0.0,0.005971989,0.0,0.0,Dec,4,2,9,2,Returning_Visitor,False,False
2.0,64.81186,0.0,0.0,28.0,736.9177,0.002558265,0.022238402,0.0,0.0,Dec,2,2,1,2,Returning_Visitor,False,False
0.0,0.0,0.0,0.0,18.0,447.07904,0.0,0.024582785,0.0,0.0,Dec,2,2,1,9,Returning_Visitor,False,False
0.0,0.0,0.0,0.0,28.0,608.4341,0.0,0.02442007,0.0,0.0,Nov,1,1,1,19,Returning_Visitor,False,False
3.0,40.527813,0.0,0.0,36.0,724.9191,0.0,0.02,0.0,0.0,Aug,2,2,7,2,Returning_Visitor,False,False
0.0,0.0,0.0,0.0,20.0,413.6104,0.017022504,0.03167208,0.0,0.0,Dec,2,2,1,13,Returning_Visitor,False,False
0.0,0.0,0.0,0.0,16.0,537.00885,0.019978719,0.0456806,0.0,0.0,Nov,1,2,1,1,Returning_Visitor,False,False
0.0,0.0,0.0,0.0,45.0,1854.3225,0.010458908,0.03201154,0.0,0.0,Aug,2,2,4,2,Returning_Visitor,False,False
3.0,113.52229,0.0,0.0,22.0,607.07776,0.019850342,0.03754402,0.0,0.0,Jul,2,2,1,2,Returning_Visitor,False,False
3.0,79.31036,0.0,0.0,37.0,1191.2314,0.009985932,0.026902584,0.0,0.0,Aug,7,2,1,2,Returning_Visitor,False,False
0.0,0.0,0.0,0.0,25.0,405.5419,0.005919851,0.03333333,0.0,0.0,Nov,2,4,1,3,Returning_Visitor,False,False
2.0,40.60439,0.0,0.0,32.0,777.416,0.0,0.02139067,0.0,0.0,Dec,2,2,1,1,Returning_Visitor,False,False
0.0,0.0,0.0,0.0,11.0,180.17517,0.0,0.036332577,0.0,0.0,Nov,2,1,4,2,Returning_Visitor,False,False
3.0,66.30597,0.0,0.0,42.429394,1307.1123,0.005410154,0.019515771,0.0,0.0,Nov,1,2,1,2,Returning_Visitor,False,False
3.0,60.07692,0.0,0.0,29.0,610.4236,0.0,0.0077094673,16.02391,0.0,Aug,1,1,4,2,Returning_Visitor,False,True
0.0,0.0,0.0,0.0,26.285757,652.6399,0.0046498063,0.029352134,0.0,0.0,Nov,2,2,1,1,Returning_Visitor,False,False
0.0,0.0,0.0,0.0,37.0,738.81445,0.0,0.0188225,0.0,0.0,Dec,1,1,7,2,Returning_Visitor,False,False
0.0,0.0,0.0,0.0,42.04216,970.62744,0.0096461745,0.028571429,0.0,0.0,Jul,1,2,4,13,Returning_Visitor,False,False
4.0,54.921886,0.0,0.0,16.0,329.3943,0.0,0.01560116,0.0,0.0,Dec,2,4,7,13,Returning_Visitor,False,False
2.0,77.69537,0.0,0.0,14.0,260.7686,0.0,0.017966386,0.0,0.0,Dec,1,2,3,1,Returning_Visitor,False,False
3.0,50.35349,0.0,0.0,27.0,641.28015,0.0,0.013195404,0.0,0.0,Dec,2,4,1,9,Returning_Visitor,False,False
0.0,0.0,0.0,0.0,22.0,484.89734,0.0,0.017181434,0.0,0.0,Nov,2,2,1,8,Returning_Visitor,True,True
0.0,0.0,0.0,0.0,48.622314,2130.8162,0.0,0.016666668,0.0,0.0,Nov,2,2,7,1,Returning_Visitor,False,True
2.0,47.486794,0.0,0.0,21.413195,607.7482,0.0,0.01564171,0.0,0.0,Dec,2,2,9,2,Returning_Visitor,False,False
0.0,0.0,0.0,0.0,16.0,575.8884,0.0,0.02694821,0.0,0.0,Nov,2,2,1,1,Returning_Visitor,False,False
0.0,0.0,0.0,0.0,23.0,737.4192,0.0,0.014756302,0.0,0.0,Nov,2,2,6,2,Returning_Visitor,False,True
0.0,0.0,0.0,0.0,22.0,674.42975,0.0,0.015764795,0.0,0.0,Dec,2,2,1,13,Returning_Visitor,False,False
0.0,0.0,0.0,0.0,21.0,464.51944,0.0,0.024430966,0.0,0.0,Nov,1,2,4,1,Returning_Visitor,False,True
3.0,57.691948,0.0,0.0,35.0,1129.222,0.014135879,0.03333333,0.0,0.0,Nov,1,4,2,2,Returning_Visitor,False,False
0.0,0.0,0.0,0.0,23.0,593.18835,0.028571429,0.046467707,0.0,0.0,Aug,3,2,9,3,Returning_Visitor,False,False
5.0,126.03514,0.0,0.0,42.0,814.4366,0.0,0.016666668,0.0,0.0,Dec,2,2,7,1,Returning_Visitor,False,False
0.0,0.0,0.0,0.0,19.0,593.58966,0.004056208,0.02425385,0.0,0.0,Nov,2,2,1,2,Returning_Visitor,False,False
0.0,0.0,0.0,0.0,29.0,708.3793,0.0,0.021367831,0.0,0.0,Dec,4,2,1,2,New_Visitor,True,False
0.0,0.0,0.0,0.0,20.0,739.9755,0.0,0.019533427,0.0,0.0,Nov,2,2,6,2,Returning_Visitor,False,True
0.0,0.0,0.0,0.0,28.0,672.1112,0.0,0.018552648,0.0,0.0,Aug,1,1,1,2,Returning_Visitor,False,False
0.0,0.0,0.0,0.0,32.256943,901.5169,0.0,0.023811283,0.0,0.0,Nov,2,2,1,13,Returning_Visitor,False,False
0.0,0.0,0.0,0.0,26.0,664.30585,0.0,0.01877819,0.0,0.0,May,2,2,1,2,Returning_Visitor,False,False
2.0,64.98965,0.0,0.0,58.563774,2336.0325,0.005453941,0.014406082,0.0,0.0,Dec,4,2,1,13,Returning_Visitor,False,False
0.0,0.0,0.0,0.0,40.0,993.1702,0.010556032,0.02424379,0.0,0.0,Nov,1,1,4,2,Returning_Visitor,False,False
0.0,0.0,0.0,0.0,25.0,674.32355,0.01880379,0.039384544,0.0,0.0,Aug,3,2,1,3,Returning_Visitor,False,False
3.0,104.94169,0.0,0.0,21.0,488.99487,0.004173711,0.02088074,0.0,0.0,Dec,1,2,1,3,Returning_Visitor,False,False
0.0,0.0,0.0,0.0,17.0,329.49875,0.0,0.03333333,0.0,0.0,Nov,4,1,1,8,Returning_Visitor,False,False
0.0,0.0,0.0,0.0,15.0,306.40897,0.0053145704,0.04,0.0,0.0,Jul,2,2,7,13,Returning_Visitor,False,False
4.0,45.69263,0.0,0.0,23.103455,586.97656,0.0,0.0143962335,0.0,0.0,Nov,2,2,9,2,Returning_Visitor,False,False
0.0,0.0,0.0,0.0,12.0,257.38498,0.0,0.030683596,0.0,0.0,Dec,2,2,7,2,Returning_Visitor,False,False
3.0,39.948467,0.0,0.0,17.0,399.2158,0.0,0.020118346,0.0,0.0,Nov,2,4,7,2,Returning_Visitor,False,False
0.0,0.0,0.0,0.0,22.0,607.6685,0.0,0.03813149,0.0,0.0,Mar,2,2,1,1,Returning_Visitor,False,False
0.0,0.0,0.0,0.0,14.0,358.31613,0.0,0.025650956,0.0,0.0,Dec,2,2,9,3,Returning_Visitor,False,False
0.0,0.0,0.0,0.0,15.0,573.9457,0.020005414,0.05012485,0.0,0.0,Dec,1,1,4,1,Returning_Visitor,False,False
4.0,128.15129,0.0,0.0,30.38298,803.49554,0.0,0.016666668,0.0,0.0,Dec,1,2,9,2,Returning_Visitor,False,False
3.0,53.084576,0.0,0.0,26.0,879.3657,0.0,0.014280017,9.8144455,0.0,Dec,2,2,1,2,Returning_Visitor,False,False
0.0,0.0,0.0,0.0,19.0,440.4096,0.0,0.018194895,0.0,0.0,Dec,2,4,1,10,Returning_Visitor,False,False
0.0,0.0,0.0,0.0,21.0,552.0792,0.036606554,0.061742324,0.0,0.0,Dec,2,2,1,1,Returning_Visitor,False,False
0.0,0.0,0.0,0.0,21.298977,601.09143,0.0,0.009090909,0.0,0.0,Aug,2,2,9,1,Returning_Visitor,False,False
0.0,0.0,0.0,0.0,13.0,302.30444,0.0,0.04,0.0,0.0,Dec,2,2,4,2,Returning_Visitor,False,False
0.0,0.0,0.0,0.0,28.0,675.39856,0.0,0.018563576,0.0,0.0,Dec,2,2,7,1,Returning_Visitor,False,False
0.0,0.0,0.0,0.0,10.0,186.49208,0.0,0.036682196,0.0,0.0,Dec,2,2,1,3,Returning_Visitor,False,False
0.0,0.0,0.0,0.0,24.0,410.56345,0.002584505,0.019251725,0.0,0.0,Nov,1,1,1,2,Returning_Visitor,False,True
3.0,35.347195,0.0,0.0,28.837141,898.20166,0.011690252,0.03333333,0.0,0.0,Nov,2,2,7,3,Returning_Visitor,False,False
0.0,0.0,0.0,0.0,21.146059,569.7799,0.0,0.022872955,0.0,0.0,May,2,4,1,3,Returning_Visitor,False,False
1.0,0.0,0.0,0.0,42.0,949.5119,0.0030467883,0.017185181,0.0,0.0,May,2,2,1,2,Returning_Visitor,True,False
0.0,0.0,0.0,0.0,25.135077,620.3975,0.0,0.016831988,0.0,0.0,Aug,1,2,1,13,Returning_Visitor,False,False
0.0,0.0,0.0,0.0,56.0,2111.9456,0.0,0.018179977,0.0,0.0,Nov,2,2,9,13,Returning_Visitor,False,False
4.0,137.267,0.0,0.0,25.0,710.77423,0.007202565,0.022677433,0.0,0.0,Dec,2,2,1,1,Returning_Visitor,False,False
0.0,0.0,0.0,0.0,17.0,260.46185,0.0043024425,0.025,0.0,0.0,May,1,2,1,1,Returning_Visitor,False,False
3.0,64.616714,0.0,0.0,15.0,377.87067,0.0,0.023616977,0.0,0.0,Aug,2,2,1,2,Returning_Visitor,False,False
0.0,0.0,0.0,0.0,10.0,139.03436,0.0,0.042128444,0.0,0.0,Jul,1,4,1,3,Returning_Visitor,False,False
3.0,76.82761,0.0,0.0,20.0,443.71017,0.008288355,0.02,0.0,0.0,Nov,1,1,1,3,Returning_Visitor,False,False
0.0,0.0,0.0,0.0,13.0870285,248.36064,0.0,0.031334214,0.0,0.0,Nov,1,2,1,10,Returning_Visitor,False,False
0.0,0.0,0.0,0.0,40.379147,1759.4362,0.0,0.015810514,0.0,0.0,Nov,2,12,1,8,Returning_Visitor,False,False
0.0,0.0,0.0,0.0,29.0,1111.3225,0.01153187,0.025305228,0.0,0.0,Dec,1,2,1,1,Returning_Visitor,False,False
0.0,0.0,0.0,0.0,14.0,651.51587,0.0,0.022222223,0.0,0.0,Nov,1,1,4,13,Returning_Visitor,False,False
0.0,0.0,0.0,0.0,42.0,884.5572,0.0048207208,0.01671751,0.0,0.0,Nov,2,2,1,2,Returning_Visitor,False,False
3.0,60.598206,0.0,0.0,66.44472,2278.685,0.002827147,0.016666668,9.794442,0.0,Nov,2,2,1,3,Returning_Visitor,False,True
0.0,0.0,0.0,0.0,30.0,839.3649,0.0077666417,0.017842993,0.0,0.0,Dec,3,2,9,9,Returning_Visitor,False,False
0.0,0.0,0.0,0.0,47.0,1496.3425,0.001014429,0.021739094,361.76373,0.0,Nov,2,2,1,8,Returning_Visitor,False,False
0.0,0.0,0.0,0.0,13.283691,266.3438,0.0,0.016666668,0.0,0.0,Nov,1,2,1,3,Returning_Visitor,False,False
0.0,0.0,0.0,0.0,26.0,726.7697,0.0,0.021060618,0.0,0.0,Nov,2,2,1,2,Returning_Visitor,False,False
0.0,0.0,0.0,0.0,23.0,587.0047,0.0,0.032457244,0.0,0.0,Aug,2,2,1,1,Returning_Visitor,False,False
0.0,0.0,0.0,0.0,8.0,422.69678,0.0,0.027270954,0.0,0.0,Mar,2,2,3,1,Returning_Visitor,False,False
0.0,0.0,0.0,0.0,45.0,1406.8545,0.0,0.019183768,0.0,0.0,Nov,4,2,1,2,Returning_Visitor,False,False
5.0,91.104095,0.0,0.0,32.0,973.24005,0.0,0.02012472,9.191625,0.0,Dec,2,2,1,1,Returning_Visitor,False,True
0.0,0.0,0.0,0.0,1.0,0.0,0.2,0.2,0.0,0.0,Aug,2,2,1,1,Returning_Visitor,False,False
0.0,0.0,0.0,0.0,8.0,183.70554,0.0,0.03261868,0.0,0.0,Nov,1,1,3,1,Returning_Visitor,False,False
4.0,99.962166,0.0,0.0,14.0,306.15622,0.0,0.01501266,0.0,0.0,Dec,2,2,6,2,Returning_Visitor,False,False
0.0,0.0,0.0,0.0,14.0,468.05673,0.0,0.048116293,0.0,0.0,Dec,4,4,4,1,Returning_Visitor,False,False
0.0,0.0,0.0,0.0,22.0,727.2178,0.0,0.01826469,0.0,0.0,Nov,4,2,1,1,Returning_Visitor,False,False
3.0,133.84584,0.0,0.0,26.0,668.7339,0.0,0.01773471,0.0,0.0,Dec,1,2,4,2,Returning_Visitor,False,False
4.0,95.12632,0.0,0.0,26.0,707.6794,0.009934546,0.027446225,0.0,0.0,Sep,2,2,9,13,Returning_Visitor,False,False
0.0,0.0,0.0,0.0,24.0,529.0054,0.0,0.022222223,0.0,0.0,May,2,2,1,2,Returning_Visitor,False,False
0.0,0.0,0.0,0.0,13.0,357.51117,0.024591241,0.05594446,0.0,0.0,Jul,2,2,1,1,Returning_Visitor,False,False
0.0,0.0,0.0,0.0,31.0,1169.8219,0.0,0.027997905,0.0,0.0,Dec,2,2,3,1,Returning_Visitor,False,False
0.0,0.0,0.0,0.0,20.0,537.183,0.0,0.025008816,0.0,0.0,Dec,2,2,1,1,Returning_Visitor,False,False
0.0,0.0,0.0,0.0,12.0,296.4654,0.0,0.018181818,0.0,0.0,Nov,2,2,2,2,Returning_Visitor,False,False
4.0,75.31069,0.0,0.0,31.17031,1612.499,0.017204091,0.037619766,0.0,0.0,Nov,2,2,3,2,Returning_Visitor,False,False
4.0,63.58046,0.0,0.0,24.0,572.4763,0.010000482,0.027959777,0.0,0.0,Dec,2,2,1,13,Returning_Visitor,False,False
3.0,40.51925,0.0,0.0,33.0,757.749,0.0,0.015769424,0.0,0.0,Nov,2,2,1,2,Returning_Visitor,False,False
6.0,124.51212,2.0,98.89312,40.254436,1726.613,0.0030022839,0.016967576,13.747044,0.0,Nov,2,2,1,8,Returning_Visitor,False,False
0.0,0.0,0.0,0.0,16.0,327.88492,0.015559737,0.024489723,0.0,0.0,Nov,3,2,7,2,Returning_Visitor,False,False
3.84937,89.64885,0.0,0.0,12.0,319.3534,0.0,0.01987722,0.0,0.0,Dec,1,2,4,9,Returning_Visitor,False,False
0.0,0.0,0.0,0.0,12.0,330.39713,0.0,0.022222223,0.0,0.0,Nov,2,2,1,1,Returning_Visitor,False,False
0.0,0.0,0.0,0.0,14.0,467.1466,0.0,0.027767077,0.0,0.0,Aug,4,1,1,3,Returning_Visitor,False,False
0.0,0.0,0.0,0.0,59.40494,1439.0747,0.021140967,0.045651972,0.0,0.0,Sep,2,2,1,1,Returning_Visitor,False,False
0.0,0.0,0.0,0.0,41.37714,940.26184,0.0062823934,0.016590156,0.0,0.0,Nov,4,1,1,8,Returning_Visitor,False,False
4.0,70.41435,0.0,0.0,31.0,609.9563,0.0125,0.028378746,0.0,0.0,Dec,3,2,1,3,Returning_Visitor,False,False
3.0,49.086823,0.0,0.0,36.0,686.1233,0.009090909,0.02635881,0.0,0.0,Jul,3,2,1,1,Returning_Visitor,False,False
0.0,0.0,0.0,0.0,27.0,676.77386,0.01287196,0.04516882,0.0,0.0,Aug,2,2,1,1,Returning_Visitor,False,False
0.0,0.0,0.0,0.0,10.0,187.43427,0.0,0.03333333,0.0,0.0,Nov,2,2,1,2,Returning_Visitor,False,False
0.0,0.0,0.0,0.0,26.0,746.24384,0.0,0.012472117,0.0,0.0,Aug,2,2,1,2,Returning_Visitor,False,False
0.0,0.0,0.0,0.0,44.0,1309.9928,0.0072025214,0.027063956,0.0,0.0,Dec,1,1,1,1,Returning_Visitor,False,False
0.0,0.0,0.0,0.0,6.0,118.01314,0.0,0.03165961,0.0,0.0,Dec,2,2,1,13,Returning_Visitor,False,False
2.0,82.88335,0.0,0.0,9.0,268.10495,0.0,0.029250015,0.0,0.0,Sep,2,2,4,2,Returning_Visitor,False,False
0.0,0.0,0.0,0.0,27.034409,856.3994,0.010918186,0.033219032,0.0,0.0,Nov,2,2,4,2,Returning_Visitor,False,False
4.0,57.38026,0.0,0.0,15.0,299.40448,0.0,0.015265431,0.0,0.0,Dec,2,2,7,2,Returning_Visitor,False,False
0.0,0.0,0.0,0.0,27.0,688.9547,0.008068086,0.030300826,6.831034,0.0,Dec,2,2,1,13,Returning_Visitor,False,False
0.0,0.0,0.0,0.0,15.0,299.67847,0.0,0.03151147,0.0,0.0,Nov,2,2,1,1,Returning_Visitor,False,False
0.0,0.0,0.0,0.0,16.323599,366.50385,0.0,0.021042796,0.0,0.0,Nov,2,2,7,2,Returning_Visitor,False,False
0.0,0.0,0.0,0.0,54.51833,1489.578,0.0036466478,0.021548958,0.0,0.0,Nov,2,2,3,13,Returning_Visitor,False,False
0.0,0.0,0.0,0.0,24.0,494.5002,0.016089004,0.027466226,0.0,0.0,Sep,4,2,1,2,Returning_Visitor,False,True
0.0,0.0,0.0,0.0,10.08772,223.38324,0.0,0.022039074,0.0,0.0,Nov,2,2,1,2,Returning_Visitor,False,False
3.0,48.105053,0.0,0.0,38.0,1357.3705,0.0057018492,0.022132428,0.0,0.0,Nov,3,2,1,2,Returning_Visitor,False,False
2.0,39.447746,0.0,0.0,38.0,1140.8175,0.0016421548,0.019333757,0.0,0.0,Dec,2,2,3,1,Returning_Visitor,False,False
0.0,0.0,0.0,0.0,25.0,667.1604,0.0,0.01892315,0.0,0.0,Dec,4,1,4,14,Returning_Visitor,False,False
0.0,0.0,0.0,0.0,24.952639,1024.6204,0.02,0.037630804,0.0,0.0,Nov,3,2,1,2,Returning_Visitor,False,False
3.0,73.89511,1.0,0.0,53.0,1849.4396,0.0,0.008837915,36.364,0.0,Aug,2,2,1,2,Returning_Visitor,False,False
0.0,0.0,0.0,0.0,36.521442,781.1059,0.0,0.011427885,0.0,0.0,Nov,2,2,7,2,Returning_Visitor,False,True
2.0,33.11461,0.0,0.0,14.0,527.3544,0.0,0.014285714,0.0,0.0,Sep,2,2,1,2,Returning_Visitor,False,False
0.0,0.0,0.0,0.0,18.0,545.51526,0.0,0.036324248,0.0,0.0,Aug,2,2,1,2,Returning_Visitor,False,False
2.0,32.214375,0.0,0.0,43.43814,701.0795,0.0035765097,0.020553436,0.0,0.0,Dec,2,2,1,1,Returning_Visitor,False,False
0.0,0.0,0.0,0.0,24.0,578.17444,0.0,0.022222223,0.0,0.0,Nov,4,2,1,9,Returning_Visitor,False,False
0.0,0.0,0.0,0.0,23.0,690.2211,0.0,0.02,0.0,0.0,Dec,2,2,1,1,Returning_Visitor,False,False
3.0,88.31723,0.0,0.0,20.0,540.3754,0.016031709,0.03333333,0.0,0.0,Nov,1,1,1,2,Returning_Visitor,False,False
0.0,0.0,0.0,0.0,18.0,405.36502,0.0,0.028571429,0.0,0.0,Nov,2,2,1,2,Returning_Visitor,False,False
3.0,65.64588,0.0,0.0,44.788834,1983.1097,0.0,0.014808685,0.0,0.0,Dec,2,2,4,2,Returning_Visitor,False,False
0.0,0.0,0.0,0.0,17.0,509.54556,0.019627271,0.049404956,0.0,0.0,Nov,2,2,7,1,Returning_Visitor,False,False
3.1097522,67.27381,0.0,0.0,11.0,223.95467,0.0,0.025744366,0.0,0.0,Nov,2,2,1,2,New_Visitor,False,False
0.0,0.0,0.0,0.0,24.0,622.01874,0.0,0.029937034,0.0,0.0,Nov,2,2,1,9,Returning_Visitor,False,False
0.0,0.0,0.0,0.0,20.0,395.84427,0.01623613,0.028570162,0.0,0.0,Dec,2,2,1,2,Returning_Visitor,False,False
0.0,0.0,0.0,0.0,20.0,377.55423,0.0,0.029542724,0.0,0.0,Nov,2,2,6,1,Returning_Visitor,False,False
0.0,0.0,0.0,0.0,15.914008,559.0269,0.0,0.019783866,0.0,0.0,Dec,2,2,1,3,Returning_Visitor,False,False
1.0,4.0,0.0,0.0,39.0,1341.7249,0.0,0.015842857,0.0,0.0,Dec,2,1,1,2,Returning_Visitor,False,False
4.0,74.46698,0.0,0.0,41.0,1273.1459,0.001858544,0.01585376,0.0,0.0,Dec,2,2,8,1,Returning_Visitor,False,False
0.0,0.0,0.0,0.0,10.0,390.08856,0.0,0.03404784,0.0,0.0,Dec,2,2,4,2,Returning_Visitor,False,False
0.0,0.0,0.0,0.0,19.0,416.46338,0.0,0.029612789,0.0,0.0,Nov,2,2,7,2,Returning_Visitor,False,False
0.0,0.0,0.0,0.0,24.0,587.0409,0.014033545,0.03366847,0.0,0.0,Aug,2,2,1,2,Returning_Visitor,True,False
2.0,3.8052573,0.0,0.0,48.202663,1473.9996,0.0026395295,0.020529984,0.0,0.0,Aug,2,2,8,1,Returning_Visitor,False,False
0.0,0.0,0.0,0.0,17.0,498.4789,0.0,0.022222223,0.0,0.0,Nov,2,2,1,8,Returning_Visitor,False,False
0.0,0.0,0.0,0.0,26.0,892.7989,0.0,0.017045233,0.0,0.0,Dec,2,2,9,2,Returning_Visitor,False,False
0.0,0.0,0.0,0.0,13.0,206.60075,0.025753241,0.05,0.0,0.0,Nov,4,2,1,15,Returning_Visitor,False,False
0.0,0.0,0.0,0.0,27.0,665.38055,0.022003783,0.04,0.0,0.0,Dec,3,2,1,1,Returning_Visitor,False,False
3.0,41.270878,0.0,0.0,28.0,966.865,0.0,0.02,0.0,0.0,Nov,4,2,1,2,Returning_Visitor,False,False
3.0,51.159584,0.0,0.0,21.0,362.37473,0.013577605,0.031157775,0.0,0.0,Aug,2,2,1,2,Returning_Visitor,False,False
0.0,0.0,0.0,0.0,3.295346,51.121643,0.0,0.05735486,0.0,0.0,Nov,2,4,1,3,Returning_Visitor,False,False
7.0,171.88962,1.0,0.0,56.058483,2528.1885,0.0076234504,0.026116636,0.0,0.0,Jul,2,2,4,2,Returning_Visitor,False,False
3.0,59.707954,0.0,0.0,13.0,347.23856,0.0,0.01611471,0.0,0.0,Dec,2,2,1,2,Returning_Visitor,False,False
0.0,0.0,0.0,0.0,14.0,295.11264,0.0,0.022222223,0.0,0.0,Aug,1,1,4,15,Returning_Visitor,False,False
0.0,0.0,0.0,0.0,27.0,748.8066,0.011111111,0.03333333,0.0,0.0,May,2,2,1,2,Returning_Visitor,False,False
3.0,46.546387,0.0,0.0,20.0,473.97388,0.0,0.024912417,0.0,0.0,Nov,4,2,1,2,Returning_Visitor,False,False
0.0,0.0,0.0,0.0,18.348482,687.73975,0.0,0.02934967,0.0,0.0,Dec,2,2,1,1,Returning_Visitor,False,False
0.0,0.0,0.0,0.0,37.0,1109.1895,0.0,0.011111111,0.0,0.0,Nov,4,2,1,2,Returning_Visitor,False,False
0.0,0.0,0.0,0.0,10.0,307.61462,0.03246606,0.06666667,0.0,0.0,Nov,1,1,9,8,Returning_Visitor,False,False
2.0,23.961304,0.0,0.0,37.400738,757.18756,0.0,0.018244771,0.0,0.0,Nov,2,4,7,1,Returning_Visitor,False,False
0.0,0.0,0.0,0.0,26.0,363.10428,0.0,0.021416761,0.0,0.0,Nov,1,2,1,2,Returning_Visitor,False,False
0.0,0.0,0.0,0.0,14.0,572.58734,0.0,0.022528814,0.0,0.0,Aug,2,2,2,13,Returning_Visitor,False,False
0.0,0.0,0.0,0.0,14.0,489.53464,0.0,0.029313834,0.0,0.0,Dec,2,2,1,8,Returning_Visitor,False,False
3.0,81.06532,0.0,0.0,30.315338,790.4199,0.010485802,0.030077178,0.0,0.0,Dec,3,2,1,2,Returning_Visitor,False,False
4.0,111.007675,0.0,0.0,23.0,555.8344,0.0036145719,0.01974654,0.0,0.0,Dec,2,2,1,2,New_Visitor,False,False
0.0,0.0,0.0,0.0,71.47954,3209.143,0.007308996,0.026351808,0.0,0.0,Nov,2,2,1,2,Returning_Visitor,False,False
4.0,51.298145,0.0,0.0,33.0,868.5201,0.0,0.021182202,0.0,0.0,Nov,2,2,1,8,Returning_Visitor,False,False
0.0,0.0,0.0,0.0,24.81469,701.4189,0.0,0.019619,0.0,0.0,Nov,1,1,3,9,Returning_Visitor,False,False
0.0,0.0,0.0,0.0,22.0,448.80505,0.0,0.026498284,0.0,0.0,Aug,2,2,4,2,Returning_Visitor,False,False
0.0,0.0,0.0,0.0,28.0,856.1618,0.0,0.016034648,0.0,0.0,Dec,2,2,4,1,Returning_Visitor,False,False
0.0,0.0,0.0,0.0,40.0,1007.8349,0.005250371,0.0174625,0.0,0.0,Dec,1,4,1,13,Returning_Visitor,False,False
0.0,0.0,0.0,0.0,25.0,597.10486,0.0,0.016666668,0.0,0.0,Mar,2,2,7,1,Returning_Visitor,False,False
0.0,0.0,0.0,0.0,24.0,684.3947,0.017256023,0.04,0.0,0.0,Dec,2,2,3,1,Returning_Visitor,False,False
0.0,0.0,0.0,0.0,26.0,675.6367,0.0,0.016666668,0.0,0.0,Nov,4,4,1,2,Returning_Visitor,False,False
2.0472388,51.55257,0.0,0.0,40.455444,1116.664,0.009090909,0.025168017,0.0,0.0,May,3,2,1,3,Returning_Visitor,False,False
0.0,0.0,0.0,0.0,42.0,1309.0707,0.0,0.023835931,0.0,0.0,Sep,2,2,1,3,Returning_Visitor,False,False
0.0,0.0,1.0,11.333775,24.0,724.18335,0.0,0.018302476,0.0,0.0,Nov,2,2,1,2,Returning_Visitor,False,False
2.0,27.13709,0.0,0.0,18.0,584.2972,0.0,0.014285714,19.765587,0.0,Dec,2,2,4,8,New_Visitor,False,True
4.0,64.272026,0.0,0.0,49.0,1689.381,0.0,0.008808782,4.412053,0.0,Sep,2,4,7,2,Returning_Visitor,False,False
2.0,31.89115,0.0,0.0,17.784218,495.3502,0.0,0.016666668,0.0,0.0,Dec,2,2,1,13,Returning_Visitor,False,False
0.0,0.0,0.0,0.0,17.719776,776.3253,0.028571429,0.056268495,0.0,0.0,Dec,2,2,1,1,Returning_Visitor,False,False
0.0,0.0,0.0,0.0,15.0,518.3195,0.0,0.025,0.0,0.0,Dec,1,1,1,13,Returning_Visitor,False,False
4.0,80.348076,0.0,0.0,23.151655,721.70447,0.0026965488,0.025,0.0,0.0,Dec,2,2,1,13,Returning_Visitor,False,False
0.0,0.0,0.0,0.0,16.0,325.2979,0.0,0.03143581,0.0,0.0,Oct,2,2,9,1,Returning_Visitor,False,True
0.0,0.0,0.0,0.0,13.0,510.20895,0.033235684,0.061717533,0.0,0.0,Dec,3,2,8,13,Returning_Visitor,False,False
0.0,0.0,0.0,0.0,29.0,709.0686,0.0,0.025,0.0,0.0,Nov,1,2,1,2,Returning_Visitor,False,False
0.0,0.0,0.0,0.0,26.0,1113.4498,0.010901398,0.03774439,0.0,0.0,Dec,4,1,1,13,Returning_Visitor,False,False
3.0,56.517834,0.0,0.0,16.0,482.66498,0.0,0.02141567,0.0,0.0,Dec,1,2,1,2,Returning_Visitor,False,False
0.0,0.0,0.0,0.0,24.0,654.16583,0.006666667,0.03358363,0.0,0.0,Aug,2,2,9,1,Returning_Visitor,False,False
0.0,0.0,0.0,0.0,22.201494,668.60223,0.04,0.0535052,0.0,0.0,Nov,3,2,1,13,Returning_Visitor,False,False
0.0,0.0,0.0,0.0,37.0,796.3981,0.0,0.015111663,0.0,0.0,Nov,3,2,1,8,Returning_Visitor,False,False
4.0,86.482315,0.0,0.0,22.791265,503.07938,0.0071122274,0.023836574,0.0,0.0,Dec,2,2,1,2,Returning_Visitor,False,False
4.0,77.43968,0.0,0.0,35.4486,809.01917,0.0,0.016459586,0.0,0.0,Nov,1,1,7,9,Returning_Visitor,False,False
5.0,125.588356,0.0,0.0,43.994003,1853.97,0.0,0.016666668,15.608165,0.0,Dec,4,1,1,9,Returning_Visitor,False,False
0.0,0.0,3.5469518,105.39494,35.0,942.8821,0.0,0.02647232,0.0,0.0,Dec,1,1,1,2,Returning_Visitor,False,False
3.0,45.989376,0.0,0.0,37.0,812.4995,0.0,0.0223247,0.0,0.0,Aug,2,2,1,1,Returning_Visitor,False,False
5.0,79.088165,0.0,0.0,28.727629,808.4579,0.0,0.018105764,0.0,0.0,Sep,4,1,4,13,Returning_Visitor,False,False
0.0,0.0,0.0,0.0,27.0,614.0661,0.0,0.025,0.0,0.0,Jul,4,2,1,3,Returning_Visitor,False,False
3.0,64.9634,0.0,0.0,65.26757,2025.488,0.006635649,0.023642546,0.0,0.0,Aug,2,1,1,1,Returning_Visitor,False,False
0.0,0.0,0.0,0.0,26.0,678.9543,0.014231943,0.030047633,0.0,0.0,Nov,2,2,1,13,Returning_Visitor,False,False
0.0,0.0,0.0,0.0,31.0,1060.3192,0.011750407,0.03333333,0.0,0.0,Dec,2,2,1,1,Returning_Visitor,False,False
4.0,48.401386,0.0,0.0,45.269035,1204.6016,0.0,0.013333333,0.0,0.0,Aug,2,2,1,2,Returning_Visitor,False,False
0.0,0.0,0.0,0.0,4.0,95.72029,0.0,0.059800144,0.0,0.0,Dec,2,2,3,1,Returning_Visitor,False,False
1.0,9.207029,0.0,0.0,27.124834,564.9729,0.0,0.021699676,0.0,0.0,Dec,2,2,7,13,Returning_Visitor,False,False
0.0,0.0,0.0,0.0,15.0,586.3559,0.022222223,0.044444446,0.0,0.0,Aug,1,4,1,1,Returning_Visitor,False,False
3.0,60.118263,0.0,0.0,29.0,800.15497,0.0,0.018181818,0.0,0.0,Aug,2,2,1,1,Returning_Visitor,False,False
0.0,0.0,0.0,0.0,15.0,235.52176,0.0,0.023391534,0.0,0.0,Jul,2,2,1,2,Returning_Visitor,False,False
2.0,59.37687,0.0,0.0,26.0,619.60046,0.0,0.013614683,0.0,0.0,Aug,2,2,7,2,Returning_Visitor,False,False
2.0,28.572853,0.0,0.0,25.0,797.5218,0.0,0.019059775,0.0,0.0,Aug,2,2,1,2,Returning_Visitor,False,False
0.0,0.0,0.0,0.0,27.071747,585.8939,0.0,0.016666668,0.0,0.0,Dec,2,2,1,1,Returning_Visitor,False,False
0.0,0.0,0.0,0.0,20.0,412.68088,0.0,0.025,0.0,0.0,Nov,2,2,1,13,Returning_Visitor,False,False
0.0,0.0,0.0,0.0,21.0,573.71313,0.0,0.027270582,0.0,0.0,Aug,1,1,3,19,Returning_Visitor,False,False
3.0,45.18593,0.0,0.0,54.233784,1731.1902,0.0,0.019818101,357.0358,0.0,Dec,2,2,1,1,Returning_Visitor,False,False
0.0,0.0,0.0,0.0,16.604992,464.93436,0.0,0.021931611,361.76373,0.0,Nov,2,4,1,1,Returning_Visitor,False,False
1.0,14.482612,0.0,0.0,39.0,1342.8036,0.015262884,0.032399595,7.0087247,0.0,Aug,2,2,7,1,Returning_Visitor,False,False
0.0,0.0,0.0,0.0,14.0,666.54254,0.0,0.03333333,0.0,0.0,Dec,2,2,1,2,Returning_Visitor,False,False
0.0,0.0,0.0,0.0,24.0,540.69366,0.016664961,0.05,0.0,0.0,Dec,1,2,1,3,Returning_Visitor,False,False
0.0,0.0,0.0,0.0,27.0,1124.548,0.002603577,0.021409243,0.0,0.0,Nov,2,4,6,3,Returning_Visitor,False,False
3.0,81.45626,0.0,0.0,32.13331,1193.2776,0.011036293,0.016840292,0.0,0.0,Dec,1,2,9,15,Returning_Visitor,False,False
0.0,0.0,0.0,0.0,19.35289,403.38452,0.0,0.04,0.0,0.0,Dec,2,2,6,1,Returning_Visitor,False,False
0.0,0.0,0.0,0.0,42.0,1508.914,0.0,0.019319527,0.0,0.0,Dec,2,2,7,13,Returning_Visitor,False,False
3.0,34.83892,0.0,0.0,15.0,464.7945,0.0,0.0172949,0.0,0.0,Nov,2,2,7,2,Returning_Visitor,False,False
0.0,0.0,0.0,0.0,20.777544,555.2763,0.007995888,0.027191393,0.0,0.0,Nov,2,2,4,13,Returning_Visitor,False,False
0.0,0.0,0.0,0.0,31.0,725.30023,0.0,0.017313607,0.0,0.0,Aug,2,4,1,1,Returning_Visitor,False,False
2.0,63.431423,0.0,0.0,29.0,606.4508,0.0,0.00899924,0.0,0.0,Dec,1,2,3,2,Returning_Visitor,False,False
2.0,20.074427,0.0,0.0,17.0,261.62906,0.0,0.030702109,0.0,0.0,Dec,4,2,1,3,Returning_Visitor,False,False
0.0,0.0,0.0,0.0,8.0,272.6736,0.0,0.05,0.0,0.0,Dec,2,2,1,15,Returning_Visitor,False,False
0.0,0.0,0.0,0.0,24.0,799.74457,0.0125,0.03231049,0.0,0.0,Jul,2,2,1,1,Returning_Visitor,False,False
0.0,0.0,0.0,0.0,15.0,332.41504,0.0,0.03011205,0.0,0.0,Nov,2,4,8,2,Returning_Visitor,False,False
0.0,0.0,0.0,0.0,13.0,200.59938,0.0,0.04807333,0.0,0.0,Aug,2,2,1,1,Returning_Visitor,False,False
3.0,47.342472,0.0,0.0,25.0,313.1309,0.0,0.02,0.0,0.0,Nov,2,2,3,2,New_Visitor,False,False
0.0,0.0,0.0,0.0,26.0,841.8003,0.0,0.02184051,6.6742153,0.0,Dec,2,2,4,2,Returning_Visitor,False,True
2.0,28.962252,0.0,0.0,25.0,610.9702,0.010447061,0.03257586,0.0,0.0,Dec,2,4,4,2,Returning_Visitor,False,False
0.0,0.0,0.0,0.0,19.0,336.23126,0.0,0.025139539,0.0,0.0,Aug,4,1,4,2,Returning_Visitor,False,False
3.0,61.548866,0.0,0.0,46.22294,1164.8964,0.0077843205,0.025,0.0,0.0,Nov,1,2,7,2,Returning_Visitor,False,False
0.0,0.0,0.0,0.0,39.091873,1424.4592,0.0,0.019320441,0.0,0.0,Dec,2,2,4,2,Returning_Visitor,False,False
0.0,0.0,0.0,0.0,19.0,474.21448,0.0,0.025172517,0.0,0.0,Dec,2,2,1,1,Returning_Visitor,False,False
0.0,0.0,0.0,0.0,16.0,327.45816,0.031336855,0.06666667,0.0,0.0,Dec,4,1,1,1,Returning_Visitor,False,False
5.0,137.16348,0.0,0.0,37.829575,792.75714,0.0,0.015583184,0.0,0.0,Dec,1,1,1,13,Returning_Visitor,False,False
0.0,0.0,0.0,0.0,29.0,722.2107,0.0,0.01995537,0.0,0.0,Dec,2,2,1,1,Returning_Visitor,False,False
0.0,0.0,0.0,0.0,20.0,422.8831,0.0,0.016694697,0.0,0.0,Dec,2,2,1,2,Returning_Visitor,False,False
0.0,0.0,0.0,0.0,10.0,158.0659,0.03333333,0.06484405,0.0,0.0,Nov,2,2,1,3,Returning_Visitor,False,False
0.0,0.0,0.0,0.0,12.0,283.46655,0.0,0.01355634,0.0,0.0,Nov,1,2,9,2,Returning_Visitor,False,False
5.0,74.54555,3.0,243.18352,83.58231,2682.0066,0.0,0.012987391,0.0,0.0,Aug,1,2,1,2,Returning_Visitor,False,False
1.0,20.219797,0.0,0.0,27.0,666.50934,0.007039063,0.028571429,0.0,0.0,Dec,2,4,6,13,Returning_Visitor,False,False
0.0,0.0,0.0,0.0,21.0,579.50037,0.0053569847,0.03383614,0.0,0.0,Aug,4,2,1,3,Returning_Visitor,False,False
0.0,0.0,0.0,0.0,22.0,331.52658,0.020377813,0.040026765,0.0,0.0,Nov,1,2,1,1,Returning_Visitor,False,False
3.0,52.683178,0.0,0.0,12.0,283.63898,0.0,0.014665117,0.0,0.0,Mar,2,2,1,13,New_Visitor,False,False
0.0,0.0,0.0,0.0,19.215954,437.15237,0.0,0.026384782,0.0,0.0,Nov,2,2,1,1,Returning_Visitor,False,False
4.0,50.89932,0.0,0.0,13.0,408.7072,0.0,0.0125,0.0,0.0,Nov,2,2,1,2,New_Visitor,False,False
0.0,0.0,0.0,0.0,22.0,577.9471,0.0,0.018533973,0.0,0.0,Nov,2,2,1,13,Returning_Visitor,False,False
0.0,0.0,0.0,0.0,21.0,459.5964,0.0,0.032507364,0.0,0.0,Aug,2,6,3,1,Returning_Visitor,False,False
0.0,0.0,0.0,0.0,34.0,673.2529,0.0,0.022785245,0.0,0.0,Dec,2,4,1,3,Returning_Visitor,False,False
2.0,38.67957,0.0,0.0,24.0,742.54846,0.0,0.0125,0.0,0.0,May,2,2,4,1,Returning_Visitor,False,False
0.0,0.0,0.0,0.0,11.0,179.01665,0.0,0.027554559,0.0,0.0,Dec,2,2,9,2,Returning_Visitor,False,False
0.0,0.0,0.0,0.0,17.0,379.08304,0.0,0.016666668,0.0,0.0,Nov,4,2,4,3,Returning_Visitor,False,False
0.0,0.0,0.0,0.0,11.0,312.27542,0.0,0.03541498,0.0,0.0,Dec,2,2,1,2,Returning_Visitor,False,False
0.0,0.0,0.0,0.0,15.0,283.8044,0.0,0.01245361,0.0,0.0,Dec,2,2,7,2,Returning_Visitor,False,False
0.0,0.0,0.0,0.0,21.0,619.01373,0.014759173,0.03351949,0.0,0.0,Mar,1,1,3,1,Returning_Visitor,False,False
0.0,0.0,0.0,0.0,27.0,760.4358,0.0,0.021044575,0.0,0.0,Dec,2,2,4,3,Returning_Visitor,False,False
0.0,0.0,0.0,0.0,14.0,505.12878,0.034339156,0.05373478,0.0,0.0,Nov,2,2,1,3,Returning_Visitor,False,False
0.0,0.0,0.0,0.0,14.0,362.23636,0.031783935,0.054331683,0.0,0.0,Jul,1,1,3,4,Returning_Visitor,False,False
0.0,0.0,0.0,0.0,23.433388,597.3887,0.0,0.020737853,0.0,0.0,Mar,2,2,7,2,Returning_Visitor,False,False
0.0,0.0,0.0,0.0,25.840061,799.0124,0.0,0.01753316,0.0,0.0,Nov,4,4,1,2,Returning_Visitor,False,False
0.0,0.0,0.0,0.0,22.0,586.74646,0.0,0.028566731,0.0,0.0,Jul,2,2,2,2,Returning_Visitor,False,False
0.0,0.0,0.0,0.0,33.0,770.3731,0.0,0.024476811,6.1605315,0.0,Dec,2,2,4,8,Returning_Visitor,False,True
0.0,0.0,0.0,0.0,30.730583,661.688,0.0,0.01746076,0.0,0.0,Dec,2,2,1,1,Returning_Visitor,False,False
5.0,179.2792,0.0,0.0,37.433384,683.948,0.0,0.013483582,0.0,0.0,Dec,3,2,7,2,Returning_Visitor,False,False
0.0,0.0,0.0,0.0,18.075438,511.7648,0.0,0.022222223,0.0,0.0,Dec,2,2,3,1,Returning_Visitor,False,False
0.0,0.0,0.0,0.0,27.0,729.4885,0.021093851,0.03333333,0.0,0.0,Dec,3,2,1,1,Returning_Visitor,False,False
0.0,0.0,0.0,0.0,10.0,243.37123,0.0,0.04,0.0,0.0,Nov,2,1,4,2,Returning_Visitor,False,False
4.0,98.505035,0.0,0.0,37.0,866.3833,0.0,0.011955354,0.0,0.0,Dec,1,4,1,2,Returning_Visitor,False,False
0.0,0.0,0.0,0.0,25.0,681.436,0.0,0.025250668,0.0,0.0,Aug,2,2,4,2,Returning_Visitor,False,False
0.0,0.0,0.0,0.0,25.500704,901.3133,0.0,0.014353775,0.0,0.0,Aug,2,2,4,2,Returning_Visitor,False,True
2.0,46.42194,0.0,0.0,13.537167,326.20914,0.0,0.010146702,0.0,0.0,Aug,2,2,1,2,New_Visitor,False,False
0.0,0.0,0.0,0.0,22.0,1017.36255,0.028571429,0.05,0.0,0.0,Nov,3,2,9,13,Returning_Visitor,False,False
4.0,84.100204,0.0,0.0,48.923607,2151.1355,0.013230127,0.031582214,0.0,0.0,Dec,2,2,6,1,Returning_Visitor,False,False
3.0,82.87801,0.0,0.0,43.643414,1845.0776,0.008141806,0.025,0.0,0.0,Aug,4,2,1,13,Returning_Visitor,False,False
0.0,0.0,0.0,0.0,35.0,931.1512,0.0,0.017833875,0.0,0.0,Nov,2,2,1,3,Returning_Visitor,False,False
0.0,0.0,0.0,0.0,24.0,449.81195,0.0,0.016012194,0.0,0.0,Dec,2,2,1,1,Returning_Visitor,False,False
2.0,56.48878,0.0,0.0,23.411018,476.10715,0.0,0.014591354,0.0,0.0,Dec,4,2,1,2,Returning_Visitor,False,False
1.0,0.0,0.0,0.0,45.187263,1761.5118,0.007013531,0.0272322,0.0,0.0,Dec,2,2,1,1,Returning_Visitor,False,False
2.0,51.126427,0.0,0.0,36.56676,1009.7897,0.0,0.0115549555,22.037386,0.0,Sep,2,2,1,2,Returning_Visitor,False,True
0.0,0.0,0.0,0.0,23.0,609.94214,0.025,0.0408942,0.0,0.0,Dec,1,2,1,2,Returning_Visitor,False,False
0.0,0.0,0.0,0.0,20.0,653.3726,0.0,0.025697015,0.0,0.0,May,2,2,7,2,Returning_Visitor,False,False
0.0,0.0,0.0,0.0,15.0,301.66183,0.0,0.038709894,0.0,0.0,Dec,2,2,7,3,Returning_Visitor,False,False
0.0,0.0,0.0,0.0,26.0,697.7999,0.002712447,0.026111256,0.0,0.0,Dec,2,2,1,1,Returning_Visitor,False,False
5.0,76.036674,0.0,0.0,55.34219,2172.8044,0.0013204332,0.017444016,11.298658,0.0,Nov,2,2,1,1,Returning_Visitor,False,True
0.0,0.0,0.0,0.0,24.0,621.94507,0.0,0.028571429,0.0,0.0,Aug,1,1,1,3,Returning_Visitor,False,False
2.0,73.0411,0.0,0.0,8.0,187.76035,0.0,0.04143896,0.0,0.0,Nov,2,8,9,8,Returning_Visitor,False,False
0.0,0.0,0.0,0.0,42.7118,1252.1681,0.0,0.015384615,25.993118,0.0,Dec,4,2,4,2,Returning_Visitor,False,False
0.0,0.0,0.0,0.0,3.0,122.60695,0.0,0.052250143,0.0,0.0,Nov,3,2,1,3,Returning_Visitor,False,False
2.0,50.816185,0.0,0.0,34.0,682.10016,0.009070224,0.031565167,0.0,0.0,Dec,2,2,3,1,Returning_Visitor,False,False
0.0,0.0,0.0,0.0,21.0,508.8365,0.016666668,0.04482922,0.0,0.0,Nov,2,2,9,1,Returning_Visitor,False,False
0.0,0.0,0.0,0.0,46.0,1838.3151,0.0070086224,0.031124571,0.0,0.0,Jul,2,2,1,13,Returning_Visitor,False,False
6.8150153,111.06218,1.0,103.55263,33.0,720.1258,0.009090909,0.025,0.0,0.0,Nov,4,2,1,2,Returning_Visitor,False,False
0.0,0.0,0.0,0.0,2.0,0.0,0.2,0.2,0.0,0.0,Dec,1,1,3,1,Returning_Visitor,False,False
0.0,0.0,0.0,0.0,42.0,1727.1936,0.0,0.017630432,25.298605,0.0,Nov,2,2,1,2,Returning_Visitor,False,True
5.0,77.04498,0.0,0.0,44.0,1225.6411,0.0046042865,0.018177506,0.0,0.0,Jul,2,2,4,10,Returning_Visitor,False,False
0.0,0.0,0.0,0.0,27.0,696.13434,0.0125,0.035620328,0.0,0.0,Nov,2,2,1,1,Returning_Visitor,False,False
0.0,0.0,0.0,0.0,29.0,980.96533,0.0065422077,0.028571429,0.0,0.0,Dec,2,2,9,2,Returning_Visitor,False,False
2.0,47.772182,0.0,0.0,21.0,617.8617,0.0,0.014285714,0.0,0.0,Dec,2,2,1,1,Returning_Visitor,False,False
4.0,73.249214,0.0,0.0,41.0,784.56696,0.0,0.012863854,0.0,0.0,Dec,1,1,4,2,Returning_Visitor,False,False
2.0,52.884365,0.0,0.0,8.341385,295.79593,0.0,0.023493234,0.0,0.0,Mar,2,2,4,19,Returning_Visitor,False,False
0.0,0.0,0.0,0.0,15.0,315.8768,0.0,0.02304455,0.0,0.0,Dec,2,2,4,2,Returning_Visitor,False,False
0.0,0.0,0.0,0.0,7.0,114.07864,0.0,0.026190026,0.0,0.0,Dec,2,2,1,10,Returning_Visitor,False,False
0.0,0.0,0.0,0.0,24.0,651.33276,0.0,0.02180323,0.0,0.0,Nov,2,2,4,13,Returning_Visitor,False,False
2.0,46.77065,0.0,0.0,12.0,571.35455,0.0,0.020648938,0.0,0.0,Mar,2,2,7,2,New_Visitor,False,False
6.0,136.0039,0.0,0.0,25.0,728.4817,0.0,0.016029082,0.0,0.0,Dec,2,2,1,13,Returning_Visitor,False,False
0.0,0.0,0.0,0.0,20.0,492.37308,0.0,0.016751591,0.0,0.0,Aug,2,2,4,2,Returning_Visitor,False,False
3.0,44.294502,0.0,0.0,26.0,638.2899,0.014299402,0.028571429,0.0,0.0,Dec,2,2,1,13,Returning_Visitor,False,False
0.0,0.0,0.0,0.0,8.0,274.9121,0.0,0.04,0.0,0.0,Dec,2,2,9,2,Returning_Visitor,False,False
3.0,81.9544,0.0,0.0,27.0,721.91425,0.0,0.016666668,0.0,0.0,Nov,3,2,1,2,Returning_Visitor,False,False
0.0,0.0,0.0,0.0,17.0,301.48834,0.0,0.018784104,0.0,0.0,Dec,1,1,1,2,Returning_Visitor,True,False
4.0,82.68126,0.0,0.0,43.45124,1269.6064,0.0023544545,0.016239302,0.0,0.0,Dec,4,2,1,2,Returning_Visitor,False,False
0.0,0.0,0.0,0.0,8.0,295.87485,0.0,0.022713937,0.0,0.0,Dec,1,2,9,2,Returning_Visitor,False,False
0.0,0.0,0.0,0.0,20.85661,355.84982,0.0013042663,0.024280604,0.0,0.0,Dec,4,2,1,13,Returning_Visitor,False,False
0.0,0.0,0.0,0.0,29.0,680.2556,0.0058074836,0.022415463,0.0,0.0,Dec,1,2,4,2,Returning_Visitor,False,False
0.0,0.0,0.0,0.0,13.0,279.80347,0.0,0.024266854,0.0,0.0,Aug,2,2,7,9,Returning_Visitor,False,False
3.0,52.063614,0.0,0.0,21.0,415.10132,0.0,0.02706634,0.0,0.0,Dec,2,2,1,1,Returning_Visitor,False,False
0.0,0.0,0.0,0.0,9.0,220.8341,0.03333333,0.053265624,0.0,0.0,Dec,3,2,3,13,Returning_Visitor,False,False
4.0,68.303566,0.0,0.0,33.0,700.6163,0.0,0.012212287,0.0,0.0,Dec,2,2,1,2,New_Visitor,False,True
0.0,0.0,0.0,0.0,8.989208,195.57803,0.0051311716,0.05,0.0,0.0,Nov,3,2,6,13,Returning_Visitor,False,False
0.0,0.0,0.0,0.0,18.0,446.19086,0.0059272274,0.034136992,0.0,0.0,Dec,1,2,4,13,Returning_Visitor,False,False
3.0,46.029976,0.0,0.0,36.08862,1317.5106,0.0,0.0052414713,31.150482,0.0,Aug,2,2,3,2,Returning_Visitor,False,True
0.0,0.0,0.0,0.0,16.0,744.0941,0.0,0.02,0.0,0.0,Nov,4,1,1,2,Returning_Visitor,False,False
0.0,0.0,0.0,0.0,21.0,442.67566,0.0,0.01796568,0.0,0.0,Aug,2,2,1,1,Returning_Visitor,False,True
3.0,63.97612,0.0,0.0,38.0,1199.6768,0.0044139447,0.01699922,11.543476,0.0,Dec,2,2,7,13,Returning_Visitor,False,True
0.0,0.0,0.0,0.0,10.0,464.38287,0.0,0.021692863,0.0,0.0,Nov,2,2,4,1,Returning_Visitor,False,False
0.0,0.0,0.0,0.0,3.0,77.483055,0.0,0.053115886,0.0,0.0,Nov,1,1,1,1,Returning_Visitor,False,False
3.0,49.455925,0.0,0.0,30.0,815.75244,0.010824196,0.028664364,0.0,0.0,Aug,2,2,7,2,Returning_Visitor,False,False
0.0,0.0,0.0,0.0,12.0,228.37538,0.0,0.03571079,0.0,0.0,Jul,2,5,8,1,Returning_Visitor,False,False
4.0,81.016335,0.0,0.0,60.0,2268.9255,0.0020415897,0.016666668,11.722436,0.0,Dec,2,2,1,2,Returning_Visitor,False,True
0.0,0.0,0.0,0.0,17.0,514.9792,0.0,0.026760362,0.0,0.0,Nov,2,2,1,19,Returning_Visitor,False,False
0.0,0.0,0.0,0.0,28.0,943.1615,0.0069398643,0.024671849,0.0,0.0,Dec,3,2,1,2,Returning_Visitor,False,False
0.0,0.0,0.0,0.0,10.0,203.83104,0.0,0.036335547,0.0,0.0,Dec,2,2,9,20,Returning_Visitor,False,False
0.0,0.0,0.0,0.0,28.0,900.5288,0.0032054486,0.02684226,0.0,0.0,Nov,1,2,1,2,Returning_Visitor,False,False
0.0,0.0,0.0,0.0,31.0,669.88416,0.0147614125,0.03105486,0.0,0.0,Nov,3,2,1,1,Returning_Visitor,False,False
0.0,0.0,0.0,0.0,17.0,364.85568,0.0,0.021300878,0.0,0.0,Aug,2,2,6,3,Returning_Visitor,False,True
0.0,0.0,0.0,0.0,29.109716,649.59766,0.0,0.025,0.0,0.0,Dec,1,1,7,3,Returning_Visitor,False,False
2.0,156.25407,0.0,0.0,31.0,792.90607,0.007303998,0.016666668,0.0,0.0,Dec,1,2,1,1,Returning_Visitor,False,False
3.0,45.938335,0.0,0.0,12.0,246.67766,0.0,0.02,0.0,0.0,Mar,2,2,1,2,Returning_Visitor,False,False
0.0,0.0,0.0,0.0,25.0,606.00336,0.0154228825,0.03333333,0.0,0.0,Dec,2,2,7,1,Returning_Visitor,False,False
5.0,101.43025,0.0,0.0,97.96029,4516.6807,0.0049196524,0.018920828,0.0,0.0,Nov,2,4,1,1,Returning_Visitor,False,False
0.0,0.0,0.0,0.0,13.0,304.21848,0.035019007,0.06666667,0.0,0.0,Dec,2,2,1,3,Returning_Visitor,False,False
5.0,83.24594,0.0,0.0,39.787006,749.503,0.0,0.00971761,0.0,0.0,Dec,4,2,1,2,Returning_Visitor,False,False
3.0,78.10234,0.0,0.0,26.0,894.2257,0.018181818,0.032634564,0.0,0.0,Aug,1,1,4,1,Returning_Visitor,False,False
0.0,0.0,0.0,0.0,25.0,490.6239,0.0,0.018402388,0.0,0.0,Nov,4,1,9,2,Returning_Visitor,False,False
0.0,0.0,0.0,0.0,11.0,223.13109,0.0,0.034589358,0.0,0.0,Jul,1,2,4,3,Returning_Visitor,False,False
0.0,0.0,0.0,0.0,21.0,482.1059,0.0,0.02,0.0,0.0,Dec,1,1,4,2,Returning_Visitor,False,False
0.0,0.0,0.0,0.0,31.0,1021.52954,0.012035238,0.03691887,0.0,0.0,Dec,1,8,1,1,Returning_Visitor,False,False
3.0,82.20413,0.0,0.0,11.0,192.35732,0.028571429,0.046801124,0.0,0.0,Nov,1,1,2,1,Returning_Visitor,False,False
3.0,39.668335,0.0,0.0,30.0,929.5411,0.0,0.016092855,8.863812,0.0,Mar,2,2,1,2,Returning_Visitor,False,True
0.0,0.0,0.0,0.0,50.605003,1813.1846,0.0,0.016217807,0.0,0.0,Aug,2,2,1,2,Returning_Visitor,False,False
5.0,78.31558,0.0,0.0,40.0,1766.0619,0.0,0.015384615,8.578854,0.0,Aug,4,2,3,2,Returning_Visitor,False,True
0.0,0.0,0.0,0.0,11.0,408.7735,0.0,0.04474843,0.0,0.0,Aug,3,2,1,3,Returning_Visitor,False,False
0.0,0.0,0.0,0.0,15.0,288.33536,0.0,0.028447418,0.0,0.0,Dec,4,2,1,4,Returning_Visitor,False,False
0.0,0.0,0.0,0.0,16.113243,466.95667,0.0,0.02906639,0.0,0.0,Nov,1,2,4,9,Returning_Visitor,False,False
3.0,80.85675,0.0,0.0,43.0,1844.962,0.006729019,0.015384615,18.583963,0.0,Nov,1,1,1,2,Returning_Visitor,True,True
3.0,66.59846,0.0,0.0,24.810215,604.6017,0.0,0.018149037,0.0,0.0,Nov,1,2,2,2,Returning_Visitor,False,False
0.0,0.0,0.0,0.0,20.0,448.93512,0.0,0.017313236,0.0,0.0,Nov,4,2,1,2,Returning_Visitor,False,False
0.0,0.0,0.0,0.0,9.829833,235.5907,0.0,0.021552132,0.0,0.0,Nov,2,2,1,3,Returning_Visitor,False,False
4.0,192.59549,0.0,0.0,15.820306,356.10278,0.0,0.015779978,0.0,0.0,Nov,1,1,3,2,Returning_Visitor,False,False
0.0,0.0,0.0,0.0,27.0,571.3298,0.0,0.016666668,0.0,0.0,Dec,2,2,4,15,Returning_Visitor,False,False
0.0,0.0,0.0,0.0,32.0,858.0314,0.011822383,0.03103509,0.0,0.0,Jul,2,2,7,1,Returning_Visitor,False,False
0.0,0.0,0.0,0.0,23.0,658.7717,0.01901848,0.042796843,0.0,0.0,Dec,2,2,1,3,Returning_Visitor,False,False
0.0,0.0,0.0,0.0,7.0,183.16348,0.0,0.03263421,0.0,0.0,Nov,4,1,1,1,Returning_Visitor,False,False
0.0,0.0,0.0,0.0,17.011993,522.35614,0.0,0.027739944,0.0,0.0,Aug,2,6,7,1,Returning_Visitor,False,False
3.0,37.631035,0.0,0.0,27.851402,614.78375,0.0,0.014825292,0.0,0.0,Sep,2,2,9,2,Returning_Visitor,False,False
0.0,0.0,0.0,0.0,27.0,613.96893,0.0,0.022222223,0.0,0.0,Dec,1,2,1,2,Returning_Visitor,False,False
3.0,46.578045,0.0,0.0,26.0,661.8005,0.0,0.0102653075,0.0,0.0,Dec,2,4,1,2,New_Visitor,False,False
4.0,126.02351,0.0,0.0,44.88403,1265.7427,0.007403682,0.0238584,0.0,0.0,Nov,1,4,3,13,Returning_Visitor,False,False
3.0,63.91872,0.0,0.0,27.0,607.68396,0.0,0.016666668,0.0,0.0,Feb,2,2,1,1,Returning_Visitor,False,False
0.0,0.0,0.0,0.0,5.0,47.779335,0.0,0.07768619,0.0,0.0,Dec,4,2,3,3,Returning_Visitor,False,False
0.0,0.0,0.0,0.0,16.0,393.21222,0.025,0.056960948,0.0,0.0,Dec,2,1,1,3,Returning_Visitor,True,False
1.0,0.0,0.0,0.0,17.0,293.61188,0.0,0.01770724,0.0,0.0,Dec,2,2,6,9,Returning_Visitor,False,False
3.0,50.979736,0.0,0.0,24.0,412.90646,0.0,0.021695903,0.0,0.0,Nov,2,2,7,2,Returning_Visitor,False,False
2.0,25.80824,0.0,0.0,37.0,1207.635,0.0,0.018181818,0.0,0.0,Dec,2,2,1,2,Returning_Visitor,False,True
0.0,0.0,0.0,0.0,23.0,658.4017,0.0,0.02,0.0,0.0,Dec,3,2,8,2,Returning_Visitor,False,False
0.0,0.0,0.0,0.0,30.0,842.4061,0.0,0.016053328,0.0,0.0,Nov,1,2,1,2,Returning_Visitor,False,False
0.0,0.0,0.0,0.0,30.0,665.9915,0.0,0.02405697,0.0,0.0,Nov,2,2,1,2,Returning_Visitor,False,False
0.0,0.0,0.0,0.0,27.0,592.74457,0.0,0.019127438,0.0,0.0,Nov,2,2,1,1,Returning_Visitor,False,False
3.0,69.33838,0.0,0.0,28.86142,610.3107,0.0,0.014482656,0.0,0.0,Nov,1,4,1,9,Returning_Visitor,False,False
0.0,0.0,0.0,0.0,47.298084,1227.8386,0.0055056037,0.018181818,0.0,0.0,Jul,2,2,3,1,Returning_Visitor,False,False
3.0,54.954865,0.0,0.0,27.0,1058.7296,0.013333333,0.03083019,0.0,0.0,Jul,1,4,1,3,Returning_Visitor,False,False
0.0,0.0,0.0,0.0,24.0,1124.7501,0.0074375407,0.029210534,0.0,0.0,May,4,2,9,13,Returning_Visitor,False,False
0.0,0.0,0.0,0.0,63.335903,1540.3333,0.009557256,0.03333333,0.0,0.0,Aug,2,2,1,1,Returning_Visitor,False,False
2.0,33.38624,0.0,0.0,25.0,587.0049,0.0,0.009983971,0.0,0.0,Jul,2,2,1,1,New_Visitor,False,False
0.0,0.0,0.0,0.0,20.0,584.16876,0.0,0.016666668,0.0,0.0,Dec,2,2,4,2,Returning_Visitor,False,False
0.0,0.0,0.0,0.0,30.0,779.0214,0.0,0.02052,0.0,0.0,Nov,2,2,1,2,Returning_Visitor,False,False
6.0,130.34146,1.0,5.923503,33.0,1009.22864,0.0,0.0179173,0.0,0.0,Dec,2,2,1,2,Returning_Visitor,False,True
2.0,40.02732,0.0,0.0,29.032436,654.3923,0.0033115307,0.02,0.0,0.0,Nov,2,2,1,1,Returning_Visitor,False,False
0.0,0.0,0.0,0.0,23.0,827.5372,0.0,0.030037535,0.0,0.0,Jul,2,2,4,1,Returning_Visitor,False,False
0.0,0.0,0.0,0.0,27.0,739.93835,0.0,0.018181818,0.0,0.0,Dec,2,2,9,2,Returning_Visitor,False,False
0.0,0.0,0.0,0.0,22.216581,381.58255,0.0023129573,0.022773793,0.0,0.0,Dec,1,2,1,13,Returning_Visitor,False,False
0.0,0.0,0.0,0.0,22.0,555.76807,0.0,0.030325582,0.0,0.0,Aug,2,2,1,1,Returning_Visitor,False,False
3.0,88.20804,0.0,0.0,34.0,892.15717,0.009090909,0.027343879,0.0,0.0,Dec,2,2,3,2,Returning_Visitor,False,False
3.0,69.4601,0.0,0.0,26.0,502.39844,0.0031990537,0.01684268,0.0,0.0,Dec,1,2,1,13,Returning_Visitor,False,False
0.0,0.0,0.0,0.0,16.0,578.79395,0.0,0.021948878,0.0,0.0,Dec,2,2,1,13,Returning_Visitor,False,False
0.0,0.0,0.0,0.0,13.0,309.0752,0.0,0.029373633,0.0,0.0,Mar,2,2,1,1,Returning_Visitor,False,False
0.0,0.0,0.0,0.0,22.0,461.37582,0.0,0.025,0.0,0.0,Nov,2,2,2,19,Returning_Visitor,False,False
3.0,36.11716,0.0,0.0,13.251475,249.45401,0.0,0.011111111,0.0,0.0,Dec,2,2,1,8,Returning_Visitor,False,False
0.0,0.0,0.0,0.0,4.0,79.082924,0.0,0.05616928,0.0,0.0,Dec,2,2,6,2,Returning_Visitor,False,False
0.0,0.0,0.0,0.0,20.0,530.7109,0.0,0.04,0.0,0.0,Jul,2,2,1,1,Returning_Visitor,False,False
0.0,0.0,0.0,0.0,12.0,339.4014,0.0,0.025,0.0,0.0,Nov,2,2,7,2,Returning_Visitor,False,False
4.0,95.63715,0.0,0.0,22.0,649.35535,0.0,0.015330621,0.0,0.0,Dec,2,2,1,2,Returning_Visitor,False,False
0.0,0.0,0.0,0.0,13.0,476.35175,0.0,0.03333333,0.0,0.0,Dec,2,2,1,13,Returning_Visitor,False,False
2.0,29.542099,0.0,0.0,24.0,673.4127,0.0,0.017458329,0.0,0.0,Sep,2,2,4,2,Returning_Visitor,False,False
0.0,0.0,0.0,0.0,22.0,443.14792,0.0,0.02,0.0,0.0,Nov,1,2,4,8,Returning_Visitor,True,False
4.0,70.115204,0.0,0.0,8.213731,163.70927,0.0,0.01858161,0.0,0.0,Nov,2,2,1,9,New_Visitor,False,False
0.0,0.0,0.0,0.0,25.0,667.3213,0.017675702,0.05,0.0,0.0,Dec,2,2,1,13,Returning_Visitor,False,False
3.0,109.248184,0.0,0.0,24.0,727.4527,0.0,0.019951822,0.0,0.0,Nov,2,2,3,2,Returning_Visitor,False,False
0.0,0.0,0.0,0.0,22.0,573.1167,0.012826603,0.03333333,0.0,0.0,Dec,2,2,1,3,Returning_Visitor,False,False
0.0,0.0,0.0,0.0,28.0,1172.5787,0.0,0.009758777,39.004684,0.0,Aug,2,2,1,1,Returning_Visitor,True,True
0.0,0.0,0.0,0.0,18.0,540.4376,0.0,0.025,0.0,0.0,Dec,2,2,1,13,Returning_Visitor,False,False
0.0,0.0,0.0,0.0,28.284332,973.9373,0.0,0.01879081,0.0,0.0,Nov,1,2,6,3,Returning_Visitor,True,False
0.0,0.0,0.0,0.0,12.0,228.29948,0.0,0.044998128,0.0,0.0,Aug,2,2,1,3,Returning_Visitor,False,False
4.0,62.123955,0.0,0.0,44.0,1644.5817,0.0,0.014256743,349.13702,0.0,Dec,2,2,1,2,Returning_Visitor,False,False
0.0,0.0,0.0,0.0,15.0,327.1686,0.027952205,0.05597261,0.0,0.0,Dec,1,4,2,1,Returning_Visitor,False,False
0.0,0.0,0.0,0.0,27.0,765.4087,0.011719347,0.030649655,0.0,0.0,Dec,2,2,1,1,Returning_Visitor,False,False
0.0,0.0,0.0,0.0,41.0,1035.442,0.0,0.01654074,0.0,0.0,Aug,4,2,1,1,Returning_Visitor,False,True
5.0,137.67036,0.0,0.0,26.0,617.41565,0.0,0.018182937,0.0,0.0,Dec,2,2,1,2,Returning_Visitor,False,False
0.0,0.0,0.0,0.0,25.0,686.39703,0.0,0.015157527,0.0,0.0,Nov,7,2,7,2,Returning_Visitor,False,False
0.0,0.0,0.0,0.0,15.0,268.94205,0.027554406,0.051009584,0.0,0.0,Nov,1,2,1,3,Returning_Visitor,False,False
4.0,149.47765,0.0,0.0,26.0,756.44073,0.0,0.018782534,0.0,0.0,Dec,1,2,1,2,Returning_Visitor,False,False
3.0,87.448685,0.0,0.0,39.0,1065.4963,0.0,0.012449845,9.372275,0.0,Sep,2,2,1,2,New_Visitor,False,False
0.0,0.0,0.0,0.0,33.0,865.7949,0.011111111,0.03480858,0.0,0.0,Dec,4,2,9,1,Returning_Visitor,False,False
3.0,63.998367,0.0,0.0,43.881363,899.843,0.00655692,0.023986813,353.48376,0.0,Dec,2,2,9,13,Returning_Visitor,False,False
4.0,85.44698,0.0,0.0,12.0,354.59036,0.01815812,0.038074825,0.0,0.0,Mar,2,2,1,1,Returning_Visitor,False,False
0.0,0.0,0.0,0.0,17.0,286.82797,0.011872406,0.05,0.0,0.0,Nov,2,2,9,1,Returning_Visitor,False,False
0.0,0.0,0.0,0.0,20.394665,281.99164,0.0,0.030087328,0.0,0.0,Dec,1,1,4,2,Returning_Visitor,False,True
0.0,0.0,0.0,0.0,10.252324,238.57079,0.0,0.025,0.0,0.0,Aug,1,1,1,8,New_Visitor,True,False
0.0,0.0,0.0,0.0,23.0,438.7331,0.0,0.01705473,0.0,0.0,Dec,4,1,1,13,Returning_Visitor,False,False
0.0,0.0,0.0,0.0,25.313568,510.63055,0.0,0.0149209,0.0,0.0,Dec,1,1,1,2,Returning_Visitor,False,True
0.0,0.0,0.0,0.0,17.0,366.5191,0.01184035,0.023502436,0.0,0.0,Dec,3,2,1,2,Returning_Visitor,False,False
0.0,0.0,0.0,0.0,15.0,495.09784,0.0,0.035907432,0.0,0.0,Dec,2,2,1,4,Returning_Visitor,False,False
0.0,0.0,0.0,0.0,18.0,480.58163,0.0,0.024276104,0.0,0.0,Nov,2,2,1,13,Returning_Visitor,False,False
0.0,0.0,0.0,0.0,23.0,651.2197,0.0,0.027558694,0.0,0.0,Jul,2,2,9,1,Returning_Visitor,False,False
4.0,104.48431,0.0,0.0,22.394707,789.88196,0.012210765,0.03333333,0.0,0.0,Nov,4,1,3,2,Returning_Visitor,False,False
0.0,0.0,0.0,0.0,33.238426,902.6501,0.0,0.008793036,0.0,0.0,Dec,2,4,1,9,Returning_Visitor,False,False
0.0,0.0,0.0,0.0,32.0,701.60016,0.0,0.018181818,0.0,0.0,Dec,2,2,1,2,Returning_Visitor,False,False
0.0,0.0,0.0,0.0,27.0,814.88477,0.0,0.01925428,0.0,0.0,Nov,2,2,4,2,Returning_Visitor,False,False
3.0,40.855705,0.0,0.0,20.0,484.9749,0.0,0.010893376,0.0,0.0,Nov,4,4,9,2,Returning_Visitor,False,True
0.0,0.0,0.0,0.0,22.0,469.59988,0.0,0.02666741,0.0,0.0,Dec,4,1,4,2,Returning_Visitor,False,False
4.0,89.57371,0.0,0.0,33.320152,1070.3793,0.01251929,0.0324312,0.0,0.0,Aug,2,2,1,2,Returning_Visitor,False,False
3.0,52.098377,0.0,0.0,35.10309,639.25586,0.0,0.01727581,0.0,0.0,Nov,2,2,2,1,Returning_Visitor,False,False
3.0,83.7374,0.0,0.0,26.0,382.71338,0.0,0.012860204,0.0,0.0,Dec,1,1,1,2,Returning_Visitor,False,False
0.0,0.0,0.0,0.0,24.25982,698.37897,0.0,0.017983923,0.0,0.0,Nov,2,2,1,1,Returning_Visitor,False,False
3.0,71.774666,0.0,0.0,31.0,1419.1711,0.0,0.0125,0.0,0.0,Nov,2,2,7,2,Returning_Visitor,False,False
0.0,0.0,0.0,0.0,25.0,679.7399,0.0,0.016113369,0.0,0.0,Nov,3,2,1,2,Returning_Visitor,False,False
0.0,0.0,0.0,0.0,10.0,315.39478,0.0,0.024478786,0.0,0.0,Dec,4,1,3,13,Returning_Visitor,False,False
0.0,0.0,0.0,0.0,25.0,829.3657,0.015912035,0.045313057,0.0,0.0,Jul,3,2,1,3,Returning_Visitor,False,False
0.0,0.0,0.0,0.0,10.0,364.11072,0.06223579,0.08915197,0.0,0.0,Dec,2,2,1,1,Returning_Visitor,False,False
0.0,0.0,0.0,0.0,16.0,575.6527,0.0,0.017138787,0.0,0.0,Dec,2,2,1,9,Returning_Visitor,False,False
0.0,0.0,0.0,0.0,10.0,306.14523,0.0,0.027268216,0.0,0.0,Aug,1,1,1,2,Returning_Visitor,False,False
0.0,0.0,0.0,0.0,13.0,317.06403,0.0,0.026287766,0.0,0.0,Nov,4,2,1,3,Returning_Visitor,False,False
0.0,0.0,0.0,0.0,31.255585,745.43475,0.0,0.023705121,0.0,0.0,Dec,2,2,1,2,Returning_Visitor,False,False
2.0,34.57124,0.0,0.0,44.0,1231.2697,0.0,0.012329859,0.0,0.0,Nov,4,2,1,1,Returning_Visitor,False,False
0.0,0.0,0.0,0.0,17.0,282.82333,0.0,0.02668946,0.0,0.0,Nov,3,2,1,3,Returning_Visitor,False,False
0.0,0.0,0.0,0.0,27.71196,792.4273,0.0,0.013984275,0.0,0.0,Dec,2,2,9,2,Returning_Visitor,False,False
0.0,0.0,0.0,0.0,20.0,253.52855,0.009949236,0.033344142,0.0,0.0,Dec,1,4,1,2,Returning_Visitor,False,False
0.0,0.0,0.0,0.0,10.0,173.1703,0.005236664,0.047679823,0.0,0.0,Aug,2,2,7,10,Returning_Visitor,False,False
0.0,0.0,0.0,0.0,17.392418,544.9908,0.0,0.025147494,0.0,0.0,Nov,2,2,7,2,Returning_Visitor,False,False
2.0,46.04147,0.0,0.0,37.0,1375.1844,0.005240444,0.016666668,18.426126,0.0,Dec,2,4,1,2,Returning_Visitor,False,False
3.0,69.09847,0.0,0.0,45.0,1551.8431,0.0,0.010307302,0.0,0.0,Nov,2,2,6,2,Returning_Visitor,False,False
3.0,55.925785,0.0,0.0,13.0,368.21945,0.0,0.02209193,0.0,0.0,Nov,2,2,1,2,Returning_Visitor,False,False
3.0,64.91543,0.0,0.0,24.977745,617.6891,0.0,0.018633816,0.0,0.0,Aug,2,4,1,2,Returning_Visitor,False,False
4.0,76.29993,0.0,0.0,32.009716,728.70703,0.0,0.0118039185,0.0,0.0,Nov,2,2,1,2,Returning_Visitor,False,False
0.0,0.0,0.0,0.0,27.0,634.70435,0.0,0.015605228,0.0,0.0,Dec,4,2,1,3,Returning_Visitor,False,False
0.0,0.0,0.0,0.0,26.561964,564.5561,0.0,0.021543453,0.0,0.0,Dec,2,2,1,2,Returning_Visitor,False,False
0.0,0.0,0.0,0.0,21.92869,418.29025,0.02327483,0.04830964,0.0,0.0,Dec,4,2,4,3,Returning_Visitor,False,False
0.0,0.0,0.0,0.0,10.0,159.28471,0.03920433,0.06927009,0.0,0.0,Nov,2,2,1,3,Returning_Visitor,False,False
0.0,0.0,0.0,0.0,10.0,184.2886,0.0,0.025028085,0.0,0.0,Dec,2,2,1,4,Returning_Visitor,False,False
0.0,0.0,0.0,0.0,11.0,252.33461,0.0,0.023797972,0.0,0.0,May,2,2,4,4,Returning_Visitor,False,False
0.0,0.0,0.0,0.0,30.0,997.1096,0.0,0.016666668,0.0,0.0,Aug,4,2,1,2,Returning_Visitor,False,False
0.0,0.0,0.0,0.0,9.0,155.26962,0.0,0.04,0.0,0.0,Nov,2,2,4,2,Returning_Visitor,False,False
0.0,0.0,0.0,0.0,16.0,501.96454,0.0,0.03333333,0.0,0.0,May,2,2,1,2,Returning_Visitor,False,False
2.0,50.998425,0.0,0.0,24.444561,604.71893,0.0,0.018747812,0.0,0.0,Nov,1,2,3,3,Returning_Visitor,False,False
2.0,32.072132,0.0,0.0,26.02259,1249.5125,0.01757571,0.039981753,0.0,0.0,Aug,3,2,1,2,Returning_Visitor,False,False
0.0,0.0,0.0,0.0,33.0,2295.6616,0.013333333,0.027879775,9.593249,0.0,Aug,1,1,1,13,Returning_Visitor,False,False
4.0,60.05738,0.0,0.0,28.0,645.62823,0.008445152,0.024739746,0.0,0.0,Dec,4,4,3,9,Returning_Visitor,False,False
0.0,0.0,0.0,0.0,22.006788,604.2577,0.01887024,0.04673307,0.0,0.0,Dec,2,2,7,1,Returning_Visitor,False,False
0.0,0.0,0.0,0.0,19.0,297.00345,0.025,0.0447324,0.0,0.0,Aug,2,2,1,3,Returning_Visitor,False,False
0.0,0.0,0.0,0.0,17.0,495.41937,0.0,0.028695224,0.0,0.0,Dec,4,1,1,1,Returning_Visitor,True,False
0.0,0.0,0.0,0.0,19.0,274.75598,0.0,0.019038992,0.0,0.0,Dec,2,2,1,8,Returning_Visitor,False,False
0.0,0.0,0.0,0.0,15.0,312.23947,0.02214218,0.04,0.0,0.0,Nov,1,2,1,1,Returning_Visitor,False,False
0.0,0.0,0.0,0.0,49.871372,1549.0132,0.004589896,0.025,0.0,0.0,Dec,2,2,6,13,Returning_Visitor,False,False
0.0,0.0,0.0,0.0,17.0,865.0476,0.0,0.029919624,0.0,0.0,Dec,2,2,1,2,Returning_Visitor,False,False
0.0,0.0,0.0,0.0,17.0,433.3226,0.0,0.026131943,0.0,0.0,May,2,2,7,6,Returning_Visitor,False,False
0.0,0.0,0.0,0.0,12.0,372.1127,0.024519902,0.045524914,0.0,0.0,Nov,2,2,1,1,Returning_Visitor,False,False
0.0,0.0,0.0,0.0,14.838838,474.41458,0.0,0.025,0.0,0.0,Dec,2,2,4,2,Returning_Visitor,False,False
0.0,0.0,0.0,0.0,19.0,404.834,0.013333333,0.03333333,0.0,0.0,Aug,4,1,3,13,Returning_Visitor,False,False
0.0,0.0,0.0,0.0,21.763166,485.1996,0.0,0.015798297,0.0,0.0,Aug,4,2,1,2,Returning_Visitor,False,False
9.0,215.6204,3.0,165.48619,114.95093,4126.3115,0.002279398,0.011164833,4.1555486,0.0,Jul,2,2,1,2,Returning_Visitor,False,False
0.0,0.0,0.0,0.0,13.0,183.98647,0.0028392256,0.05,0.0,0.0,Jul,2,2,1,3,Returning_Visitor,False,False
0.0,0.0,0.0,0.0,11.0,518.62006,0.0,0.031366568,0.0,0.0,Aug,2,2,7,20,Returning_Visitor,False,False
0.0,0.0,0.0,0.0,19.0,324.98505,0.0,0.034721162,0.0,0.0,Nov,2,2,1,2,Returning_Visitor,False,False
0.0,0.0,0.0,0.0,12.0,234.42863,0.0,0.030049931,0.0,0.0,Nov,2,2,7,2,Returning_Visitor,False,False
0.0,0.0,0.0,0.0,19.70112,472.8007,0.0,0.025,0.0,0.0,Nov,2,4,1,3,Returning_Visitor,False,False
0.0,0.0,0.0,0.0,33.0,704.08734,0.0074273637,0.023750074,0.0,0.0,Dec,2,2,8,2,Returning_Visitor,False,False
0.0,0.0,0.0,0.0,15.0,252.59991,0.031083228,0.06666667,0.0,0.0,Nov,2,2,1,1,Returning_Visitor,False,False
0.0,0.0,0.0,0.0,8.0,163.41226,0.033851147,0.07493905,0.0,0.0,Dec,3,2,4,10,Returning_Visitor,False,False
4.0,110.79562,0.0,0.0,23.0,416.95358,0.0,0.016666668,0.0,0.0,Dec,1,2,9,9,Returning_Visitor,False,False
0.0,0.0,0.0,0.0,40.0,822.7017,0.010007298,0.028571429,8.706403,0.0,Dec,2,2,1,2,Returning_Visitor,False,False
0.0,0.0,0.0,0.0,11.0,217.19374,0.0,0.036406994,0.0,0.0,Aug,2,2,1,2,Returning_Visitor,False,False
0.0,0.0,0.0,0.0,23.0,505.42502,0.016656348,0.04,0.0,0.0,Dec,2,2,1,2,Returning_Visitor,False,False
0.0,0.0,0.0,0.0,25.0,674.81256,0.0,0.008545684,0.0,0.0,Aug,2,2,4,2,Returning_Visitor,False,False
1.0,0.0,0.0,0.0,33.0,690.333,0.0,0.0077979257,0.0,0.0,June,2,2,7,2,Returning_Visitor,False,False
0.0,0.0,0.0,0.0,19.0,326.8983,0.0,0.023009015,0.0,0.0,Aug,2,2,7,2,Returning_Visitor,False,False
0.0,0.0,0.0,0.0,30.0,886.8771,0.005149056,0.016666668,0.0,0.0,Nov,3,2,6,2,Returning_Visitor,False,False
0.0,0.0,0.0,0.0,27.894308,613.55,0.014228466,0.030001417,0.0,0.0,Dec,2,2,1,1,Returning_Visitor,False,False
1.0,32.48165,0.0,0.0,15.0,326.0384,0.0,0.011111111,0.0,0.0,Dec,3,2,3,2,New_Visitor,False,False
1.0,18.019781,0.0,0.0,27.0,404.87827,0.008648762,0.02582624,0.0,0.0,Dec,1,2,7,3,Returning_Visitor,False,False
0.0,0.0,0.0,0.0,23.0,460.45847,0.0,0.026670765,0.0,0.0,Mar,4,4,1,13,Returning_Visitor,False,False
4.0,91.46584,0.0,0.0,42.64132,1158.5667,0.0,0.018604232,0.0,0.0,Dec,2,2,4,1,Returning_Visitor,False,False
0.0,0.0,0.0,0.0,11.0,279.471,0.046909835,0.07706058,0.0,0.0,Aug,1,1,3,13,Returning_Visitor,False,False
0.0,0.0,0.0,0.0,9.0,264.05707,0.0,0.033304434,0.0,0.0,Dec,2,2,1,3,Returning_Visitor,False,False
4.0,92.45356,0.0,0.0,60.0,2304.5757,0.010467004,0.03232533,0.0,0.0,Dec,2,2,1,1,Returning_Visitor,False,False
4.0,58.248093,0.0,0.0,42.0,1463.2769,0.0067222146,0.02,0.0,0.0,Nov,2,4,3,2,Returning_Visitor,False,False
0.0,0.0,0.0,0.0,30.0,650.6724,0.015166957,0.035105303,0.0,0.0,Nov,4,2,7,1,Returning_Visitor,False,False
4.0,65.71815,0.0,0.0,28.0,827.3178,0.0095893955,0.022352168,0.0,0.0,May,2,2,4,1,Returning_Visitor,False,False
3.0,46.66494,0.0,0.0,28.0,754.6326,0.0,0.015692418,0.0,0.0,Dec,2,2,1,2,Returning_Visitor,False,False
0.0,0.0,0.0,0.0,20.0,585.8218,0.0,0.026960732,0.0,0.0,Dec,3,2,4,2,Returning_Visitor,False,False
2.0,20.699526,0.0,0.0,28.0,781.3733,0.0,0.01599929,0.0,0.0,Nov,4,2,1,2,Returning_Visitor,False,False
0.0,0.0,0.0,0.0,17.406906,340.22046,0.0,0.025811989,0.0,0.0,Nov,2,2,1,19,Returning_Visitor,True,False
0.0,0.0,0.0,0.0,26.0,467.22302,0.009587087,0.02697094,0.0,0.0,Dec,1,1,1,1,Returning_Visitor,False,False
0.0,0.0,0.0,0.0,21.0,584.49854,0.0,0.020883933,16.12025,0.0,Dec,1,1,1,8,Returning_Visitor,False,False
0.0,0.0,0.0,0.0,21.0,817.04364,0.0,0.010097837,0.0,0.0,Nov,4,2,1,9,Returning_Visitor,False,False
0.0,0.0,0.0,0.0,29.0,827.4292,0.0055935965,0.02865327,0.0,0.0,Nov,2,2,1,2,Returning_Visitor,False,False
0.0,0.0,0.0,0.0,8.0,230.35118,0.0,0.031982906,0.0,0.0,Nov,1,2,6,1,Returning_Visitor,False,False
6.0,167.21822,0.0,0.0,47.70194,1679.0574,0.0036328214,0.017378135,0.0,0.0,Aug,4,2,1,2,Returning_Visitor,False,False
0.0,0.0,0.0,0.0,20.0,559.2381,0.0,0.011073959,0.0,0.0,Dec,2,2,1,2,New_Visitor,False,False
3.0,65.97918,0.0,0.0,46.0,1589.8885,0.015090547,0.031097556,0.0,0.0,Aug,2,2,1,13,Returning_Visitor,False,False
0.0,0.0,0.0,0.0,33.0,825.8848,0.009090909,0.02797291,0.0,0.0,Dec,3,2,4,1,Returning_Visitor,True,False
3.0,75.62,0.0,0.0,61.05436,2217.7388,0.007692308,0.024555985,6.5244474,0.0,Dec,2,2,4,1,Returning_Visitor,False,True
0.0,0.0,0.0,0.0,24.0,657.97345,0.013992745,0.039726093,0.0,0.0,Dec,2,2,7,2,Returning_Visitor,False,False
0.0,0.0,0.0,0.0,20.0,554.20953,0.0,0.028567126,0.0,0.0,Aug,2,2,4,2,Returning_Visitor,True,False
4.0,71.08292,0.0,0.0,28.793232,1031.3284,0.011697311,0.029771224,0.0,0.0,Dec,2,2,1,1,Returning_Visitor,False,False
0.0,0.0,0.0,0.0,27.03732,670.8401,0.0,0.022437034,0.0,0.0,Nov,2,2,1,1,Returning_Visitor,False,False
3.0,66.14044,0.0,0.0,60.0,1562.7609,0.0024127164,0.016666668,0.0,0.0,Aug,2,2,1,2,Returning_Visitor,False,False
0.0,0.0,0.0,0.0,28.0,839.836,0.0007039121,0.016337031,0.0,0.0,Aug,2,2,1,13,Returning_Visitor,False,False
0.0,0.0,0.0,0.0,20.0,398.28955,0.019801093,0.041466027,0.0,0.0,Dec,3,2,1,1,Returning_Visitor,False,False
0.0,0.0,0.0,0.0,18.0,668.8284,0.0,0.021517618,0.0,0.0,Dec,2,2,3,3,Returning_Visitor,False,False
0.0,0.0,0.0,0.0,19.0,591.2568,0.0,0.025095755,0.0,0.0,Nov,2,2,1,2,Returning_Visitor,False,False
2.0,46.101166,0.0,0.0,70.758064,2507.556,0.004593967,0.022472471,0.0,0.0,Dec,2,2,1,2,Returning_Visitor,False,False
0.0,0.0,0.0,0.0,50.0,1677.8828,0.0019362788,0.023499722,0.0,0.0,Aug,2,2,1,13,Returning_Visitor,False,False
0.0,0.0,0.0,0.0,22.0,792.92664,0.0,0.03067681,0.0,0.0,Aug,2,2,1,1,Returning_Visitor,False,False
5.0,62.667736,0.0,0.0,28.081274,629.97906,0.0,0.011140585,0.0,0.0,Dec,2,2,1,13,Returning_Visitor,False,False
0.0,0.0,0.0,0.0,20.0,490.33847,0.0,0.032501735,0.0,0.0,Dec,3,2,1,1,Returning_Visitor,False,False
3.0,65.98472,0.0,0.0,26.0,570.8913,0.0,0.02,0.0,0.0,Aug,4,1,1,1,Returning_Visitor,True,False
3.0,34.12972,0.0,0.0,28.0,652.5597,0.0,0.012124912,0.0,0.0,Nov,2,2,1,2,Returning_Visitor,False,False
0.0,0.0,0.0,0.0,31.0,884.68115,0.0,0.012426658,0.0,0.0,Dec,1,4,1,2,Returning_Visitor,False,False
2.0,34.414074,0.0,0.0,29.01146,808.74384,0.0,0.013643697,0.0,0.0,Nov,2,2,1,2,Returning_Visitor,False,False
0.0,0.0,0.0,0.0,29.168274,604.08887,0.0,0.025,0.0,0.0,Nov,2,2,1,3,Returning_Visitor,False,False
0.0,0.0,0.0,0.0,22.0,438.30975,0.0,0.016988628,0.0,0.0,Dec,2,2,1,2,Returning_Visitor,False,False
0.0,0.0,0.0,0.0,25.0,652.3429,0.0061271326,0.03333333,0.0,0.0,Nov,2,2,1,2,Returning_Visitor,False,False
4.244377,91.131065,0.0,0.0,26.06046,411.36038,0.0110155055,0.03214276,0.0,0.0,Dec,2,2,4,1,Returning_Visitor,False,False
0.0,0.0,0.0,0.0,25.0,850.66895,0.0,0.020122048,0.0,0.0,Aug,2,2,1,3,Returning_Visitor,False,False
0.0,0.0,0.0,0.0,30.0,700.5118,0.0,0.017428279,0.0,0.0,Nov,4,2,1,13,Returning_Visitor,False,False
0.0,0.0,0.0,0.0,10.0,275.42444,0.0,0.019873165,0.0,0.0,Dec,1,2,1,2,Returning_Visitor,False,False
0.0,0.0,0.0,0.0,21.0,581.70044,0.0,0.027968798,0.0,0.0,Nov,2,2,2,1,Returning_Visitor,False,False
3.0,76.395615,0.0,0.0,29.0,595.769,0.006049896,0.0127172945,0.0,0.0,Dec,1,2,4,2,Returning_Visitor,False,False
3.0,53.05545,0.0,0.0,38.0,737.3809,0.006241408,0.019645896,0.0,0.0,Nov,4,2,1,1,Returning_Visitor,False,True
0.0,0.0,0.0,0.0,13.0,404.10706,0.0,0.019400213,0.0,0.0,Aug,1,2,8,13,Returning_Visitor,False,False
0.0,0.0,0.0,0.0,18.0,518.99866,0.019509865,0.041114908,0.0,0.0,Dec,1,2,1,1,Returning_Visitor,False,False
2.0,18.8213,0.0,0.0,31.0,936.7503,0.007373255,0.02657587,0.0,0.0,Dec,2,2,9,1,Returning_Visitor,False,False
0.0,0.0,0.0,0.0,10.0,294.05585,0.0,0.044777494,0.0,0.0,Aug,2,2,1,1,Returning_Visitor,False,False
0.0,0.0,0.0,0.0,28.12013,683.5115,0.007769757,0.023050504,0.0,0.0,Aug,1,4,7,2,Returning_Visitor,False,False
0.0,0.0,0.0,0.0,20.0,621.1058,0.0,0.022670195,0.0,0.0,Jul,2,2,6,1,Returning_Visitor,False,False
0.0,0.0,0.0,0.0,31.0,860.1035,0.009480862,0.03333333,0.0,0.0,Dec,2,2,7,2,Returning_Visitor,False,False
3.0,54.242973,0.0,0.0,28.0,591.06177,0.0,0.016666668,3.8098962,0.0,Dec,2,2,9,2,Returning_Visitor,False,True
0.0,0.0,0.0,0.0,15.337545,278.26038,0.022973917,0.05167825,0.0,0.0,May,2,2,1,3,Returning_Visitor,False,False
0.0,0.0,0.0,0.0,16.0,271.8652,0.0,0.03333333,0.0,0.0,Aug,2,2,9,3,Returning_Visitor,False,False
5.0,151.64395,0.0,0.0,55.52358,2007.6628,0.0094121285,0.027221158,8.053308,0.0,Dec,2,2,1,1,Returning_Visitor,False,True
4.0,107.98523,2.0,51.957047,63.136078,1973.3601,0.0047922507,0.016666668,16.209978,0.0,Dec,2,2,1,13,Returning_Visitor,False,True
3.0,89.79757,0.0,0.0,39.0,1514.8901,0.013644466,0.03222009,0.0,0.0,Dec,2,2,3,13,Returning_Visitor,False,False
0.0,0.0,0.0,0.0,31.0,793.21313,0.009497991,0.028571429,0.0,0.0,Dec,2,4,1,1,Returning_Visitor,False,False
3.0,48.952324,0.0,0.0,23.0,683.4361,0.011286071,0.026776157,0.0,0.0,Nov,3,2,4,3,Returning_Visitor,False,False
0.0,0.0,0.0,0.0,29.0,908.3995,0.004897693,0.021852043,24.548191,0.0,Dec,2,7,1,1,Returning_Visitor,False,True
0.0,0.0,0.0,0.0,14.0,391.1135,0.0,0.027897108,0.0,0.0,Nov,4,1,7,1,Returning_Visitor,False,False
0.0,0.0,0.0,0.0,8.0,237.91687,0.0,0.05,0.0,0.0,Dec,1,1,1,2,Returning_Visitor,False,False
4.0,93.38555,0.0,0.0,49.0,2264.269,0.006778801,0.022991523,23.881,0.0,Dec,2,2,1,13,Returning_Visitor,False,False
0.0,0.0,0.0,0.0,13.0,311.68103,0.0,0.03333333,0.0,0.0,Dec,2,2,1,1,Returning_Visitor,False,False
5.0,91.36106,0.8294725,0.0,27.0,677.7638,0.0,0.011305288,0.0,0.0,Dec,4,2,1,2,Returning_Visitor,False,False
2.0,38.568085,0.0,0.0,28.0,582.2465,0.0,0.023254436,0.0,0.0,Nov,1,2,1,13,Returning_Visitor,False,False
0.0,0.0,0.0,0.0,27.550545,847.727,0.00034287383,0.016595107,0.0,0.0,Dec,3,2,9,1,Returning_Visitor,False,False
3.0,50.996883,0.0,0.0,28.0,1112.0746,0.018057074,0.04,0.0,0.0,Aug,2,2,1,1,Returning_Visitor,False,False
0.0,0.0,0.0,0.0,23.0,486.60696,0.0,0.01752797,0.0,0.0,Dec,1,1,6,14,Returning_Visitor,False,False
0.0,0.0,0.0,0.0,10.0,271.40692,0.02,0.053102534,0.0,0.0,Dec,2,2,1,13,Returning_Visitor,False,False
0.0,0.0,0.0,0.0,10.0,259.35522,0.0,0.034545906,0.0,0.0,Dec,2,2,1,2,Returning_Visitor,False,False
0.0,0.0,0.0,0.0,5.0,119.414764,0.0,0.05,0.0,0.0,Jul,3,2,2,13,Returning_Visitor,False,False
0.0,0.0,0.0,0.0,27.0,705.72974,0.0,0.024146223,0.0,0.0,Oct,2,2,4,1,Returning_Visitor,False,False
0.0,0.0,0.0,0.0,25.0,372.8969,0.0,0.032750532,0.0,0.0,Nov,2,2,1,1,Returning_Visitor,False,False
0.0,0.0,0.0,0.0,26.0,652.9662,0.0,0.023780009,0.0,0.0,Dec,2,2,7,13,Returning_Visitor,False,False
0.0,0.0,0.0,0.0,7.0,96.09392,0.047880813,0.1,0.0,0.0,May,2,2,1,3,Returning_Visitor,False,False
0.0,0.0,0.0,0.0,23.05806,504.19476,0.0,0.035519417,0.0,0.0,May,2,2,1,4,Returning_Visitor,False,False
2.4602349,53.025177,0.0,0.0,25.0,881.03906,0.017481772,0.031792868,0.0,0.0,Aug,6,2,1,2,Returning_Visitor,False,False
0.0,0.0,0.0,0.0,29.991415,761.6083,0.0,0.015928645,0.0,0.0,Nov,1,2,1,1,Returning_Visitor,False,False
0.0,0.0,0.0,0.0,40.2213,834.72186,0.0125240665,0.03333333,0.0,0.0,Dec,2,2,7,3,Returning_Visitor,False,False
3.0,58.743675,0.0,0.0,27.0,721.039,0.0041473317,0.018164758,0.0,0.0,Dec,2,2,8,2,Returning_Visitor,False,False
2.0,16.175083,0.0,0.0,44.613277,1045.3007,0.006752763,0.023756709,0.0,0.0,May,2,2,1,2,Returning_Visitor,False,False
0.0,0.0,0.0,0.0,13.0,311.26636,0.0,0.021778665,0.0,0.0,Dec,2,2,7,2,Returning_Visitor,False,False
0.0,0.0,0.0,0.0,24.638388,588.63794,0.0113409795,0.028571429,9.791619,0.0,Aug,2,4,1,19,Returning_Visitor,False,False
0.0,0.0,0.0,0.0,23.668467,678.1041,0.024989376,0.05,0.0,0.0,Jul,2,2,9,1,Returning_Visitor,False,False
0.0,0.0,0.0,0.0,25.0,519.79913,0.00962478,0.022923952,0.0,0.0,May,1,2,7,2,Returning_Visitor,False,False
0.0,0.0,0.0,0.0,25.28266,631.1644,0.00802255,0.023306465,0.0,0.0,Aug,2,2,2,2,Returning_Visitor,False,False
2.0,50.705917,0.0,0.0,31.0,578.01434,0.011589058,0.028753102,0.0,0.0,Nov,2,2,9,1,Returning_Visitor,False,False
0.0,0.0,0.0,0.0,33.0,776.64984,0.0125,0.03182706,0.0,0.0,Jul,2,2,1,3,Returning_Visitor,False,False
0.0,0.0,0.0,0.0,16.0,622.2156,0.0,0.02141267,0.0,0.0,Nov,2,2,1,2,Returning_Visitor,False,False
0.0,0.0,0.0,0.0,19.0,333.3634,0.0,0.018085778,0.0,0.0,Nov,3,2,1,2,Returning_Visitor,False,False
0.0,0.0,0.0,0.0,26.057495,875.0362,0.0,0.018112993,0.0,0.0,Dec,1,1,1,2,Returning_Visitor,False,False
0.0,0.0,0.0,0.0,42.0,846.59406,0.008240439,0.03589017,0.0,0.0,Dec,2,2,8,2,Returning_Visitor,False,False
0.0,0.0,0.0,0.0,6.0,188.25735,0.0,0.03333333,0.0,0.0,May,2,2,2,1,Returning_Visitor,False,False
0.0,0.0,0.0,0.0,32.0,982.318,0.0,0.028571429,0.0,0.0,Dec,2,2,1,2,Returning_Visitor,False,False
0.0,0.0,0.0,0.0,26.0,881.4118,0.0,0.020998837,0.0,0.0,Dec,2,2,9,1,Returning_Visitor,False,False
4.0,61.689774,0.0,0.0,104.955864,3224.6008,0.007844164,0.024408333,0.0,0.0,Nov,2,2,7,3,Returning_Visitor,False,False
0.0,0.0,0.0,0.0,21.806555,840.50867,0.011111111,0.02710613,0.0,0.0,Aug,2,4,1,1,Returning_Visitor,False,False
0.0,0.0,0.0,0.0,17.0,295.44077,0.0043793404,0.034333624,0.0,0.0,Dec,2,2,1,1,Returning_Visitor,False,False
0.0,0.0,0.0,0.0,30.0,683.5583,0.017502714,0.036268715,0.0,0.0,Nov,3,2,4,1,Returning_Visitor,False,False
0.0,0.0,0.0,0.0,22.0,586.93787,0.0,0.020021489,0.0,0.0,Dec,2,2,3,9,Returning_Visitor,False,False
0.0,0.0,0.0,0.0,22.0,648.4338,0.0099772075,0.02976843,0.0,0.0,Sep,2,2,9,13,Returning_Visitor,False,False
2.0,43.182186,0.0,0.0,76.88565,2653.415,0.009090909,0.027308142,6.812271,0.0,Nov,2,2,4,1,Returning_Visitor,False,False
0.0,0.0,0.0,0.0,13.0,254.95432,0.0,0.030345263,0.0,0.0,Nov,4,1,7,3,Returning_Visitor,False,False
0.0,0.0,0.0,0.0,27.313522,633.44525,0.0045539634,0.029218167,0.0,0.0,Dec,1,1,4,8,Returning_Visitor,False,False
3.0,54.5374,0.0,0.0,39.0,1385.0648,0.0,0.015557072,10.43331,0.0,Aug,2,2,1,2,Returning_Visitor,False,False
3.0,58.059246,0.0,0.0,63.088783,2800.5508,0.0057175104,0.02,0.0,0.0,Nov,2,2,7,1,Returning_Visitor,True,False
0.0,0.0,0.0,0.0,19.0,650.2176,0.014741833,0.044748716,0.0,0.0,Aug,2,5,7,1,Returning_Visitor,False,False
0.0,0.0,0.0,0.0,15.0,419.69727,0.0,0.027753776,0.0,0.0,Nov,2,2,7,13,Returning_Visitor,False,False
4.0,80.04105,0.0,0.0,41.0,1431.8875,0.0,0.015937768,22.104942,0.0,Nov,2,2,7,13,Returning_Visitor,False,True
0.0,0.0,0.0,0.0,24.0,1253.6476,0.020990867,0.03928577,0.0,0.0,Dec,2,2,3,2,Returning_Visitor,False,False
0.0,0.0,0.0,0.0,7.0,159.93579,0.0,0.018407676,0.0,0.0,Nov,2,2,2,2,Returning_Visitor,False,False
2.0,41.27514,0.0,0.0,17.0,571.20984,0.0,0.011369324,0.0,0.0,Nov,2,2,1,1,Returning_Visitor,False,False
2.0,47.98776,0.0,0.0,39.0,1397.6185,0.0,0.016666668,0.0,0.0,Jul,2,2,1,2,Returning_Visitor,False,False
0.0,0.0,0.0,0.0,9.0,242.09528,0.05,0.068536706,0.0,0.0,Aug,1,2,1,1,Returning_Visitor,False,False
0.0,0.0,0.0,0.0,16.0,485.79376,0.0,0.027693376,0.0,0.0,Aug,2,2,9,2,Returning_Visitor,False,False
0.0,0.0,0.0,0.0,12.0,351.76126,0.0,0.02604821,0.0,0.0,Dec,2,2,9,1,Returning_Visitor,False,False
0.0,0.0,0.0,0.0,13.0,225.20972,0.003493671,0.035146073,0.0,0.0,Aug,1,1,6,4,Returning_Visitor,False,False
0.0,0.0,0.0,0.0,6.0,86.693436,0.0,0.05,0.0,0.0,Dec,2,2,9,1,Returning_Visitor,False,False
2.0,49.197765,0.0,0.0,45.252026,1680.6542,0.0040256507,0.013333333,19.969278,0.0,Aug,2,2,1,2,Returning_Visitor,False,False
0.0,0.0,0.0,0.0,12.0,297.42477,0.0,0.025918532,0.0,0.0,Nov,2,2,1,13,Returning_Visitor,False,False
0.0,0.0,0.0,0.0,11.765849,295.46063,0.0,0.019204723,0.0,0.0,Aug,3,2,9,2,Returning_Visitor,False,False
3.0,116.56608,0.0,0.0,19.0,362.49847,0.0,0.008742308,0.0,0.0,Dec,1,1,1,2,New_Visitor,False,False
3.0,98.57976,0.0,0.0,25.0,545.538,0.008121369,0.01709995,0.0,0.0,Aug,1,2,3,2,Returning_Visitor,False,False
0.0,0.0,0.0,0.0,17.271448,576.1415,0.0,0.013591355,0.0,0.0,Nov,4,4,1,2,Returning_Visitor,False,False
0.0,0.0,0.0,0.0,18.0,565.2565,0.0,0.024391105,0.0,0.0,Dec,2,2,8,2,Returning_Visitor,False,False
1.0,9.1880245,0.0,0.0,27.0,1183.6194,0.0,0.014285714,0.0,0.0,May,2,2,1,13,Returning_Visitor,False,False
3.0,47.39811,0.0,0.0,23.0,623.1548,0.0,0.02406695,0.0,0.0,Nov,2,2,1,1,Returning_Visitor,False,False
0.0,0.0,0.0,0.0,19.0,439.84082,0.0,0.03748831,0.0,0.0,Aug,1,2,4,3,Returning_Visitor,False,False
0.0,0.0,0.0,0.0,14.0,351.40695,0.0,0.018332278,0.0,0.0,Dec,3,2,1,2,Returning_Visitor,False,False
0.0,0.0,0.0,0.0,32.0,795.8283,0.011111111,0.025702026,0.0,0.0,Aug,3,2,1,2,Returning_Visitor,False,False
4.0,112.672516,0.0,0.0,25.0,661.5103,0.0,0.016713625,0.0,0.0,Dec,2,2,7,2,Returning_Visitor,False,False
0.0,0.0,0.0,0.0,20.0,306.73398,0.0,0.041354567,0.0,0.0,Nov,2,2,4,1,Returning_Visitor,False,False
0.0,0.0,0.0,0.0,18.697224,332.3621,0.0,0.03333333,0.0,0.0,Dec,1,2,6,1,Returning_Visitor,False,False
0.0,0.0,0.0,0.0,27.0,1411.9678,0.019992378,0.045546886,0.0,0.0,Dec,2,4,7,1,Returning_Visitor,False,False
0.0,0.0,0.0,0.0,36.0,801.6583,0.0,0.015132542,9.373701,0.0,Aug,2,2,1,1,Returning_Visitor,False,False
0.0,0.0,0.0,0.0,10.0,142.5355,0.027455086,0.047294013,0.0,0.0,Nov,1,4,1,13,Returning_Visitor,False,False
0.0,0.0,0.0,0.0,21.0,410.69846,0.011479725,0.03429867,0.0,0.0,Aug,2,2,1,1,Returning_Visitor,False,False
0.0,0.0,0.0,0.0,23.846766,546.7202,0.0,0.022460194,0.0,0.0,Sep,2,2,1,3,Returning_Visitor,False,False
0.0,0.0,0.0,0.0,27.0,633.0811,0.013333333,0.04305135,0.0,0.0,Nov,2,2,1,3,Returning_Visitor,False,False
0.0,0.0,0.0,0.0,29.0,893.12274,0.0,0.02070521,0.0,0.0,Dec,2,2,6,13,Returning_Visitor,False,False
2.0,37.747574,0.0,0.0,28.0,689.0402,0.012200964,0.032720834,0.0,0.0,Dec,2,2,7,13,Returning_Visitor,False,False
0.0,0.0,0.0,0.0,25.0,698.9754,0.0,0.020270392,0.0,0.0,Nov,2,2,4,2,Returning_Visitor,False,False
0.0,0.0,0.0,0.0,37.0,895.415,0.0,0.009530964,0.0,0.0,Dec,4,4,1,13,Returning_Visitor,False,False
0.0,0.0,0.0,0.0,17.0,335.17087,0.0,0.03333333,0.0,0.0,Nov,4,2,1,1,Returning_Visitor,True,False
3.0,49.119244,0.0,0.0,20.0,573.2162,0.0,0.010795632,0.0,0.0,Nov,4,1,1,2,New_Visitor,False,False
0.0,0.0,0.0,0.0,19.0,832.1133,0.0,0.016666668,0.0,0.0,Dec,2,2,1,2,Returning_Visitor,False,False
0.0,0.0,0.0,0.0,18.0,827.5527,0.0,0.018182984,0.0,0.0,Aug,2,2,1,3,Returning_Visitor,False,False
3.0,73.78698,0.0,0.0,48.973534,1699.1542,0.009434187,0.026254654,0.0,0.0,Nov,2,4,1,2,Returning_Visitor,False,False
0.0,0.0,0.0,0.0,34.470455,837.5312,0.013333333,0.031246126,0.0,0.0,Aug,2,2,6,1,Returning_Visitor,False,False
0.0,0.0,0.0,0.0,21.0,679.3266,0.018060071,0.044944536,0.0,0.0,May,1,1,1,1,Returning_Visitor,False,False
3.0,58.822414,0.0,0.0,26.0,675.11755,0.0,0.017491687,0.0,0.0,Dec,2,2,1,3,Returning_Visitor,False,False
0.0,0.0,0.0,0.0,7.623239,84.38316,0.0,0.057330877,0.0,0.0,Dec,2,2,1,1,Returning_Visitor,False,False
0.0,0.0,0.0,0.0,22.680243,750.1786,0.0,0.01666063,0.0,0.0,Mar,2,2,1,2,Returning_Visitor,False,False
3.0,84.67731,0.0,0.0,22.0,718.18427,0.0,0.025,0.0,0.0,Dec,1,1,1,8,Returning_Visitor,False,False
3.0,87.81542,0.0,0.0,47.0,2121.1536,0.0048932955,0.01567864,18.017572,0.0,Nov,4,2,7,8,Returning_Visitor,False,False
4.0,71.736176,0.0,0.0,34.0,796.43176,0.0060589253,0.016733438,0.0,0.0,Jul,2,2,1,13,Returning_Visitor,False,False
0.0,0.0,0.0,0.0,10.0,153.95273,0.0,0.03333333,0.0,0.0,Nov,2,2,1,13,Returning_Visitor,False,False
0.0,0.0,0.0,0.0,21.0,406.20847,0.0,0.013400806,0.0,0.0,May,2,4,7,2,Returning_Visitor,False,False
0.0,0.0,0.0,0.0,30.0,852.45734,0.008551167,0.018826121,13.315205,0.0,Dec,2,2,8,2,Returning_Visitor,False,False
0.0,0.0,0.0,0.0,18.0,315.24933,0.012457467,0.04895306,0.0,0.0,Dec,2,2,3,1,Returning_Visitor,False,False
0.0,0.0,0.0,0.0,24.0,321.63666,0.0,0.026712738,0.0,0.0,Oct,1,2,1,1,Returning_Visitor,False,False
0.0,0.0,0.0,0.0,26.516272,758.8603,0.009279044,0.02257546,0.0,0.0,Nov,1,2,6,2,Returning_Visitor,False,False
0.0,0.0,0.0,0.0,51.936783,1351.2257,0.0051709064,0.020510018,0.0,0.0,Nov,2,2,1,3,Returning_Visitor,False,False
0.0,0.0,0.0,0.0,32.714455,805.7759,0.0036784937,0.023528824,0.0,0.0,Aug,2,2,4,1,Returning_Visitor,False,False
3.0,36.566822,0.0,0.0,26.0,494.97906,0.010084201,0.028571429,0.0,0.0,Nov,2,2,1,1,Returning_Visitor,False,False
2.0,50.58891,0.0,0.0,30.0,658.6816,0.0,0.015384615,0.0,0.0,Nov,1,1,1,2,Returning_Visitor,False,False
0.0,0.0,0.0,0.0,26.0,475.53494,0.015384615,0.04103909,0.0,0.0,Jul,2,2,1,1,Returning_Visitor,False,False
4.0,46.59847,0.0,0.0,33.89282,731.1059,0.0,0.018256718,0.0,0.0,Nov,2,2,4,2,Returning_Visitor,False,False
0.0,0.0,0.0,0.0,9.818224,258.5528,0.037036393,0.057561442,0.0,0.0,Aug,3,2,1,3,Returning_Visitor,False,False
0.0,0.0,0.0,0.0,24.0,719.2736,0.0,0.026748508,0.0,0.0,Dec,2,2,7,13,Returning_Visitor,False,False
4.0,65.1266,0.0,0.0,38.0,1064.537,0.0,0.019600743,0.0,0.0,Dec,2,2,1,2,Returning_Visitor,False,False
0.0,0.0,0.0,0.0,7.0,256.8622,0.0,0.031659357,0.0,0.0,Dec,2,2,6,2,Returning_Visitor,False,False
2.0,56.751293,0.0,0.0,27.0,902.35345,0.0,0.018698866,0.0,0.0,Dec,2,2,7,3,Returning_Visitor,False,False
0.0,0.0,1.0,64.6238,20.0,563.9458,0.0,0.012140817,0.0,0.0,Nov,2,2,1,8,Returning_Visitor,False,False
5.0,74.73262,0.0,0.0,32.0,724.31964,0.004317916,0.017373698,0.0,0.0,Nov,4,2,8,9,Returning_Visitor,False,True
0.0,0.0,0.0,0.0,29.0,791.6953,0.0,0.028571429,0.0,0.0,Nov,1,1,4,3,Returning_Visitor,False,False
0.0,0.0,0.0,0.0,22.0,573.2926,0.0,0.010103445,0.0,0.0,Dec,2,2,1,2,New_Visitor,False,False
3.0,69.601204,0.0,0.0,23.0,537.71356,0.01268805,0.025999732,0.0,0.0,Dec,1,1,4,2,Returning_Visitor,False,False
0.0,0.0,0.0,0.0,23.0,533.19824,0.0,0.034454204,0.0,0.0,Nov,1,2,1,3,Returning_Visitor,False,False
0.0,0.0,0.0,0.0,26.781292,607.6258,0.0,0.02299927,0.0,0.0,Dec,1,1,1,2,Returning_Visitor,False,False
3.0,115.4011,0.0,0.0,17.582335,435.24765,0.02682953,0.0442914,0.0,0.0,Aug,2,2,1,1,Returning_Visitor,False,False
3.0,55.259468,0.0,0.0,27.367891,454.42636,0.011848208,0.04081834,0.0,0.0,Dec,2,2,2,13,Returning_Visitor,False,False
0.0,0.0,0.0,0.0,39.0,883.8816,0.0,0.017520618,0.0,0.0,Aug,2,2,6,3,Returning_Visitor,False,False
0.0,0.0,0.0,0.0,58.59769,2347.4812,0.009535125,0.030479092,0.0,0.0,Dec,2,2,1,1,Returning_Visitor,False,False
3.0,76.32543,0.0,0.0,27.0,607.5549,0.0,0.022435663,0.0,0.0,Nov,2,2,9,2,Returning_Visitor,False,False
0.0,0.0,0.0,0.0,23.0,569.4114,0.0,0.018228706,0.0,0.0,Dec,2,2,9,1,Returning_Visitor,False,False
0.0,0.0,0.0,0.0,16.0,246.24911,0.02008111,0.043033432,0.0,0.0,Jul,1,1,9,2,Returning_Visitor,False,False
0.0,0.0,0.0,0.0,24.0,362.4898,0.0,0.021709086,0.0,0.0,Dec,2,2,1,10,Returning_Visitor,False,False
0.0,0.0,0.0,0.0,10.0,203.20857,0.0,0.041675664,0.0,0.0,Nov,4,4,1,3,Returning_Visitor,False,False
4.0,133.51945,0.0,0.0,37.509235,1052.2341,0.003437992,0.018765591,0.0,0.0,Aug,1,1,1,1,Returning_Visitor,False,False
3.0,78.298744,0.0,0.0,35.546238,1102.7632,0.0056276177,0.020662177,0.0,0.0,Sep,4,2,9,2,Returning_Visitor,False,False
1.0,6.5916643,0.0,0.0,19.0,339.6801,0.0,0.024805842,0.0,0.0,Dec,1,1,7,8,Returning_Visitor,False,False
0.0,0.0,0.0,0.0,14.235106,230.27814,0.020101419,0.04369436,0.0,0.0,Dec,2,2,6,1,Returning_Visitor,False,False
0.0,0.0,0.0,0.0,15.0,593.88727,0.026122931,0.056055255,0.0,0.0,Nov,2,4,4,1,Returning_Visitor,False,False
0.0,0.0,0.0,0.0,11.0,242.71649,0.03333333,0.06666667,0.0,0.0,Dec,2,2,1,1,Returning_Visitor,False,False
0.0,0.0,0.0,0.0,39.11547,713.9013,0.0,0.020483265,0.0,0.0,Dec,2,5,9,1,Returning_Visitor,False,False
0.0,0.0,0.0,0.0,32.0,741.09235,0.0,0.02,0.0,0.0,May,2,2,1,3,Returning_Visitor,False,False
2.8574653,41.963318,0.0,0.0,23.0,882.8035,0.0,0.015384615,0.0,0.0,Dec,2,4,1,2,Returning_Visitor,False,False
0.0,0.0,0.0,0.0,14.325023,398.02002,0.0,0.02664939,0.0,0.0,Aug,2,2,1,13,Returning_Visitor,False,False
0.0,0.0,0.0,0.0,14.0,262.79773,0.0,0.016666668,0.0,0.0,Dec,2,2,1,9,Returning_Visitor,False,False
4.0,118.754585,0.0,0.0,42.52299,975.18634,0.006666667,0.020509658,0.0,0.0,Dec,2,2,3,1,Returning_Visitor,True,False
0.0,0.0,0.0,0.0,16.37361,603.29474,0.0,0.015710302,0.0,0.0,Nov,3,2,1,9,Returning_Visitor,False,False
0.0,0.0,0.0,0.0,34.0,838.00397,0.0,0.011764706,0.0,0.0,Nov,1,1,6,2,Returning_Visitor,False,False
3.0,51.524967,0.0,0.0,22.0,608.091,0.0070925835,0.025,0.0,0.0,Nov,2,2,1,2,Returning_Visitor,False,False
0.0,0.0,0.0,0.0,34.0,853.24695,0.014268362,0.03237023,0.0,0.0,Aug,3,2,1,1,Returning_Visitor,False,False
5.0,87.40765,0.0,0.0,40.0,1627.343,0.0,0.016666668,0.0,0.0,Nov,2,2,1,2,Returning_Visitor,False,False
1.0,4.60145,0.0,0.0,29.0,629.37964,0.0,0.020036396,0.0,0.0,Dec,2,4,1,2,Returning_Visitor,False,False
0.0,0.0,0.0,0.0,16.0,365.46713,0.010283217,0.023300322,0.0,0.0,Dec,3,2,3,9,Returning_Visitor,False,False
0.0,0.0,0.0,0.0,26.0,655.2387,0.0,0.022222223,0.0,0.0,Nov,2,2,1,2,Returning_Visitor,False,True
0.0,0.0,0.0,0.0,17.203283,345.5682,0.0,0.037533514,0.0,0.0,Dec,2,2,1,2,Returning_Visitor,False,False
0.0,0.0,0.0,0.0,52.419018,1792.058,0.008881878,0.028571429,0.0,0.0,Dec,2,2,7,1,Returning_Visitor,False,False
0.0,0.0,0.0,0.0,11.0,308.395,0.0,0.030541357,0.0,0.0,Mar,2,2,1,8,Returning_Visitor,True,False
0.0,0.0,0.0,0.0,25.0,641.3242,0.0,0.0125,0.0,0.0,May,2,2,7,1,Returning_Visitor,False,False
0.0,0.0,0.0,0.0,9.0,197.3787,0.0,0.031210653,0.0,0.0,Dec,3,2,7,19,Returning_Visitor,False,False
2.0,73.82006,0.0,0.0,24.0,882.756,0.0,0.017549137,0.0,0.0,Dec,1,1,1,2,Returning_Visitor,False,False
0.0,0.0,0.0,0.0,20.91377,327.13208,0.0,0.025073549,0.0,0.0,Nov,1,1,9,13,Returning_Visitor,False,False
0.0,0.0,0.0,0.0,25.138752,601.7614,0.0,0.028571429,0.0,0.0,Dec,2,2,1,1,Returning_Visitor,False,False
0.0,0.0,0.0,0.0,13.0,547.59,0.0,0.03142493,0.0,0.0,May,2,2,1,3,Returning_Visitor,False,False
0.0,0.0,0.0,0.0,25.0,941.3607,0.0121485675,0.029140268,0.0,0.0,Nov,2,2,4,2,Returning_Visitor,False,False
3.0,74.00572,0.0,0.0,21.0,615.6819,0.0,0.020290148,0.0,0.0,Sep,2,2,4,3,Returning_Visitor,False,False
0.0,0.0,0.0,0.0,16.0,448.2188,0.0,0.020969348,0.0,0.0,Nov,1,2,3,3,Returning_Visitor,False,False
0.0,0.0,0.0,0.0,33.0,702.20123,0.0,0.01592906,5.6515493,0.0,Dec,2,2,4,13,Returning_Visitor,False,False
3.0,57.151638,0.0,0.0,29.537222,779.6776,0.0,0.025,0.0,0.0,Dec,2,2,1,2,Returning_Visitor,False,False
0.0,0.0,0.0,0.0,31.0,676.2641,0.0,0.02,0.0,0.0,Aug,2,2,4,9,Returning_Visitor,False,False
3.0,44.0678,0.0,0.0,42.0,1699.5024,0.0,0.019746073,0.0,0.0,Aug,1,4,7,3,Returning_Visitor,False,False
0.0,0.0,0.0,0.0,32.0,832.25305,0.027145894,0.05,0.0,0.0,Dec,2,2,7,1,Returning_Visitor,False,False
2.0,54.907387,0.0,0.0,28.0,701.6167,0.016975733,0.036228806,0.0,0.0,Dec,2,2,1,1,Returning_Visitor,False,False
2.0,36.59264,0.0,0.0,49.27571,1323.4279,0.0013659775,0.015384615,0.0,0.0,Nov,2,2,1,2,Returning_Visitor,True,False
0.0,0.0,0.0,0.0,14.0,289.43195,0.016647132,0.05,0.0,0.0,Aug,2,2,1,1,Returning_Visitor,False,False
4.0,139.86969,0.0,0.0,14.0,433.5693,0.0,0.0125,0.0,0.0,Dec,2,4,1,2,Returning_Visitor,False,False
0.0,0.0,0.0,0.0,38.0,1046.1593,0.0,0.018251516,0.0,0.0,Dec,2,2,1,9,Returning_Visitor,False,False
0.0,0.0,0.0,0.0,18.0,300.62436,0.0,0.03054357,0.0,0.0,Dec,2,4,4,1,Returning_Visitor,False,False
0.0,0.0,0.0,0.0,11.0,295.4566,0.0,0.03609922,0.0,0.0,Nov,4,2,2,3,Returning_Visitor,False,False
3.0,41.286255,0.0,0.0,34.0,830.1497,0.0,0.023459902,0.0,0.0,Jul,2,2,9,2,Returning_Visitor,False,False
0.0,0.0,0.0,0.0,12.0,259.80515,0.0,0.0462699,0.0,0.0,Dec,1,1,1,1,Returning_Visitor,False,False
0.0,0.0,0.0,0.0,22.0,625.5014,0.0,0.03020366,0.0,0.0,Nov,4,2,1,1,Returning_Visitor,False,False
0.0,0.0,0.0,0.0,18.98301,396.08676,0.01987787,0.03625549,0.0,0.0,Aug,2,2,7,3,Returning_Visitor,False,False
0.0,0.0,0.0,0.0,20.0,505.78424,0.0060903174,0.028564269,0.0,0.0,Nov,2,2,1,1,Returning_Visitor,False,False
4.0,75.4778,0.0,0.0,24.493778,841.0779,0.0,0.016666668,0.0,0.0,Dec,4,1,4,1,Returning_Visitor,False,False
0.0,0.0,0.0,0.0,39.0,839.4894,0.0042167814,0.020345675,0.0,0.0,Dec,4,2,7,2,Returning_Visitor,False,False
0.0,0.0,0.0,0.0,68.0464,2263.0193,0.0023657805,0.016666668,0.0,0.0,Aug,2,2,2,2,Returning_Visitor,False,False
0.0,0.0,0.0,0.0,19.876598,364.55093,0.0,0.03165044,0.0,0.0,Dec,2,2,1,13,Returning_Visitor,False,False
0.0,0.0,0.0,0.0,16.0,363.49268,0.029398998,0.04700273,0.0,0.0,Aug,1,2,1,3,Returning_Visitor,False,False
0.0,0.0,0.0,0.0,27.0,1045.1138,0.016304597,0.03333333,0.0,0.0,Jul,3,2,1,13,Returning_Visitor,False,False
0.0,0.0,0.0,0.0,20.0,724.4094,0.016666668,0.036583353,0.0,0.0,Aug,1,1,1,2,Returning_Visitor,False,False
3.0,68.70783,0.0,0.0,22.589186,658.1352,0.007443428,0.028262554,0.0,0.0,Dec,1,4,1,2,Returning_Visitor,False,False
0.0,0.0,0.0,0.0,24.0,682.6559,0.016666668,0.04,0.0,0.0,Nov,2,2,4,1,Returning_Visitor,False,False
1.0,0.0,0.0,0.0,29.0,739.6225,0.0,0.015951384,0.0,0.0,Nov,2,4,7,1,Returning_Visitor,False,False
0.0,0.0,0.0,0.0,31.0,659.0544,0.006311762,0.019220825,0.0,0.0,Aug,2,2,7,1,Returning_Visitor,False,False
0.0,0.0,0.0,0.0,12.0,253.70528,0.0,0.024944352,0.0,0.0,Aug,2,2,1,2,Returning_Visitor,False,False
0.0,0.0,0.0,0.0,21.0,672.7195,0.0,0.03543306,0.0,0.0,Dec,2,2,1,13,Returning_Visitor,False,False
0.0,0.0,0.0,0.0,28.272686,538.5117,0.0,0.03029863,0.0,0.0,May,2,2,4,13,Returning_Visitor,False,False
3.0,43.260803,0.0,0.0,43.0,1855.677,0.006666667,0.019937923,13.329866,0.0,Nov,4,2,1,2,Returning_Visitor,False,True
5.0,81.37217,0.0,0.0,42.0,1786.9985,0.0,0.017731708,0.0,0.0,Jul,2,2,1,2,Returning_Visitor,False,False
2.0,47.132626,0.0,0.0,26.0,690.6788,0.0,0.01819806,0.0,0.0,Dec,2,2,6,13,Returning_Visitor,False,False
0.0,0.0,0.0,0.0,27.0,604.46716,0.0125,0.029325474,17.275772,0.0,Dec,4,1,1,2,Returning_Visitor,False,True
5.0,99.34223,0.0,0.0,39.0,1723.0304,0.0,0.013944674,8.792202,0.0,Dec,1,1,1,3,Returning_Visitor,False,False
3.0,69.04721,0.0,0.0,29.0,534.5992,0.0,0.016666668,0.0,0.0,Dec,1,4,7,2,Returning_Visitor,False,False
0.0,0.0,0.0,0.0,33.818813,969.27765,0.008520494,0.03033891,0.0,0.0,Nov,1,1,1,13,Returning_Visitor,False,False
0.0,0.0,0.0,0.0,26.0,627.0748,0.0,0.028849073,0.0,0.0,Dec,2,2,1,1,Returning_Visitor,False,False
0.0,0.0,0.0,0.0,47.398727,1399.505,0.0013732878,0.015707534,38.31982,0.0,Aug,2,2,1,2,Returning_Visitor,False,False
0.0,0.0,0.0,0.0,16.0,389.12073,0.0,0.017387273,0.0,0.0,Dec,2,2,1,13,Returning_Visitor,False,True
0.0,0.0,0.0,0.0,33.0,700.13196,0.01174198,0.03333333,0.0,0.0,Dec,2,2,1,1,Returning_Visitor,False,False
0.0,0.0,0.0,0.0,26.0,655.55756,0.0,0.031102052,0.0,0.0,Dec,2,2,1,2,Returning_Visitor,False,False
4.0,101.924774,1.0,18.011759,40.0,1383.9325,0.0,0.016358515,0.0,0.0,Nov,2,4,1,2,Returning_Visitor,False,False
4.0,98.50891,0.0,0.0,34.935974,757.0856,0.008923815,0.024188017,0.0,0.0,Aug,2,2,9,13,Returning_Visitor,False,False
0.0,0.0,0.0,0.0,13.0,272.3901,0.0,0.018795265,0.0,0.0,Aug,4,2,1,2,Returning_Visitor,False,False
5.0,115.160484,0.0,0.0,65.55516,2341.8943,0.0034430767,0.016666668,9.446736,0.0,Nov,2,2,1,2,Returning_Visitor,True,True
0.0,0.0,0.0,0.0,18.0,761.1787,0.0,0.02,0.0,0.0,Dec,2,2,1,2,Returning_Visitor,False,False
0.0,0.0,0.0,0.0,26.0,729.73724,0.0,0.022855885,0.0,0.0,Dec,2,2,4,1,Returning_Visitor,False,False
0.0,0.0,0.0,0.0,22.0,505.77167,0.0,0.027064184,0.0,0.0,Aug,1,1,1,2,Returning_Visitor,True,False
2.0,32.660385,0.0,0.0,17.0,357.31635,0.0,0.029535998,0.0,0.0,Dec,2,2,9,2,Returning_Visitor,False,False
0.0,0.0,0.0,0.0,22.0,340.6996,0.0,0.02251627,0.0,0.0,Aug,2,2,1,1,Returning_Visitor,False,False
0.0,0.0,0.0,0.0,27.601519,599.4514,0.013592629,0.044733662,0.0,0.0,Dec,2,8,1,8,Returning_Visitor,False,False
2.0,51.95078,0.0,0.0,23.0,514.3711,0.013580051,0.028093116,0.0,0.0,Nov,1,1,4,2,Returning_Visitor,False,False
0.0,0.0,0.0,0.0,16.0,683.067,0.028571429,0.05745767,0.0,0.0,Nov,2,4,4,1,Returning_Visitor,False,False
0.0,0.0,0.0,0.0,21.707489,418.87152,0.02,0.03002851,0.0,0.0,Dec,3,2,3,3,Returning_Visitor,False,False
0.0,0.0,0.0,0.0,8.0,137.81921,0.0,0.038594037,0.0,0.0,Dec,2,2,1,1,Returning_Visitor,False,False
0.0,0.0,0.0,0.0,9.0,249.7351,0.0,0.03333333,0.0,0.0,Aug,2,2,1,2,Returning_Visitor,False,False
0.0,0.0,0.0,0.0,22.0,727.8108,0.0,0.028666366,0.0,0.0,Dec,2,2,6,2,Returning_Visitor,False,False
5.0,89.9274,0.0,0.0,14.0,291.38675,0.0,0.015714332,0.0,0.0,Dec,2,4,7,2,Returning_Visitor,False,False
0.0,0.0,0.0,0.0,14.611568,491.21124,0.018181818,0.05,0.0,0.0,Dec,4,2,7,1,Returning_Visitor,False,False
0.0,0.0,0.0,0.0,28.0,658.6554,0.0,0.020913024,0.0,0.0,Aug,1,1,1,13,Returning_Visitor,False,False
0.0,0.0,0.0,0.0,16.0,445.69525,0.0,0.016147558,0.0,0.0,Dec,2,2,2,2,Returning_Visitor,False,False
3.0,41.76182,0.0,0.0,32.118652,776.7035,0.0,0.016666668,0.0,0.0,Nov,2,2,1,2,Returning_Visitor,False,False
0.0,0.0,0.0,0.0,11.0,220.15147,0.04512236,0.075293325,0.0,0.0,Dec,4,4,1,1,Returning_Visitor,False,False
0.0,0.0,0.0,0.0,22.0,737.151,0.014267123,0.03825039,0.0,0.0,Nov,2,2,6,13,Returning_Visitor,False,False
4.0,79.48404,0.0,0.0,27.0,1118.3364,0.0,0.015011482,0.0,0.0,Nov,2,2,9,2,Returning_Visitor,False,False
0.0,0.0,0.0,0.0,19.0,573.74286,0.0,0.015652405,0.0,0.0,Nov,4,2,1,2,Returning_Visitor,False,False
0.0,0.0,0.0,0.0,10.0,430.64282,0.0,0.04,0.0,0.0,Dec,2,2,1,3,Returning_Visitor,False,False
0.0,0.0,0.0,0.0,17.0,267.02347,0.028571429,0.05,0.0,0.0,Dec,2,2,1,1,Returning_Visitor,False,False
3.0,57.270126,0.0,0.0,11.0,183.69016,0.0,0.02548765,0.0,0.0,Dec,4,1,4,2,New_Visitor,False,False
0.0,0.0,0.0,0.0,27.0,769.9557,0.0,0.022608586,0.0,0.0,Dec,2,2,1,1,Returning_Visitor,False,False
0.0,0.0,0.0,0.0,22.0,926.8119,0.015975352,0.034856927,0.0,0.0,Nov,3,2,1,1,Returning_Visitor,False,False
0.0,0.0,0.0,0.0,42.0,752.4325,0.0012831453,0.02352899,0.0,0.0,Aug,2,2,4,13,Returning_Visitor,False,False
3.0,43.162174,0.0,0.0,20.0,663.975,0.0,0.011111111,0.0,0.0,Aug,2,2,1,2,Returning_Visitor,False,False
3.0,66.726295,0.0,0.0,40.23827,1342.4178,0.0,0.009332344,9.671707,0.0,Dec,2,2,8,2,Returning_Visitor,False,True
0.0,0.0,0.0,0.0,11.16694,251.57669,0.0,0.024000268,0.0,0.0,Nov,1,1,1,2,Returning_Visitor,False,False
0.0,0.0,0.0,0.0,14.0,550.4588,0.0,0.03333333,0.0,0.0,Dec,2,2,4,1,Returning_Visitor,False,False
3.0,82.53957,0.0,0.0,23.0,570.8106,0.0,0.023346411,0.0,0.0,Jul,4,2,1,1,Returning_Visitor,False,False
0.0,0.0,0.0,0.0,42.0,922.5589,0.0,0.016576502,0.0,0.0,Nov,2,2,3,13,Returning_Visitor,False,False
0.0,0.0,0.0,0.0,20.0,336.34753,0.0,0.016666668,0.0,0.0,Nov,2,2,1,2,Returning_Visitor,False,False
0.0,0.0,0.0,0.0,25.51434,426.45135,0.0,0.03999621,0.0,0.0,Dec,2,2,4,2,Returning_Visitor,False,False
0.0,0.0,0.0,0.0,8.0,162.00906,0.0,0.03006267,0.0,0.0,Dec,2,4,9,3,Returning_Visitor,False,False
0.0,0.0,0.0,0.0,20.0,566.361,0.0,0.022222223,0.0,0.0,Nov,6,2,6,2,Returning_Visitor,False,False
4.0,250.87459,0.0,0.0,15.0,387.5524,0.0,0.025,0.0,0.0,Nov,4,2,4,2,Returning_Visitor,False,False
0.0,0.0,0.0,0.0,11.0,243.49478,0.0,0.03318069,0.0,0.0,May,2,2,6,1,Returning_Visitor,False,False
7.0,97.575714,0.0,0.0,71.83329,2653.3267,0.0,0.014547939,9.097997,0.0,Nov,2,2,1,2,Returning_Visitor,False,False
0.0,0.0,0.0,0.0,32.0,665.6067,0.0,0.016666668,0.0,0.0,Nov,2,2,1,2,Returning_Visitor,False,False
0.0,0.0,0.0,0.0,27.0,834.8236,0.011347889,0.03333333,0.0,0.0,Dec,2,2,1,2,Returning_Visitor,False,False
1.0,0.0,0.0,0.0,53.732254,2341.0762,0.0,0.01574378,0.0,0.0,Nov,2,1,1,2,Returning_Visitor,False,True
0.0,0.0,0.0,0.0,3.1697135,59.93674,0.0,0.04977201,0.0,0.0,Aug,2,2,6,1,Returning_Visitor,False,False
1.0,17.223331,0.0,0.0,24.0,778.37335,0.0,0.016345553,0.0,0.0,Dec,1,2,1,2,Returning_Visitor,False,False
0.0,0.0,0.0,0.0,12.0,528.3122,0.0,0.03333333,0.0,0.0,Aug,2,2,4,3,Returning_Visitor,False,False
4.0,56.051308,0.0,0.0,24.0,622.4512,0.0,0.019040292,0.0,0.0,Dec,2,2,1,2,Returning_Visitor,False,False
0.0,0.0,0.0,0.0,22.0,516.0444,0.0,0.016666668,0.0,0.0,Nov,4,2,4,2,Returning_Visitor,False,False
2.0,70.764114,0.0,0.0,22.0,631.7012,0.013333333,0.029854259,0.0,0.0,Nov,4,2,2,2,Returning_Visitor,False,False
5.0,105.32579,0.0,0.0,39.0,768.9395,0.0,0.0068785595,0.0,0.0,Aug,2,2,1,2,New_Visitor,False,False
0.0,0.0,0.0,0.0,14.0,312.83072,0.0,0.025147395,0.0,0.0,Dec,2,2,7,2,Returning_Visitor,False,False
2.0,62.90328,0.0,0.0,43.0,1401.6691,0.0,0.0076787663,17.650913,0.0,Nov,2,2,1,13,Returning_Visitor,True,True
0.0,0.0,0.0,0.0,25.0,618.66565,0.012302797,0.035650842,0.0,0.0,Dec,2,2,4,20,Returning_Visitor,False,False
0.0,0.0,0.0,0.0,32.11617,607.10913,0.004456711,0.02840767,0.0,0.0,Dec,2,2,9,2,Returning_Visitor,False,False
1.0,0.0,0.0,0.0,57.21782,2056.814,0.010584622,0.022361021,0.0,0.0,Nov,3,2,7,2,Returning_Visitor,False,False
0.0,0.0,0.0,0.0,12.0,217.70271,0.0,0.03333333,0.0,0.0,Dec,2,2,1,3,Returning_Visitor,False,False
0.0,0.0,0.0,0.0,10.0,225.14665,0.0,0.032815073,0.0,0.0,Nov,1,2,1,2,Returning_Visitor,False,False
0.0,0.0,0.0,0.0,23.0,598.43195,0.0,0.01738606,0.0,0.0,Dec,2,2,1,2,Returning_Visitor,False,False
0.0,0.0,0.0,0.0,22.0,420.98666,0.0,0.02,0.0,0.0,Dec,1,1,1,9,Returning_Visitor,False,False
0.0,0.0,0.0,0.0,5.0,68.54363,0.05457844,0.08673248,0.0,0.0,Mar,1,2,1,1,Returning_Visitor,False,False
0.0,0.0,0.0,0.0,26.0,640.3879,0.0,0.011965891,0.0,0.0,Jul,2,2,6,13,Returning_Visitor,False,False
0.0,0.0,0.0,0.0,45.395855,1364.3641,0.0,0.024515405,0.0,0.0,Dec,2,2,1,13,Returning_Visitor,False,False
4.0,77.69893,0.0,0.0,39.0,1120.0386,0.011111111,0.022864852,0.0,0.0,Dec,1,1,2,1,Returning_Visitor,False,False
0.0,0.0,0.0,0.0,10.0,508.95837,0.0,0.04,0.0,0.0,Dec,2,2,2,2,Returning_Visitor,False,False
0.0,0.0,0.0,0.0,8.0,130.73848,0.04,0.054534994,0.0,0.0,Aug,1,1,1,1,Returning_Visitor,False,False
0.0,0.0,0.0,0.0,28.0,643.53815,0.008145354,0.02526701,0.0,0.0,Dec,4,2,1,1,Returning_Visitor,False,False
0.0,0.0,0.0,0.0,24.0,534.2079,0.0,0.029555297,0.0,0.0,Dec,2,2,1,1,Returning_Visitor,False,False
0.0,0.0,0.0,0.0,25.0,738.0551,0.041752722,0.05934685,0.0,0.0,Aug,1,2,1,3,Returning_Visitor,False,False
2.0,36.560528,0.0,0.0,29.0,1008.6039,0.006914635,0.020405667,13.861558,0.0,Dec,2,1,4,2,Returning_Visitor,False,False
0.0,0.0,0.0,0.0,17.589865,649.148,0.0,0.022806069,0.0,0.0,Nov,2,2,2,2,Returning_Visitor,False,False
4.0,61.84305,0.0,0.0,31.0,551.5634,0.0,0.01776026,0.0,0.0,Aug,4,2,1,1,Returning_Visitor,False,False
0.0,0.0,0.0,0.0,17.346804,534.6548,0.020112894,0.043974493,0.0,0.0,Dec,1,1,9,2,Returning_Visitor,False,False
2.0,47.47939,0.0,0.0,19.0,604.99615,0.0,0.02,0.0,0.0,Dec,2,2,4,3,Returning_Visitor,False,False
2.0,34.938747,0.0,0.0,20.599083,409.16122,0.0,0.016171526,0.0,0.0,Aug,4,1,1,2,Returning_Visitor,False,False
0.0,0.0,0.0,0.0,9.0,236.84155,0.0,0.03881467,0.0,0.0,Aug,2,2,1,13,Returning_Visitor,False,False
0.0,0.0,0.0,0.0,21.0,334.48438,0.0,0.028571429,0.0,0.0,Dec,3,2,1,1,Returning_Visitor,False,False
0.0,0.0,0.0,0.0,8.0,195.92468,0.0,0.039986383,0.0,0.0,Feb,2,5,7,2,Returning_Visitor,False,False
0.0,0.0,0.0,0.0,9.0,205.5541,0.0,0.03141107,0.0,0.0,Aug,4,1,1,1,Returning_Visitor,False,False
0.0,0.0,0.0,0.0,15.0,454.6054,0.0,0.023519184,0.0,0.0,Nov,2,2,1,3,Returning_Visitor,False,False
0.0,0.0,0.0,0.0,39.0,825.6935,0.0,0.022521272,0.0,0.0,Dec,2,2,1,1,Returning_Visitor,False,False
3.0,99.88507,0.0,0.0,24.0,773.2303,0.011111111,0.01898592,12.065585,0.0,Nov,1,2,3,1,Returning_Visitor,False,False
0.0,0.0,0.0,0.0,13.0,309.6162,0.0,0.023780692,0.0,0.0,Dec,2,2,1,2,Returning_Visitor,False,False
2.0,61.761204,0.0,0.0,86.49764,2580.2402,0.0049980935,0.02,0.0,0.0,Aug,2,2,1,2,Returning_Visitor,True,False
3.0,77.96142,0.0,0.0,32.0,1001.75867,0.016666668,0.03070765,10.864251,0.0,Aug,2,2,1,3,Returning_Visitor,False,True
0.0,0.0,0.0,0.0,18.0,297.39716,0.0,0.028839894,0.0,0.0,Nov,2,2,7,2,Returning_Visitor,False,False
1.5394732,36.390812,0.0,0.0,26.0,1212.6543,0.0,0.014623495,19.145569,0.0,May,2,2,1,1,Returning_Visitor,False,True
0.0,0.0,0.0,0.0,11.0,465.21658,0.0,0.03333333,0.0,0.0,Aug,4,2,1,13,Returning_Visitor,False,False
0.0,0.0,0.0,0.0,22.873137,597.23193,0.0,0.032424722,0.0,0.0,Dec,2,2,4,1,Returning_Visitor,False,False
0.0,0.0,0.0,0.0,33.0,706.84045,0.0,0.025,0.0,0.0,Nov,2,2,1,3,Returning_Visitor,False,False
0.0,0.0,0.0,0.0,14.0,508.43677,0.0,0.02315109,0.0,0.0,Nov,2,2,2,19,Returning_Visitor,False,False
3.0,90.34313,0.0,0.0,24.0,588.60114,0.0,0.015384615,0.0,0.0,Nov,4,2,1,2,Returning_Visitor,False,False
4.0,95.97673,0.0,0.0,38.0,1284.6859,0.0049701063,0.022222223,0.0,0.0,Nov,4,2,1,2,Returning_Visitor,False,False
2.0,28.080818,0.0,0.0,26.0,643.831,0.009569485,0.031835392,0.0,0.0,May,2,2,9,1,Returning_Visitor,False,False
5.0,144.88606,0.0,0.0,25.0,643.889,0.008141437,0.03333333,0.0,0.0,Aug,3,2,7,2,Returning_Visitor,False,False
3.0,52.828003,0.0,0.0,33.440662,1075.5077,0.0086596515,0.019148653,0.0,0.0,Dec,3,2,7,2,Returning_Visitor,False,False
2.0,16.30505,0.0,0.0,27.0,572.87964,0.0,0.018595401,0.0,0.0,Dec,3,2,1,2,Returning_Visitor,False,False
3.0,77.3328,0.0,0.0,45.40211,2225.22,0.009870952,0.023657983,0.0,0.0,Dec,2,2,1,1,Returning_Visitor,False,False
3.0,35.216534,0.0,0.0,27.0,703.92334,0.0,0.014733811,13.731962,0.0,Nov,2,2,1,2,Returning_Visitor,False,False
0.0,0.0,0.0,0.0,25.0,700.4544,0.0,0.018027848,0.0,0.0,May,2,2,1,13,Returning_Visitor,False,False
0.0,0.0,0.0,0.0,28.0,704.2379,0.018086318,0.03642884,0.0,0.0,Dec,2,2,1,1,Returning_Visitor,False,False
0.0,0.0,0.0,0.0,20.0,278.6789,0.0,0.038535923,0.0,0.0,Nov,2,2,1,1,Returning_Visitor,False,False
0.0,0.0,0.0,0.0,19.0,326.65347,0.01649537,0.032247722,0.0,0.0,Nov,7,2,4,1,Returning_Visitor,False,False
0.0,0.0,0.0,0.0,18.0,503.55014,0.0,0.0137590375,0.0,0.0,Nov,3,2,1,9,Returning_Visitor,False,False
3.0,53.487053,0.0,0.0,28.846653,653.56165,0.0,0.012709109,0.0,0.0,Dec,2,2,1,13,Returning_Visitor,False,False
0.0,0.0,0.0,0.0,12.0,617.4054,0.0,0.026681835,0.0,0.0,Nov,2,1,1,1,Returning_Visitor,False,False
0.0,0.0,0.0,0.0,24.135098,677.0948,0.01671105,0.041315027,0.0,0.0,Dec,2,4,4,1,Returning_Visitor,False,False
0.0,0.0,0.0,0.0,39.0,1175.2102,0.0,0.01600345,0.0,0.0,May,2,2,4,3,Returning_Visitor,False,False
0.0,0.0,0.0,0.0,17.0,545.9953,0.0,0.028068801,0.0,0.0,Nov,2,2,9,8,Returning_Visitor,False,False
0.0,0.0,0.0,0.0,17.0,279.4826,0.030785548,0.058179546,0.0,0.0,Dec,3,2,4,3,Returning_Visitor,False,False
2.0,44.13869,0.0,0.0,14.557294,632.55994,0.0,0.028073283,0.0,0.0,Nov,2,2,4,13,Returning_Visitor,False,False
0.0,0.0,0.0,0.0,28.0,809.9279,0.0032429837,0.027685693,0.0,0.0,Nov,4,1,1,13,Returning_Visitor,False,False
0.0,0.0,0.0,0.0,33.0,1242.3704,0.0,0.016672518,0.0,0.0,Aug,2,2,1,2,Returning_Visitor,False,False
0.0,0.0,0.0,0.0,12.0,310.10532,0.0,0.025,0.0,0.0,Nov,2,2,9,13,Returning_Visitor,False,False
1.0,0.0,0.0,0.0,16.998892,373.8625,0.0,0.017389288,0.0,0.0,Nov,1,2,1,2,Returning_Visitor,False,False
0.0,0.0,0.0,0.0,30.0,473.38498,0.010003027,0.03779956,0.0,0.0,Dec,2,1,3,1,Returning_Visitor,False,False
0.0,0.0,0.0,0.0,17.0,625.7964,0.0,0.022222223,0.0,0.0,Aug,2,2,4,13,Returning_Visitor,False,False
0.0,0.0,0.0,0.0,21.0,434.54684,0.0,0.030230025,0.0,0.0,Dec,2,2,1,1,Returning_Visitor,False,False
0.0,0.0,0.0,0.0,14.0,282.19348,0.0010497465,0.031821653,0.0,0.0,Nov,3,2,1,3,Returning_Visitor,False,False
0.0,0.0,0.0,0.0,29.0,655.7663,0.0,0.018163405,0.0,0.0,Dec,4,2,9,10,Returning_Visitor,False,False
0.0,0.0,0.0,0.0,17.0,695.84094,0.0056091147,0.03333333,0.0,0.0,Dec,2,1,7,2,Returning_Visitor,False,False
0.0,0.0,0.0,0.0,25.0,598.3646,0.0,0.016390411,0.0,0.0,Dec,2,4,3,2,Returning_Visitor,False,False
0.0,0.0,0.0,0.0,28.765581,622.1105,0.0026765156,0.025922922,0.0,0.0,Dec,1,2,1,3,Returning_Visitor,False,False
0.0,0.0,0.0,0.0,29.0,690.29034,0.0,0.020404426,0.0,0.0,Dec,2,2,1,13,Returning_Visitor,False,False
5.0,126.94419,0.0,0.0,52.0,2352.9475,0.008653896,0.021103045,7.8450217,0.0,Dec,1,2,3,2,Returning_Visitor,False,False
3.0,47.347565,0.0,0.0,13.0,548.7452,0.0,0.020064091,0.0,0.0,Dec,2,2,1,2,Returning_Visitor,False,True
5.0,153.29643,2.0,59.474342,45.0,1735.0105,0.0,0.017561201,0.0,0.0,Jul,2,2,1,2,Returning_Visitor,False,False
0.0,0.0,0.0,0.0,10.0,342.3763,0.03088169,0.05499966,0.0,0.0,Nov,3,2,3,1,Returning_Visitor,False,False
0.0,0.0,0.0,0.0,33.0,688.459,0.017019458,0.05,0.0,0.0,Aug,2,2,7,1,Returning_Visitor,False,False
0.0,0.0,0.0,0.0,33.595894,840.2802,0.015374748,0.03333333,0.0,0.0,Aug,2,2,7,1,Returning_Visitor,False,False
3.0,58.690422,0.0,0.0,24.0,493.17395,0.003268417,0.015688691,0.0,0.0,Dec,3,2,1,2,Returning_Visitor,False,False
0.0,0.0,0.0,0.0,29.0,752.61615,0.0,0.02,0.0,0.0,Nov,3,2,1,1,Returning_Visitor,False,False
0.0,0.0,0.0,0.0,28.0,614.53284,0.0,0.02223021,0.0,0.0,Dec,2,2,4,2,Returning_Visitor,False,False
0.0,0.0,0.0,0.0,34.5548,729.37885,0.0,0.016352903,0.0,0.0,Nov,2,2,6,2,Returning_Visitor,False,False
0.0,0.0,0.0,0.0,15.0,328.50845,0.016323425,0.03513809,0.0,0.0,Dec,4,2,1,2,Returning_Visitor,False,False
0.0,0.0,0.0,0.0,26.0,681.8608,0.0,0.025,0.0,0.0,Dec,2,2,1,2,Returning_Visitor,False,False
0.0,0.0,0.0,0.0,19.0,280.12015,0.0,0.028571429,0.0,0.0,Dec,1,2,1,8,Returning_Visitor,False,False
5.0,68.3846,0.0,0.0,41.13246,1383.4524,0.010580405,0.028806893,0.0,0.0,Nov,2,2,1,2,Returning_Visitor,False,False
0.0,0.0,0.0,0.0,19.816935,1065.9451,0.0,0.02599597,0.0,0.0,Dec,2,1,1,2,Returning_Visitor,False,False
0.0,0.0,0.0,0.0,28.519585,995.5573,0.0,0.015764846,0.0,0.0,Nov,2,2,9,2,Returning_Visitor,False,True
0.0,0.0,0.0,0.0,27.0,559.02155,0.0,0.0329151,0.0,0.0,Dec,2,2,1,3,Returning_Visitor,False,False
2.0,46.75275,0.0,0.0,28.34429,581.4885,0.0,0.0103811165,0.0,0.0,Dec,4,2,1,3,Returning_Visitor,False,False
3.0,55.251297,0.0,0.0,30.789957,931.9983,0.0,0.0144027015,0.0,0.0,May,2,2,1,2,Returning_Visitor,False,False
0.0,0.0,0.0,0.0,20.0,468.327,0.0,0.03333333,0.0,0.0,Nov,2,2,1,3,Returning_Visitor,False,False
0.0,0.0,0.0,0.0,22.0,403.3599,0.0074445438,0.029978553,0.0,0.0,Nov,2,2,1,15,Returning_Visitor,False,False
0.0,0.0,0.0,0.0,29.0,749.5563,0.0,0.022222223,0.0,0.0,Nov,2,2,1,2,Returning_Visitor,False,False
0.0,0.0,0.0,0.0,17.0,318.82117,0.02,0.044282652,0.0,0.0,Nov,1,2,7,2,Returning_Visitor,False,False
3.0,47.639263,0.0,0.0,19.0,487.06738,0.0,0.0111078555,0.0,0.0,May,2,4,7,2,New_Visitor,False,False
0.0,0.0,0.0,0.0,17.0,376.84872,0.014285714,0.029615348,0.0,0.0,Nov,1,1,8,2,Returning_Visitor,False,False
3.0,48.634777,0.0,0.0,7.0,127.87832,0.0,0.036397114,0.0,0.0,Aug,2,2,1,2,Returning_Visitor,False,False
0.0,0.0,0.0,0.0,19.0,454.6608,0.02192967,0.05,0.0,0.0,Aug,1,2,1,3,Returning_Visitor,False,False
0.0,0.0,0.0,0.0,14.0,290.04614,0.014285714,0.023723152,0.0,0.0,Nov,1,4,7,2,Returning_Visitor,False,False
0.0,0.0,0.0,0.0,28.268343,680.12775,0.012859671,0.03333333,0.0,0.0,Aug,4,2,1,3,Returning_Visitor,False,False
0.0,0.0,0.0,0.0,38.280056,882.64905,0.0,0.01952442,0.0,0.0,Aug,2,2,1,1,Returning_Visitor,False,False
0.0,0.0,0.0,0.0,26.155441,741.2384,0.0,0.018211711,0.0,0.0,Dec,2,2,1,1,Returning_Visitor,False,False
0.0,0.0,0.0,0.0,24.0,616.93726,0.023723051,0.047462173,0.0,0.0,Dec,2,2,2,1,Returning_Visitor,False,False
0.0,0.0,0.0,0.0,39.4403,712.79364,0.0,0.020014038,0.0,0.0,Dec,1,2,4,2,Returning_Visitor,False,False
3.0,68.14328,0.0,0.0,40.147392,1124.742,0.0043510697,0.023516227,11.810565,0.0,Aug,4,8,4,8,Returning_Visitor,False,False
2.0,36.254147,0.0,0.0,21.0,491.2106,0.0,0.008730174,0.0,0.0,May,2,2,1,2,Returning_Visitor,False,False
3.0,52.12416,0.0,0.0,27.619112,908.9622,0.00415796,0.020841125,13.508487,0.0,Dec,2,2,7,9,Returning_Visitor,True,True
3.0,45.106678,0.0,0.0,37.0,918.9343,0.0012521481,0.023745967,0.0,0.0,Dec,2,2,7,2,Returning_Visitor,False,False
0.0,0.0,0.0,0.0,34.0,769.558,0.011468078,0.03333333,0.0,0.0,Nov,4,1,3,1,Returning_Visitor,False,False
3.0,102.56637,0.0,0.0,36.09138,1350.6622,0.005807756,0.018280681,0.0,0.0,Dec,2,2,2,13,Returning_Visitor,False,False
3.0,60.248077,0.0,0.0,12.0,301.23917,0.0,0.021611843,0.0,0.0,Nov,2,2,7,1,Returning_Visitor,False,False
4.0,92.02557,0.0,0.0,43.78532,1179.4132,0.0,0.013903293,0.0,0.0,Nov,2,2,1,1,Returning_Visitor,False,False
0.0,0.0,0.0,0.0,35.231518,1661.2423,0.013700546,0.040978815,0.0,0.0,Nov,2,2,1,1,Returning_Visitor,False,False
0.0,0.0,0.0,0.0,23.110495,627.8156,0.016851036,0.037201907,0.0,0.0,May,2,2,7,1,Returning_Visitor,False,False
0.0,0.0,0.0,0.0,17.0,277.568,0.0,0.04,0.0,0.0,Dec,4,2,1,1,Returning_Visitor,False,False
0.0,0.0,0.0,0.0,17.0,333.4786,0.0030399389,0.039979532,0.0,0.0,Dec,1,1,1,2,Returning_Visitor,False,False
0.0,0.0,0.0,0.0,23.877195,717.0666,0.0,0.016279412,0.0,0.0,Dec,2,2,1,2,Returning_Visitor,False,False
0.0,0.0,0.0,0.0,33.444435,1258.9735,0.018990379,0.04469428,0.0,0.0,Jul,7,2,4,1,Returning_Visitor,False,False
2.0,28.929699,0.0,0.0,22.0,600.7909,0.0,0.021349268,0.0,0.0,Aug,2,2,1,8,Returning_Visitor,False,False
4.0,60.280933,0.0,0.0,45.0,1623.2948,0.0,0.021305302,0.0,0.0,Nov,2,2,1,2,Returning_Visitor,False,False
3.0,80.256454,0.0,0.0,34.081367,1315.4197,0.0,0.007739725,0.0,0.0,Dec,2,4,7,2,Returning_Visitor,False,False
0.0,0.0,0.0,0.0,24.0,665.38605,0.009583861,0.03297725,0.0,0.0,Dec,2,2,1,3,Returning_Visitor,False,False
3.0,65.26224,0.0,0.0,30.0,882.9007,0.0,0.016666668,0.0,0.0,May,1,1,1,1,Returning_Visitor,False,False
0.0,0.0,0.0,0.0,11.112605,186.39857,0.0,0.038469575,0.0,0.0,Dec,1,1,1,2,Returning_Visitor,False,False
5.0,87.89531,0.0,0.0,40.0,1129.7157,0.0,0.01137846,0.0,0.0,Dec,2,2,4,8,Returning_Visitor,False,False
0.0,0.0,0.0,0.0,46.0,1423.6655,0.0,0.016113603,0.0,0.0,Dec,2,2,1,13,Returning_Visitor,False,False
2.0,34.945988,0.0,0.0,25.261686,621.9198,0.0,0.024271496,0.0,0.0,Jul,2,2,1,2,Returning_Visitor,False,False
0.0,0.0,0.0,0.0,14.0,205.08876,0.0059496686,0.05,0.0,0.0,Jul,1,1,1,3,Returning_Visitor,False,False
2.0,29.268742,0.0,0.0,23.0,609.76294,0.0,0.011764706,0.0,0.0,Nov,4,1,3,2,Returning_Visitor,False,False
3.0,57.68475,0.0,0.0,15.0,466.07898,0.012735369,0.025,0.0,0.0,Nov,1,2,1,2,Returning_Visitor,False,False
0.0,0.0,0.0,0.0,27.0,817.55286,0.0,0.010072925,0.0,0.0,Dec,4,1,1,2,New_Visitor,False,False
0.0,0.0,0.0,0.0,18.0,465.0965,0.0059585986,0.032331023,0.0,0.0,Nov,3,2,1,13,Returning_Visitor,False,False
0.0,0.0,0.0,0.0,45.0,1130.5204,0.023448063,0.046437293,0.0,0.0,Dec,2,2,1,1,Returning_Visitor,False,False
0.0,0.0,0.0,0.0,33.222336,1176.8682,0.011111111,0.035923485,0.0,0.0,Dec,2,2,1,2,Returning_Visitor,False,False
3.0,64.894485,0.0,0.0,22.511492,598.88464,0.0,0.012694685,0.0,0.0,Nov,4,1,1,2,Returning_Visitor,False,False
3.0,59.149933,0.0,0.0,27.0,1395.8627,0.0,0.016940108,0.0,0.0,Nov,2,2,1,2,Returning_Visitor,False,False
0.0,0.0,0.0,0.0,12.0,284.69446,0.029817026,0.05,0.0,0.0,Nov,4,2,1,1,Returning_Visitor,False,False
0.0,0.0,0.0,0.0,19.0,327.38672,0.0,0.03749289,0.0,0.0,Dec,2,2,1,1,Returning_Visitor,False,False
2.0,34.205162,0.0,0.0,37.0,1267.8225,0.007217616,0.025,0.0,0.0,Dec,2,2,4,1,Returning_Visitor,False,False
0.0,0.0,0.0,0.0,20.0,623.45416,0.0,0.016666668,0.0,0.0,Nov,1,1,4,2,Returning_Visitor,False,False
4.0,132.91228,0.0,0.0,38.0,848.984,0.0,0.019545294,361.72244,0.0,Nov,1,2,3,15,Returning_Visitor,False,False
0.0,0.0,0.0,0.0,21.0,706.44666,0.0,0.017201023,0.0,0.0,Dec,2,2,7,1,Returning_Visitor,False,False
4.0,153.71136,0.0,0.0,34.0,735.98663,0.0,0.01665606,0.0,0.0,Dec,4,4,1,2,Returning_Visitor,True,False
2.0,43.441612,0.0,0.0,8.0,258.98862,0.0,0.018777099,0.0,0.0,Dec,2,2,1,13,Returning_Visitor,False,False
2.0,84.372215,0.0,0.0,33.0,730.9961,0.002537019,0.018631477,0.0,0.0,Dec,2,2,9,1,Returning_Visitor,False,False
5.0,77.946075,0.0,0.0,49.0,1661.6381,0.0,0.012451144,0.0,0.0,Mar,4,2,9,2,Returning_Visitor,False,False
0.0,0.0,0.0,0.0,17.0,445.56088,0.02,0.047072046,0.0,0.0,Nov,2,2,1,2,Returning_Visitor,False,False
3.0,43.640705,0.0,0.0,48.54667,1422.3907,0.0,0.012450753,0.0,0.0,Nov,2,2,1,2,Returning_Visitor,False,False
0.0,0.0,0.0,0.0,25.0,620.0559,0.0,0.03333333,0.0,0.0,Aug,2,2,1,2,Returning_Visitor,False,False
0.0,0.0,0.0,0.0,22.0,587.9183,0.0,0.030250987,0.0,0.0,Aug,4,1,1,3,Returning_Visitor,False,False
0.0,0.0,0.0,0.0,17.0,564.83344,0.0,0.022222223,0.0,0.0,Nov,2,2,1,2,Returning_Visitor,False,False
5.0,90.187775,0.0,0.0,38.0,741.804,0.004017337,0.019595234,0.0,0.0,Dec,2,2,1,2,Returning_Visitor,False,False
0.0,0.0,0.0,0.0,27.0,859.0801,0.004531391,0.030917121,0.0,0.0,Dec,2,2,6,2,Returning_Visitor,False,False
4.0,98.38052,0.0,0.0,42.0,1089.7157,0.0,0.008431759,0.0,0.0,Jul,2,2,9,2,Returning_Visitor,False,False
0.0,0.0,0.0,0.0,12.0,362.3595,0.0,0.02,0.0,0.0,Mar,4,4,6,8,Returning_Visitor,False,False
4.0,82.802246,0.0,0.0,38.0,610.7428,0.0,0.014137616,0.0,0.0,Dec,2,2,3,9,Returning_Visitor,False,False
5.0,78.53965,0.0,0.0,27.0,617.4098,0.0,0.021934073,0.0,0.0,Nov,2,2,1,13,Returning_Visitor,False,False
0.0,0.0,0.0,0.0,24.0,682.3903,0.012824494,0.034004234,0.0,0.0,Nov,2,2,9,1,Returning_Visitor,False,False
0.0,0.0,0.0,0.0,20.83372,572.44336,0.016500061,0.041289106,0.0,0.0,Nov,1,4,1,10,Returning_Visitor,False,False
3.0,53.018864,0.0,0.0,42.0,1126.3966,0.0097889565,0.025,8.938245,0.0,Dec,1,2,1,1,Returning_Visitor,False,False
0.0,0.0,0.0,0.0,26.0,836.18164,0.0,0.02334491,0.0,0.0,Nov,2,2,4,2,Returning_Visitor,False,False
0.0,0.0,0.0,0.0,28.0,713.3419,0.0,0.010174223,0.0,0.0,Nov,2,2,7,2,New_Visitor,False,False
2.0,39.91109,0.0,0.0,11.0,411.8007,0.0,0.020468876,0.0,0.0,Nov,2,2,6,8,Returning_Visitor,False,False
2.0,98.70582,0.0,0.0,22.618143,383.2059,0.0,0.009457735,0.0,0.0,Nov,1,1,9,2,New_Visitor,False,False
3.0,66.86621,0.0,0.0,70.39666,2165.8154,0.004354254,0.019493314,0.0,0.0,Dec,2,2,7,8,Returning_Visitor,False,False
0.0,0.0,0.0,0.0,22.0,602.6167,0.018181818,0.042307895,0.0,0.0,Dec,1,2,1,3,Returning_Visitor,False,False
0.0,0.0,0.0,0.0,21.0,264.94986,0.0046513006,0.041468296,0.0,0.0,Dec,2,2,6,1,Returning_Visitor,False,False
2.0,40.05302,0.0,0.0,34.321815,779.30566,0.0,0.020358792,0.0,0.0,Nov,2,2,1,2,Returning_Visitor,False,False
0.0,0.0,0.0,0.0,29.0,658.1181,0.008239397,0.025,0.0,0.0,Dec,2,2,7,3,Returning_Visitor,False,False
0.0,0.0,0.0,0.0,20.0,656.2197,0.016419077,0.04,0.0,0.0,Dec,2,2,3,1,Returning_Visitor,False,False
0.0,0.0,0.0,0.0,22.0,560.349,0.009157275,0.028571429,0.0,0.0,Nov,2,2,1,1,Returning_Visitor,False,False
2.0,37.151016,0.0,0.0,24.0,593.2955,0.01035673,0.034019727,0.0,0.0,Dec,1,2,1,1,Returning_Visitor,False,False
2.0,53.387924,0.0,0.0,12.0,260.3358,0.0,0.015384615,0.0,0.0,Aug,1,2,1,2,New_Visitor,False,False
0.0,0.0,0.0,0.0,25.0,541.7196,0.0,0.025358943,0.0,0.0,Nov,1,2,3,13,Returning_Visitor,False,False
0.0,0.0,0.0,0.0,14.0,332.35187,0.0,0.034507327,0.0,0.0,Aug,2,2,1,13,Returning_Visitor,False,False
0.0,0.0,0.0,0.0,15.0,285.88443,0.0,0.02880462,0.0,0.0,Nov,4,2,1,3,Returning_Visitor,False,False
4.0,64.95574,0.0,0.0,36.24854,720.2387,0.0,0.01625906,0.0,0.0,Dec,2,2,1,2,Returning_Visitor,False,True
0.0,0.0,0.0,0.0,17.0,238.71841,0.005704576,0.041953046,0.0,0.0,Jul,2,2,1,13,Returning_Visitor,False,False
0.0,0.0,0.0,0.0,30.0,613.5969,0.0055874963,0.025,0.0,0.0,Dec,2,2,1,3,Returning_Visitor,False,False
0.0,0.0,0.0,0.0,21.355257,436.9659,0.0,0.027873639,0.0,0.0,Nov,2,2,1,13,Returning_Visitor,False,False
0.0,0.0,0.0,0.0,18.0,669.61664,0.0,0.026418306,0.0,0.0,Dec,2,2,1,19,Returning_Visitor,False,False
0.0,0.0,0.0,0.0,22.0,843.8675,0.0,0.022694753,0.0,0.0,Nov,2,2,1,13,Returning_Visitor,False,False
0.0,0.0,0.0,0.0,16.0,218.80374,0.0353067,0.05988629,0.0,0.0,Jul,1,1,1,3,Returning_Visitor,False,False
0.0,0.0,0.0,0.0,23.0,726.081,0.0,0.025085792,0.0,0.0,Dec,4,2,1,2,Returning_Visitor,False,False
0.0,0.0,0.0,0.0,26.0,717.2629,0.0,0.019162767,0.0,0.0,Dec,4,2,6,3,Returning_Visitor,False,False
0.0,0.0,0.0,0.0,14.0,480.04767,0.03333333,0.061077725,0.0,0.0,Nov,4,1,1,1,Returning_Visitor,False,False
0.0,0.0,0.0,0.0,20.0,561.4476,0.021167131,0.04598687,0.0,0.0,Jul,1,1,1,4,Returning_Visitor,False,False
0.0,0.0,0.0,0.0,22.0,666.0463,0.0,0.031005628,0.0,0.0,Dec,2,4,1,2,Returning_Visitor,False,False
3.0,54.67441,0.0,0.0,25.0,832.20996,0.0,0.0126008,0.0,0.0,Jul,2,4,6,2,Returning_Visitor,False,False
0.0,0.0,0.0,0.0,14.0,274.88748,0.0,0.018271085,0.0,0.0,Dec,2,2,1,2,Returning_Visitor,False,False
2.0,49.305138,0.0,0.0,27.0,1241.195,0.0,0.023667626,0.0,0.0,Dec,2,2,4,2,Returning_Visitor,False,False
0.0,0.0,0.0,0.0,23.0,741.0338,0.0,0.025,0.0,0.0,Nov,2,2,1,2,Returning_Visitor,False,False
0.0,0.0,0.0,0.0,23.0,676.8227,0.0,0.03333333,0.0,0.0,Sep,2,2,7,1,Returning_Visitor,False,False
0.0,0.0,0.0,0.0,22.0,315.294,0.0054367594,0.026409252,0.0,0.0,Jul,4,2,4,3,Returning_Visitor,False,False
0.0,0.0,0.0,0.0,11.0,346.37924,0.0,0.022010218,0.0,0.0,Dec,2,2,1,1,Returning_Visitor,False,False
0.0,0.0,0.0,0.0,62.98022,1994.7258,0.003778985,0.022222223,6.6000094,0.0,Dec,2,4,1,1,Returning_Visitor,False,False
0.0,0.0,0.0,0.0,21.0,319.29114,0.0,0.020679655,0.0,0.0,Nov,2,2,1,9,Returning_Visitor,False,False
0.0,0.0,0.0,0.0,24.0,587.80237,0.0,0.015576901,0.0,0.0,Nov,1,1,1,2,Returning_Visitor,False,False
2.0,80.44217,0.0,0.0,24.809643,660.5888,0.0,0.00871363,0.0,0.0,Dec,3,2,7,13,Returning_Visitor,False,False
0.0,0.0,0.0,0.0,33.0,677.41064,0.0072589307,0.02617503,0.0,0.0,Jul,2,2,4,13,Returning_Visitor,False,False
2.0,19.77004,0.0,0.0,33.0,753.259,0.0,0.008104251,0.0,0.0,Dec,2,4,1,2,Returning_Visitor,False,False
0.0,0.0,0.0,0.0,32.0,812.4244,0.0,0.020003539,0.0,0.0,Sep,2,2,7,2,Returning_Visitor,False,False
0.0,0.0,0.0,0.0,51.737823,1311.4797,0.0,0.0125,0.0,0.0,Dec,4,4,1,2,Returning_Visitor,False,False
0.0,0.0,0.0,0.0,9.524979,151.35428,0.03446017,0.042851564,0.0,0.0,Nov,3,2,1,13,Returning_Visitor,False,False
2.0,37.21704,0.0,0.0,19.0,368.58386,0.0,0.025,0.0,0.0,Nov,2,2,4,2,Returning_Visitor,False,False
0.0,0.0,0.0,0.0,39.733643,1435.5813,0.0,0.019914709,0.0,0.0,Aug,2,2,1,13,Returning_Visitor,False,False
0.0,0.0,0.0,0.0,20.034998,376.50912,0.008629082,0.03769872,0.0,0.0,Aug,2,2,1,1,Returning_Visitor,False,False
0.0,0.0,0.0,0.0,23.5598,594.2487,0.0,0.027708298,0.0,0.0,Nov,2,2,4,2,Returning_Visitor,False,False
0.0,0.0,0.0,0.0,26.706228,872.28107,0.019948898,0.041864637,0.0,0.0,Dec,2,2,1,1,Returning_Visitor,False,False
4.0,55.95401,0.0,0.0,42.0,1983.7675,0.0,0.011764706,8.771911,0.0,Nov,2,2,1,2,Returning_Visitor,False,False
2.0,6.4081216,0.0,0.0,23.0,667.6441,0.0,0.015627237,0.0,0.0,Jul,2,2,1,2,Returning_Visitor,False,False
0.0,0.0,0.0,0.0,26.0,753.6351,0.0,0.019877091,0.0,0.0,Dec,4,1,1,3,Returning_Visitor,False,False
0.0,0.0,0.0,0.0,7.0,141.4977,0.0,0.032200307,0.0,0.0,May,2,2,9,3,Returning_Visitor,False,False
3.0,50.67741,0.0,0.0,17.0,500.21478,0.00859337,0.024708092,0.0,0.0,Nov,2,5,1,15,Returning_Visitor,False,False
0.0,0.0,0.0,0.0,8.0,223.60661,0.0,0.03333333,0.0,0.0,Nov,2,4,3,3,Returning_Visitor,False,False
4.0,111.633545,0.0,0.0,34.0,1324.3185,0.0,0.012525896,19.454002,0.0,Nov,2,2,1,2,Returning_Visitor,False,True
3.0,83.68697,0.0,0.0,45.050255,1427.9172,0.005322164,0.01772774,0.0,0.0,Dec,2,2,1,1,Returning_Visitor,False,False
3.0,56.502693,0.0,0.0,67.80651,2400.2827,0.008214101,0.026555328,0.0,0.0,Aug,2,2,1,2,Returning_Visitor,False,False
0.0,0.0,0.0,0.0,18.0,333.94638,0.0,0.026719872,0.0,0.0,Aug,2,2,7,1,Returning_Visitor,False,False
0.0,0.0,0.0,0.0,26.0,823.7896,0.0,0.023472494,0.0,0.0,Nov,2,2,9,2,Returning_Visitor,False,False
0.0,0.0,0.0,0.0,24.124006,965.27094,0.0,0.02698268,0.0,0.0,Aug,1,1,1,1,Returning_Visitor,False,False
3.0,53.21791,0.0,0.0,35.0,728.8649,0.004537853,0.022742542,0.0,0.0,Nov,2,2,6,1,Returning_Visitor,False,False
3.0,52.229485,0.0,0.0,27.0,692.693,0.0,0.016666668,0.0,0.0,Dec,1,4,1,3,Returning_Visitor,False,False
0.0,0.0,0.0,0.0,21.297384,528.68085,0.0,0.026988525,0.0,0.0,Aug,2,2,1,2,Returning_Visitor,False,False
3.0,46.93537,0.0,0.0,29.0,1183.4293,0.0,0.020582931,13.145908,0.0,Aug,2,4,4,1,Returning_Visitor,False,False
0.0,0.0,0.0,0.0,23.0,715.7922,0.0,0.008415138,39.811,0.0,Nov,1,1,1,2,New_Visitor,False,True
0.0,0.0,0.0,0.0,27.0,571.59,0.010886888,0.030596212,0.0,0.0,Dec,4,2,1,3,Returning_Visitor,False,False
0.0,0.0,0.0,0.0,9.0,143.83635,0.0,0.054578416,0.0,0.0,Jul,2,2,4,3,Returning_Visitor,False,False
0.0,0.0,0.0,0.0,14.0,203.22424,0.0,0.03555212,0.0,0.0,Dec,7,2,1,13,Returning_Visitor,False,False
0.0,0.0,0.0,0.0,45.0,1142.2675,0.007692308,0.03333333,0.0,0.0,Sep,4,2,1,1,Returning_Visitor,False,False
3.0,46.63042,0.0,0.0,39.0,1116.1667,0.0,0.005340649,0.0,0.0,Dec,2,2,1,2,Returning_Visitor,False,False
0.0,0.0,0.0,0.0,33.0,705.5054,0.0,0.02,0.0,0.0,Aug,4,2,1,13,Returning_Visitor,False,False
0.0,0.0,0.0,0.0,27.0,604.0547,0.0,0.018147022,0.0,0.0,Dec,2,2,4,2,Returning_Visitor,False,False
4.0,197.76134,3.0,163.81544,42.0,1231.0979,0.0,0.01780631,0.0,0.0,Dec,4,2,9,2,Returning_Visitor,False,False
0.0,0.0,0.0,0.0,29.206562,1139.8346,0.0,0.020396354,0.0,0.0,Nov,2,2,3,2,Returning_Visitor,False,False
6.0,79.7442,0.0,0.0,41.0,1109.655,0.0,0.011764706,292.02176,0.0,Nov,4,1,1,2,Returning_Visitor,False,False
0.0,0.0,0.0,0.0,33.0,676.3076,0.0,0.015372263,0.0,0.0,Nov,2,2,4,13,Returning_Visitor,False,False
0.0,0.0,0.0,0.0,39.0,1880.6038,0.008799303,0.025782222,0.0,0.0,Aug,3,2,1,2,Returning_Visitor,True,False
2.0,39.158176,0.0,0.0,45.0,1126.2839,0.0014632063,0.01789929,0.0,0.0,Dec,4,1,4,2,Returning_Visitor,False,False
4.541397,118.81013,0.0,0.0,28.0,975.4409,0.0,0.01776063,9.034388,0.0,Nov,2,2,7,1,Returning_Visitor,False,False
0.0,0.0,0.0,0.0,25.0,551.55225,0.0060012788,0.026230967,0.0,0.0,Dec,2,2,9,2,Returning_Visitor,False,False
3.0,75.33442,0.0,0.0,30.191116,694.85156,0.0,0.012471693,0.0,0.0,Dec,4,2,1,2,Returning_Visitor,False,False
0.0,0.0,0.0,0.0,28.0,776.62427,0.016064221,0.029756287,0.0,0.0,Dec,3,2,1,3,Returning_Visitor,False,False
0.0,0.0,0.0,0.0,49.0,1541.2738,0.003732474,0.019868368,16.503931,0.0,Dec,2,1,1,3,Returning_Visitor,False,True
0.0,0.0,0.0,0.0,12.0,405.00153,0.0,0.03333333,0.0,0.0,Dec,4,1,7,1,Returning_Visitor,False,False
0.0,0.0,0.0,0.0,19.0,457.16965,0.0,0.034884766,0.0,0.0,Aug,2,2,4,1,Returning_Visitor,False,False
0.0,0.0,0.0,0.0,28.0,521.0992,0.0,0.022946967,0.0,0.0,Dec,2,2,1,3,Returning_Visitor,False,False
3.0,56.90038,0.0,0.0,19.0,337.6928,0.018181818,0.040269602,0.0,0.0,Dec,1,1,6,1,Returning_Visitor,False,False
4.0,140.95676,0.0,0.0,26.0,782.4109,0.016569123,0.025,0.0,0.0,Aug,1,1,1,1,Returning_Visitor,False,False
3.0,62.513355,0.0,0.0,32.0,775.5827,0.0,0.017152203,0.0,0.0,Dec,2,4,1,2,Returning_Visitor,False,False
0.0,0.0,0.0,0.0,26.0,698.0807,0.0,0.03145436,0.0,0.0,Aug,2,2,1,3,Returning_Visitor,False,False
5.0,81.473145,0.0,0.0,24.856855,577.87384,0.0,0.017424166,0.0,0.0,Nov,1,1,1,3,Returning_Visitor,False,False
0.0,0.0,0.0,0.0,23.0,407.704,0.0,0.028191555,0.0,0.0,Dec,2,2,4,13,Returning_Visitor,False,False
4.0,99.95395,0.0,0.0,53.0,1982.8772,0.005722403,0.016722877,0.0,0.0,Dec,4,2,1,2,Returning_Visitor,False,False
0.0,0.0,0.0,0.0,15.0,443.57318,0.035296332,0.074726455,0.0,0.0,Aug,2,2,1,1,Returning_Visitor,False,False
0.0,0.0,0.0,0.0,27.0,653.43066,0.0,0.02325888,0.0,0.0,Nov,2,2,1,2,Returning_Visitor,False,False
3.0,62.532497,0.0,0.0,23.0,477.14548,0.0,0.02310704,0.0,0.0,Dec,1,1,1,2,Returning_Visitor,False,False
0.0,0.0,0.0,0.0,23.403471,1055.956,0.0,0.022574184,0.0,0.0,Dec,2,2,6,2,Returning_Visitor,False,False
0.0,0.0,0.0,0.0,22.0,607.54736,0.01226144,0.040813487,0.0,0.0,Nov,2,4,1,1,Returning_Visitor,False,False
0.0,0.0,0.0,0.0,14.0,387.16757,0.0,0.04,0.0,0.0,Nov,2,2,1,1,Returning_Visitor,False,False
0.0,0.0,0.0,0.0,24.0,403.17902,0.017809462,0.034512125,0.0,0.0,Nov,1,2,3,1,Returning_Visitor,False,False
0.0,0.0,0.0,0.0,23.731037,395.35236,0.0,0.022222223,0.0,0.0,Nov,3,2,1,3,Returning_Visitor,False,False
0.0,0.0,0.0,0.0,24.0,456.61978,0.0,0.020489074,0.0,0.0,Jul,1,2,4,13,Returning_Visitor,False,False
0.0,0.0,0.0,0.0,14.0,228.5758,0.0035721017,0.045034863,0.0,0.0,Dec,2,2,1,1,Returning_Visitor,False,False
0.0,0.0,0.0,0.0,24.0,357.19263,0.0,0.025,0.0,0.0,May,2,2,7,1,Returning_Visitor,False,False
4.0,166.75093,0.0,0.0,50.0,2394.407,0.009090909,0.022222223,0.0,0.0,Nov,4,2,1,2,Returning_Visitor,False,True
0.0,0.0,0.0,0.0,22.0,447.46933,0.0,0.034203224,0.0,0.0,Dec,2,2,2,2,Returning_Visitor,False,False
0.0,0.0,0.0,0.0,26.639982,679.79614,0.007051844,0.027838642,0.0,0.0,Dec,4,2,2,2,Returning_Visitor,False,False
0.0,0.0,0.0,0.0,38.67233,769.7562,0.0,0.016666668,0.0,0.0,Sep,2,2,1,2,Returning_Visitor,False,True
0.0,0.0,0.0,0.0,6.0,138.38745,0.0,0.05,0.0,0.0,Nov,2,2,1,1,Returning_Visitor,True,False
0.0,0.0,0.0,0.0,14.0,266.00015,0.016666668,0.0380533,0.0,0.0,Nov,4,4,6,9,Returning_Visitor,False,False
2.0,30.13033,0.0,0.0,14.0,426.6615,0.0,0.017965736,0.0,0.0,Nov,2,2,3,1,Returning_Visitor,False,False
0.0,0.0,0.0,0.0,22.0,353.13504,0.012376145,0.041412055,0.0,0.0,May,4,1,1,3,Returning_Visitor,False,False
3.0,81.84273,0.0,0.0,20.0,433.1692,0.015380001,0.027068414,0.0,0.0,Dec,4,2,1,1,Returning_Visitor,False,False
3.0,52.775417,0.0,0.0,28.0,611.9399,0.0032911524,0.02318302,0.0,0.0,Dec,2,2,1,1,Returning_Visitor,False,False
1.0,0.0,0.0,0.0,26.0,703.0697,0.01365135,0.037733555,0.0,0.0,Nov,4,2,1,13,Returning_Visitor,False,False
2.0,49.179287,0.0,0.0,35.0,1108.5774,0.0,0.0113696605,0.0,0.0,Dec,2,2,9,2,Returning_Visitor,False,False
0.0,0.0,0.0,0.0,13.0,454.6674,0.0,0.029839654,0.0,0.0,Nov,2,5,6,13,Returning_Visitor,False,False
0.0,0.0,0.0,0.0,40.15742,1221.6499,0.014929746,0.037973475,0.0,0.0,Dec,1,2,1,1,Returning_Visitor,False,False
0.0,0.0,0.0,0.0,16.0,223.25124,0.0,0.034468208,0.0,0.0,Nov,4,2,1,3,Returning_Visitor,False,False
0.0,0.0,0.0,0.0,27.0,842.34296,0.005412614,0.024639526,0.0,0.0,Nov,2,4,1,8,Returning_Visitor,False,False
0.0,0.0,0.0,0.0,35.04831,883.215,0.004524057,0.029546753,0.0,0.0,Dec,2,2,6,1,Returning_Visitor,False,False
1.0,7.7181764,0.0,0.0,40.402,1039.0637,0.0,0.013489057,0.0,0.0,Aug,2,2,1,1,Returning_Visitor,False,False
0.0,0.0,0.0,0.0,11.0,169.62378,0.0,0.027307844,0.0,0.0,Mar,2,2,9,9,Returning_Visitor,False,False
0.0,0.0,0.0,0.0,24.0,709.43,0.0,0.01613517,0.0,0.0,Aug,2,4,1,9,Returning_Visitor,False,False
2.0,42.734703,0.0,0.0,15.0,291.00308,0.0,0.017008979,0.0,0.0,Nov,2,2,7,2,Returning_Visitor,False,False
1.0,16.808498,0.0,0.0,40.0,1355.5105,0.0053503215,0.021686692,0.0,0.0,Nov,2,2,1,2,Returning_Visitor,True,False
0.0,0.0,0.0,0.0,15.0,316.60318,0.0,0.036699373,0.0,0.0,Jul,2,2,4,1,Returning_Visitor,False,False
3.0,95.92029,0.0,0.0,48.0,1742.5525,0.0,0.017214263,10.82116,0.0,Aug,2,2,1,2,Returning_Visitor,False,False
3.0,51.429077,0.0,0.0,30.0,589.2399,0.010797768,0.028569939,0.0,0.0,Nov,7,2,1,1,Returning_Visitor,False,False
0.0,0.0,0.0,0.0,25.0,575.09424,0.0,0.02,0.0,0.0,Nov,2,2,1,2,Returning_Visitor,False,False
0.0,0.0,0.0,0.0,16.0,447.5518,0.0,0.026021248,0.0,0.0,May,2,4,9,2,Returning_Visitor,False,False
0.0,0.0,0.0,0.0,18.0,461.96902,0.0,0.038340688,0.0,0.0,Aug,2,2,1,3,Returning_Visitor,False,False
1.0,11.966766,0.0,0.0,7.0,107.19565,0.0,0.029708704,0.0,0.0,Dec,2,2,1,8,New_Visitor,False,False
2.0,90.47313,0.0,0.0,9.0,209.59355,0.0,0.026363965,0.0,0.0,May,3,2,6,2,Returning_Visitor,False,False
0.0,0.0,0.0,0.0,18.734678,681.6125,0.0,0.014285714,0.0,0.0,Aug,2,2,1,1,Returning_Visitor,False,False
0.0,0.0,0.0,0.0,14.0,239.31972,0.0,0.03333333,0.0,0.0,Nov,2,2,9,13,Returning_Visitor,False,False
4.0,65.73372,0.0,0.0,37.0,745.482,0.010226937,0.023960864,0.0,0.0,Nov,1,1,1,3,Returning_Visitor,False,False
0.0,0.0,0.0,0.0,37.0,898.9745,0.0055694603,0.024336472,0.0,0.0,Dec,2,2,7,13,Returning_Visitor,False,False
0.0,0.0,0.0,0.0,24.0,645.6413,0.0,0.016666668,0.0,0.0,May,4,2,7,13,Returning_Visitor,False,False
0.0,0.0,0.0,0.0,30.0,708.65485,0.0028611245,0.022222223,0.0,0.0,Dec,1,2,7,13,Returning_Visitor,False,False
3.0,76.11896,0.0,0.0,19.0,373.7102,0.0,0.009535355,0.0,0.0,Nov,2,2,1,2,New_Visitor,True,False
4.0,92.50119,0.0,0.0,28.0,490.9209,0.005172908,0.015323465,0.0,0.0,Nov,1,1,1,8,Returning_Visitor,False,False
0.0,0.0,0.0,0.0,19.0,383.2246,0.0,0.03356214,0.0,0.0,Dec,2,2,1,3,Returning_Visitor,False,False
2.0,37.491257,0.0,0.0,11.0,556.4498,0.02,0.038210295,0.0,0.0,Dec,3,2,1,1,Returning_Visitor,False,False
0.0,0.0,0.0,0.0,16.0,347.2912,0.0,0.021068923,0.0,0.0,Nov,1,2,1,2,Returning_Visitor,False,False
0.0,0.0,0.0,0.0,16.0,637.7965,0.0,0.02,0.0,0.0,Nov,2,4,1,3,Returning_Visitor,False,False
3.0,149.67168,0.0,0.0,23.173847,586.5876,0.0,0.01236385,0.0,0.0,Nov,1,2,1,2,Returning_Visitor,False,False
0.0,0.0,0.0,0.0,24.0,450.61053,0.016666668,0.039882697,0.0,0.0,Sep,1,1,1,1,Returning_Visitor,False,False
2.0,32.679462,0.0,0.0,46.47969,1198.8215,0.0,0.015652971,0.0,0.0,Dec,2,2,1,13,Returning_Visitor,False,False
0.0,0.0,0.0,0.0,24.0,649.3052,0.0,0.030054223,0.0,0.0,Dec,2,2,1,1,Returning_Visitor,False,False
0.0,0.0,0.0,0.0,10.0,219.5185,0.0,0.03333333,0.0,0.0,Nov,2,2,1,13,Returning_Visitor,False,False
4.0,103.3157,0.0,0.0,21.0,474.14575,0.0,0.018431678,0.0,0.0,Dec,1,2,4,19,Returning_Visitor,False,False
0.0,0.0,0.0,0.0,15.207519,464.8831,0.044270728,0.061254922,0.0,0.0,Jul,3,2,8,1,Returning_Visitor,False,False
1.0,18.086018,0.0,0.0,21.0,498.56406,0.014526128,0.037478033,0.0,0.0,Nov,2,2,1,1,Returning_Visitor,False,False
0.0,0.0,0.0,0.0,6.0,98.87268,0.0,0.041890435,0.0,0.0,Nov,2,2,1,9,Returning_Visitor,False,False
0.0,0.0,0.0,0.0,17.0,318.59814,0.0,0.019891066,0.0,0.0,Aug,3,2,1,2,Returning_Visitor,False,False
0.0,0.0,0.0,0.0,7.0,237.33615,0.0,0.028571429,0.0,0.0,Nov,3,2,1,2,Returning_Visitor,False,False
2.0,33.09145,0.0,0.0,32.0,789.0157,0.0,0.016666668,4.681533,0.0,Dec,2,2,9,3,Returning_Visitor,False,False
0.0,0.0,0.0,0.0,23.0,667.10626,0.0,0.025268326,0.0,0.0,Nov,2,4,1,2,Returning_Visitor,False,False
0.0,0.0,2.0,35.44814,28.594006,583.0943,0.012092613,0.026307138,0.0,0.0,Nov,4,2,4,13,Returning_Visitor,False,False
0.0,0.0,0.0,0.0,27.0,491.0331,0.0,0.011122315,0.0,0.0,Aug,1,1,7,1,Returning_Visitor,False,False
3.0,59.081127,0.0,0.0,24.0,599.0886,0.010264005,0.03333333,0.0,0.0,May,1,4,1,1,Returning_Visitor,False,False
0.0,0.0,0.0,0.0,45.0,1795.1638,0.011111111,0.036002852,0.0,0.0,Dec,2,2,1,2,Returning_Visitor,False,False
4.0,77.88467,0.0,0.0,37.0,1575.5264,0.0,0.011046321,9.351664,0.0,Nov,2,2,1,19,Returning_Visitor,False,False
0.0,0.0,0.0,0.0,25.0,498.31744,0.022222223,0.037109375,0.0,0.0,Dec,1,1,4,4,Returning_Visitor,False,False
4.0,47.287483,0.0,0.0,28.0,479.9531,0.0,0.016863337,0.0,0.0,Dec,2,2,1,2,Returning_Visitor,False,False
0.0,0.0,0.0,0.0,21.0,496.62314,0.0048861667,0.03333333,0.0,0.0,Nov,2,2,1,2,Returning_Visitor,False,False
4.0,196.23315,0.0,0.0,30.0,1397.2988,0.020003637,0.04,0.0,0.0,Nov,3,2,1,13,Returning_Visitor,False,False
8.0,195.70721,0.0,0.0,42.652946,1818.4026,0.0,0.016615517,12.575461,0.0,Dec,2,2,7,2,Returning_Visitor,False,False
0.0,0.0,0.0,0.0,53.0,2220.1313,0.015933676,0.037774768,0.0,0.0,Nov,3,2,1,13,Returning_Visitor,False,False
1.0,18.157034,0.0,0.0,42.0,1299.4321,0.015468509,0.034882657,0.0,0.0,Aug,2,2,6,13,Returning_Visitor,False,False
0.0,0.0,0.0,0.0,17.0,332.43137,0.0,0.0283587,0.0,0.0,Dec,2,2,9,8,Returning_Visitor,False,False
0.0,0.0,0.0,0.0,23.0,507.05432,0.014285714,0.04,0.0,0.0,Dec,1,2,1,3,Returning_Visitor,False,False
0.0,0.0,0.0,0.0,22.0,485.31342,0.0,0.025,0.0,0.0,Dec,4,2,9,1,Returning_Visitor,False,False
1.0,0.0,0.0,0.0,18.0,378.86813,0.0,0.021457545,0.0,0.0,Dec,2,2,4,3,Returning_Visitor,False,False
0.0,0.0,0.0,0.0,38.0,836.8818,0.0052975384,0.018181818,0.0,0.0,Aug,2,2,1,1,Returning_Visitor,False,False
4.0,110.925186,0.0,0.0,49.0,2084.4297,0.0,0.016666668,0.0,0.0,Jul,2,2,7,2,Returning_Visitor,False,False
4.0,59.485027,0.0,0.0,41.0,2120.8801,0.0,0.018151172,0.0,0.0,Nov,2,2,1,2,Returning_Visitor,False,False
0.0,0.0,0.0,0.0,26.642002,546.6633,0.0,0.020511286,0.0,0.0,Dec,2,2,1,2,Returning_Visitor,False,False
0.0,0.0,0.0,0.0,6.0,141.83122,0.0,0.05,0.0,0.0,Dec,4,2,1,8,Returning_Visitor,False,False
0.0,0.0,1.0,0.0,34.0,713.8932,0.0,0.019837013,0.0,0.0,Nov,2,2,1,13,Returning_Visitor,False,False
0.0,0.0,0.0,0.0,13.0,401.81763,0.0,0.02828955,0.0,0.0,Nov,4,2,9,2,Returning_Visitor,False,False
0.0,0.0,0.0,0.0,15.0,220.82072,0.02900625,0.05996717,0.0,0.0,Aug,1,2,7,3,Returning_Visitor,False,False
2.0,29.32665,0.0,0.0,23.795643,676.3862,0.0,0.016987134,0.0,0.0,Nov,2,2,1,3,Returning_Visitor,False,False
0.0,0.0,0.0,0.0,12.0,338.12146,0.0,0.02125904,0.0,0.0,Nov,2,2,1,2,New_Visitor,False,False
0.0,0.0,0.0,0.0,24.0,637.7,0.0,0.025,0.0,0.0,Dec,2,2,1,2,Returning_Visitor,False,False
0.0,0.0,0.0,0.0,23.0,593.194,0.016666668,0.042766493,0.0,0.0,Aug,1,1,1,1,Returning_Visitor,False,False
0.0,0.0,0.0,0.0,12.0,351.66315,0.0,0.028571429,0.0,0.0,Nov,2,2,6,2,Returning_Visitor,False,False
0.0,0.0,0.0,0.0,20.0,571.1097,0.0,0.016666668,0.0,0.0,Jul,2,2,1,1,Returning_Visitor,False,False
0.0,0.0,0.0,0.0,26.009005,744.6979,0.0,0.022081908,0.0,0.0,Dec,2,2,7,2,Returning_Visitor,False,False
4.0,76.558876,0.0,0.0,32.0,927.23224,0.0056187017,0.016666668,0.0,0.0,Aug,2,1,1,1,Returning_Visitor,False,False
0.0,0.0,0.0,0.0,26.0,675.4804,0.0,0.02721755,0.0,0.0,Aug,2,2,1,1,Returning_Visitor,False,False
0.0,0.0,0.0,0.0,53.127003,1882.7273,0.0,0.02,0.0,0.0,Nov,2,8,4,13,Returning_Visitor,False,False
0.0,0.0,0.0,0.0,21.0,342.89023,0.019251639,0.034759868,0.0,0.0,Dec,2,2,7,1,Returning_Visitor,False,False
0.0,0.0,0.0,0.0,43.648235,1309.4601,0.0108914,0.02,0.0,0.0,Nov,3,2,1,2,Returning_Visitor,False,False
0.0,0.0,0.0,0.0,26.0,567.65546,0.0,0.022020698,0.0,0.0,Aug,4,2,1,1,Returning_Visitor,False,False
0.0,0.0,0.0,0.0,26.0,538.01154,0.0,0.019910775,0.0,0.0,Aug,2,2,1,13,Returning_Visitor,False,False
0.0,0.0,0.0,0.0,23.982533,720.254,0.0,0.034676738,0.0,0.0,Aug,2,2,2,1,Returning_Visitor,False,False
5.0,131.06783,0.0,0.0,55.197952,1685.0043,0.005167519,0.018174538,8.972586,0.0,Dec,1,1,7,1,Returning_Visitor,False,True
0.0,0.0,0.0,0.0,11.0,259.63498,0.0,0.039474797,0.0,0.0,Dec,2,2,1,3,Returning_Visitor,False,False
3.0,42.278637,0.0,0.0,29.221828,959.23553,0.0,0.015384615,0.0,0.0,Dec,2,2,1,2,Returning_Visitor,False,True
2.0,45.77351,0.0,0.0,6.0,120.50142,0.0,0.03463105,0.0,0.0,Dec,2,2,1,13,Returning_Visitor,False,False
2.0,46.037453,0.0,0.0,26.0,569.9719,0.0,0.012452219,0.0,0.0,Nov,2,2,1,2,Returning_Visitor,False,False
2.0,35.16846,0.0,0.0,30.0,619.74554,0.0071734833,0.022222223,0.0,0.0,Dec,2,2,7,9,Returning_Visitor,False,False
0.0,0.0,0.0,0.0,30.0,886.7743,0.0,0.02213822,0.0,0.0,May,2,2,1,2,Returning_Visitor,False,False
0.0,0.0,0.0,0.0,16.0,382.16724,0.015252827,0.036228403,0.0,0.0,May,2,2,1,3,Returning_Visitor,False,False
4.0,51.20566,0.0,0.0,21.460562,645.2369,0.0,0.015714135,0.0,0.0,Dec,2,2,1,2,Returning_Visitor,False,True
0.0,0.0,0.0,0.0,7.1423526,250.68536,0.0,0.032235768,0.0,0.0,May,2,2,3,1,Returning_Visitor,False,False
0.0,0.0,0.0,0.0,5.0,176.74507,0.0,0.04087836,0.0,0.0,Nov,2,4,1,13,Returning_Visitor,False,False
4.0,62.28991,0.0,0.0,58.790195,2072.678,0.0029021201,0.01743396,11.234879,0.0,Aug,2,1,1,2,Returning_Visitor,False,False
0.0,0.0,0.0,0.0,17.0,284.24747,0.0,0.02,0.0,0.0,Dec,1,2,1,2,Returning_Visitor,False,False
1.0,0.0,0.0,0.0,28.0,834.46796,0.009846425,0.030034937,0.0,0.0,Dec,2,2,1,1,Returning_Visitor,False,False
0.0,0.0,0.0,0.0,27.0,585.75006,0.005563042,0.03551754,0.0,0.0,Dec,2,2,7,3,Returning_Visitor,False,False
0.0,0.0,0.0,0.0,43.0,754.57605,0.0025716086,0.02,0.0,0.0,Dec,2,2,1,3,Returning_Visitor,False,False
4.0,87.92712,0.0,0.0,16.0,409.61792,0.0,0.014318492,0.0,0.0,Mar,3,2,6,2,Returning_Visitor,False,False
1.0,31.554993,0.0,0.0,60.0,2006.496,0.004757745,0.018181639,6.0010514,0.0,Dec,2,2,1,2,Returning_Visitor,False,False
0.0,0.0,0.0,0.0,12.0,260.05673,0.0,0.032274023,0.0,0.0,Dec,3,2,1,2,Returning_Visitor,False,False
0.0,0.0,0.0,0.0,15.0,547.86646,0.025,0.05177276,0.0,0.0,Aug,2,2,7,1,Returning_Visitor,False,False
0.0,0.0,0.0,0.0,47.64844,1430.966,0.0,0.017744076,0.0,0.0,Dec,4,2,1,2,Returning_Visitor,False,False
0.0,0.0,0.0,0.0,27.0,551.92395,0.0,0.018181818,0.0,0.0,Nov,2,2,1,9,Returning_Visitor,False,False
3.0,56.535435,0.0,0.0,42.0,1148.675,0.0044961767,0.018098589,84.777855,0.0,Dec,2,2,7,2,Returning_Visitor,False,True
1.0,0.0,0.0,0.0,48.989616,1809.6392,0.007692308,0.022222223,0.0,0.0,Aug,1,2,3,13,Returning_Visitor,False,False
2.0,26.892612,0.0,0.0,48.0,2136.8574,0.005308282,0.016666668,0.0,0.0,May,2,2,1,1,Returning_Visitor,False,False
0.0,0.0,0.0,0.0,25.0,538.043,0.011489065,0.032178804,0.0,0.0,Dec,4,4,7,3,Returning_Visitor,False,False
0.0,0.0,0.0,0.0,5.0,114.050766,0.05,0.07636959,0.0,0.0,Dec,2,4,6,3,Returning_Visitor,False,False
3.0,70.93856,0.0,0.0,18.285944,584.79517,0.0,0.009853362,0.0,0.0,Jul,1,2,3,2,New_Visitor,False,False
3.0,70.813614,0.0,0.0,29.246706,738.5837,0.0,0.016080396,0.0,0.0,Dec,2,2,1,2,Returning_Visitor,True,False
6.0,107.14661,0.0,0.0,62.27188,2169.1895,0.0058272425,0.021441927,8.559214,0.0,Sep,2,1,1,2,Returning_Visitor,False,False
5.0,110.433846,0.0,0.0,49.14133,1710.2369,0.006628914,0.019854395,0.0,0.0,Nov,2,2,1,1,Returning_Visitor,False,False
0.0,0.0,0.0,0.0,16.0,475.54483,0.0,0.03333333,0.0,0.0,Dec,2,2,1,3,Returning_Visitor,False,False
0.0,0.0,0.0,0.0,7.0,118.79979,0.00591765,0.06666667,0.0,0.0,Dec,2,2,1,1,Returning_Visitor,False,False
0.0,0.0,0.0,0.0,22.0,423.45676,0.0,0.03696312,0.0,0.0,Aug,2,2,1,1,Returning_Visitor,False,False
2.390074,54.903946,0.0,0.0,24.798079,725.5131,0.0071564717,0.028571429,0.0,0.0,Jul,2,2,1,1,Returning_Visitor,False,False
0.0,0.0,0.0,0.0,17.0,363.82117,0.0,0.03333333,0.0,0.0,Dec,2,2,7,13,Returning_Visitor,False,False
0.0,0.0,0.0,0.0,12.0,300.06458,0.030445741,0.054460272,0.0,0.0,Aug,2,2,1,2,Returning_Visitor,False,False
4.0,141.84993,1.0,0.0,41.0,788.13495,0.0056901677,0.01928309,0.0,0.0,Dec,1,2,1,1,Returning_Visitor,False,False
2.0,65.515274,0.0,0.0,14.0,215.63264,0.0,0.01290223,0.0,0.0,Aug,4,2,1,2,New_Visitor,False,False
0.0,0.0,0.0,0.0,29.62205,820.6403,0.0,0.024236247,0.0,0.0,Aug,1,1,7,1,Returning_Visitor,False,False
4.0,47.380054,0.0,0.0,28.425539,667.763,0.0,0.013333333,8.855289,0.0,Nov,2,2,3,2,Returning_Visitor,False,True
0.0,0.0,0.0,0.0,27.0,602.0856,0.005607817,0.027042089,0.0,0.0,Nov,4,2,1,3,Returning_Visitor,False,False
3.0,55.36965,0.0,0.0,40.0,899.3664,0.0010203345,0.016753953,0.0,0.0,Dec,2,2,7,2,Returning_Visitor,False,False
0.0,0.0,0.0,0.0,23.0,743.53534,0.013636563,0.02755329,0.0,0.0,Nov,3,2,3,13,Returning_Visitor,False,False
1.0,0.0,0.0,0.0,20.0,1091.8628,0.0,0.015521591,0.0,0.0,Mar,2,2,9,2,Returning_Visitor,False,False
3.0,52.023815,0.0,0.0,39.0,826.45,0.0025571259,0.015533885,0.0,0.0,Dec,2,2,4,8,Returning_Visitor,False,False
0.0,0.0,0.0,0.0,18.0,620.05963,0.021513442,0.040232435,0.0,0.0,Dec,1,2,1,3,Returning_Visitor,False,False
3.0,96.75504,0.0,0.0,30.658804,654.05896,0.0036877154,0.015645863,0.0,0.0,Dec,2,2,7,13,Returning_Visitor,False,False
3.0,47.38218,0.0,0.0,21.471085,630.11884,0.0,0.012675756,0.0,0.0,Dec,2,2,1,2,Returning_Visitor,False,True
0.0,0.0,0.0,0.0,25.0,618.69635,0.0,0.02,0.0,0.0,Dec,2,2,3,1,Returning_Visitor,False,False
5.0,121.601105,2.0,7.769303,65.59368,2019.7045,0.0099722,0.01967539,9.840689,0.0,Aug,3,2,1,2,Returning_Visitor,False,True
2.0,16.320126,0.0,0.0,20.0,324.60138,0.0013421454,0.028571429,0.0,0.0,Dec,4,2,4,2,Returning_Visitor,False,False
2.0,79.33562,0.0,0.0,9.0,243.14206,0.0,0.011155197,0.0,0.0,Aug,1,1,3,2,Returning_Visitor,False,False
0.0,0.0,0.0,0.0,16.0,542.80945,0.0,0.016666668,0.0,0.0,Nov,2,2,1,9,Returning_Visitor,False,False
0.0,0.0,0.0,0.0,24.0,614.0043,0.0,0.013248084,0.0,0.0,Nov,2,2,1,3,Returning_Visitor,False,False
3.0,51.53902,0.0,0.0,35.0,835.7763,0.0,0.013735521,18.735651,0.0,Aug,4,1,4,10,Returning_Visitor,True,True
2.0,43.073433,0.0,0.0,34.0,798.09686,0.0,0.017830048,0.0,0.0,Aug,2,2,1,2,Returning_Visitor,False,False
0.0,0.0,0.0,0.0,14.0,321.17538,0.022222223,0.04566311,0.0,0.0,Nov,4,1,4,3,Returning_Visitor,False,False
3.0,86.03631,0.0,0.0,18.0,564.64343,0.014718285,0.044167195,0.0,0.0,Sep,2,2,3,1,Returning_Visitor,False,False
0.0,0.0,0.0,0.0,39.0,1125.1991,0.0,0.01604506,9.103825,0.0,Aug,4,4,1,3,Returning_Visitor,False,False
3.0,54.96297,0.0,0.0,40.0,1219.6885,0.0,0.013069084,0.0,0.0,Aug,4,2,1,1,Returning_Visitor,False,False
0.0,0.0,0.0,0.0,27.0,563.5942,0.0,0.013095964,0.0,0.0,Aug,3,2,4,13,Returning_Visitor,False,False
4.0,83.9877,0.0,0.0,26.0,529.27625,0.009980614,0.02675107,0.0,0.0,Dec,1,2,3,1,Returning_Visitor,False,False
2.0,31.981674,0.0,0.0,22.0,792.02905,0.012106259,0.02142124,0.0,0.0,Dec,3,2,4,2,Returning_Visitor,False,False
4.0,96.61506,1.0,0.0,36.992367,1223.5967,0.011111111,0.029852608,0.0,0.0,Nov,3,2,1,2,Returning_Visitor,False,False
0.0,0.0,0.0,0.0,12.242076,287.5257,0.0,0.037033934,0.0,0.0,Dec,2,2,1,13,Returning_Visitor,False,False
3.0,46.09226,0.0,0.0,41.864204,897.2688,0.0,0.016666668,0.0,0.0,Nov,2,2,1,1,Returning_Visitor,False,False
0.0,0.0,0.0,0.0,24.0,779.78485,0.0,0.02167593,0.0,0.0,Dec,2,2,6,2,Returning_Visitor,False,False
2.0,39.364304,0.0,0.0,25.3632,647.6206,0.025,0.045469847,0.0,0.0,Aug,1,1,1,13,Returning_Visitor,False,False
0.0,0.0,0.0,0.0,37.0,678.8627,0.0,0.025367627,0.0,0.0,Dec,2,2,4,2,Returning_Visitor,False,True
0.0,0.0,0.0,0.0,16.0,423.52643,0.0,0.024631465,0.0,0.0,Nov,2,2,1,3,Returning_Visitor,False,False
2.0,41.588585,0.0,0.0,14.0,317.14545,0.0,0.013333333,0.0,0.0,Nov,2,2,7,13,Returning_Visitor,False,False
3.0,79.71843,0.0,0.0,6.0,144.32375,0.0,0.02716961,0.0,0.0,Aug,2,2,1,2,New_Visitor,False,False
0.0,0.0,0.0,0.0,16.0,403.23962,0.02,0.05,0.0,0.0,Dec,2,2,4,1,Returning_Visitor,False,False
0.0,0.0,0.0,0.0,28.0,517.4749,0.0,0.032376356,0.0,0.0,May,2,2,1,3,Returning_Visitor,False,False
0.0,0.0,0.0,0.0,35.0,865.0737,0.0,0.03484296,0.0,0.0,Dec,2,2,1,1,Returning_Visitor,False,False
0.0,0.0,0.0,0.0,34.80003,835.4981,0.00512166,0.024413845,0.0,0.0,Dec,2,2,4,19,Returning_Visitor,False,False
0.0,0.0,0.0,0.0,8.0,121.62433,0.0,0.06666667,0.0,0.0,Dec,4,2,1,2,Returning_Visitor,False,False
0.0,0.0,0.0,0.0,11.978113,425.3679,0.028666213,0.05,0.0,0.0,Nov,3,2,1,1,Returning_Visitor,False,False
0.0,0.0,0.0,0.0,26.0,706.2333,0.010291071,0.03118922,0.0,0.0,Nov,1,1,1,8,Returning_Visitor,False,False
3.0,42.56307,0.0,0.0,21.481567,757.26843,0.0,0.017003825,0.0,0.0,Nov,2,2,4,2,Returning_Visitor,False,False
3.0,67.505394,0.0,0.0,37.0,1242.9623,0.008367413,0.0241038,0.0,0.0,Aug,2,2,1,8,Returning_Visitor,False,False
2.0,25.680725,0.0,0.0,27.0,581.70966,0.0,0.011932113,0.0,0.0,Dec,2,2,7,2,New_Visitor,False,False
0.0,0.0,0.0,0.0,21.938414,566.96954,0.0,0.021565298,0.0,0.0,Nov,2,4,1,3,Returning_Visitor,False,False
0.0,0.0,0.0,0.0,25.0,643.4599,0.0,0.021542441,0.0,0.0,Dec,2,2,1,2,Returning_Visitor,False,False
2.7894642,41.426254,0.0,0.0,21.0,968.2271,0.01944624,0.043748327,0.0,0.0,Dec,4,4,1,3,Returning_Visitor,False,False
0.0,0.0,0.0,0.0,8.0,179.28957,0.04478252,0.06744463,0.0,0.0,Dec,3,2,1,13,Returning_Visitor,False,False
3.0,52.48657,0.0,0.0,48.90089,1599.0496,0.0040078843,0.015998254,6.3295884,0.0,May,2,2,1,13,Returning_Visitor,False,False
5.0,143.02213,0.0,0.0,27.0,959.9439,0.0057492596,0.020455096,0.0,0.0,Nov,2,2,7,2,Returning_Visitor,False,False
2.0,40.096756,0.0,0.0,40.7037,1366.917,0.0,0.010883783,0.0,0.0,Dec,4,1,3,1,Returning_Visitor,False,False
4.0,86.21106,0.0,0.0,31.75139,716.88293,0.0060018054,0.017061772,0.0,0.0,Dec,2,2,1,1,Returning_Visitor,False,False
0.0,0.0,0.0,0.0,29.282202,903.9406,0.0,0.017439611,0.0,0.0,Nov,3,2,4,2,Returning_Visitor,False,False
0.0,0.0,0.0,0.0,16.0,643.4546,0.0,0.025444468,0.0,0.0,Dec,2,2,1,2,Returning_Visitor,False,False
0.0,0.0,0.0,0.0,15.0,395.3495,0.0,0.02954246,0.0,0.0,Dec,2,2,1,1,Returning_Visitor,False,False
4.0,134.44803,0.0,0.0,49.0,1745.4279,0.010846064,0.028849311,0.0,0.0,Nov,3,2,4,2,Returning_Visitor,False,False
0.0,0.0,0.0,0.0,28.0,674.9327,0.019422324,0.044444446,0.0,0.0,Dec,2,2,1,1,Returning_Visitor,False,False
0.0,0.0,0.0,0.0,27.0,703.92224,0.010682278,0.028576598,0.0,0.0,Dec,2,1,1,3,Returning_Visitor,False,False
5.0,68.806564,0.0,0.0,16.0,206.85762,0.008333333,0.03214994,0.0,0.0,Dec,2,2,2,3,Returning_Visitor,False,False
0.0,0.0,0.0,0.0,16.0,422.4773,0.0,0.03333333,0.0,0.0,Dec,2,1,1,3,Returning_Visitor,False,False
3.0,39.03324,0.0,0.0,22.0,560.29913,0.0074509303,0.016508443,0.0,0.0,Dec,2,2,1,8,Returning_Visitor,False,False
0.0,0.0,0.0,0.0,42.0,781.78326,0.0,0.015656097,0.0,0.0,Dec,2,2,1,1,Returning_Visitor,False,False
2.0,145.52248,0.0,0.0,21.0,351.2225,0.014208262,0.027241018,0.0,0.0,Nov,1,1,4,3,Returning_Visitor,False,False
3.0,64.740776,0.0,0.0,34.152443,1519.6122,0.0,0.022222223,0.0,0.0,Nov,2,2,7,3,Returning_Visitor,False,False
0.0,0.0,0.0,0.0,10.0,276.2014,0.0,0.03333333,0.0,0.0,Aug,1,2,1,3,Returning_Visitor,False,False
0.0,0.0,0.0,0.0,13.0,552.17084,0.0,0.026188277,0.0,0.0,Nov,1,1,7,1,Returning_Visitor,False,False
0.0,0.0,0.0,0.0,28.0,591.69836,0.0,0.03212932,0.0,0.0,Dec,3,2,1,1,Returning_Visitor,False,False
0.0,0.0,0.0,0.0,27.0,790.29285,0.0025910903,0.025924627,0.0,0.0,Mar,2,2,1,2,Returning_Visitor,False,False
0.0,0.0,0.0,0.0,14.0,244.8509,0.032931235,0.06666667,0.0,0.0,Dec,1,2,1,1,Returning_Visitor,False,False
3.0,47.030167,0.0,0.0,16.0,681.3928,0.0,0.02,0.0,0.0,Oct,2,2,7,2,Returning_Visitor,False,False
4.0,78.07065,2.0,57.070644,70.86541,2675.1948,0.002209425,0.019720586,0.0,0.0,Jul,2,2,1,1,Returning_Visitor,False,False
0.0,0.0,0.0,0.0,17.0,240.40367,0.016666668,0.042510573,0.0,0.0,Jul,4,2,1,3,Returning_Visitor,False,False
0.0,0.0,0.0,0.0,9.0,297.0805,0.0,0.023970138,0.0,0.0,Nov,1,2,1,13,Returning_Visitor,False,False
0.0,0.0,0.0,0.0,39.0,998.59576,0.0,0.0220055,0.0,0.0,Aug,4,2,4,3,Returning_Visitor,False,False
2.0,40.380207,0.0,0.0,10.0,667.9266,0.0,0.016666668,0.0,0.0,Dec,2,2,1,2,Returning_Visitor,False,False
0.0,0.0,0.0,0.0,24.0,605.5126,0.025,0.054505687,0.0,0.0,Aug,2,2,1,2,Returning_Visitor,False,False
0.0,0.0,0.0,0.0,18.0,324.43164,0.025,0.05295671,0.0,0.0,Aug,2,2,6,1,Returning_Visitor,False,False
0.0,0.0,0.0,0.0,28.0,443.68433,0.014223135,0.03382421,0.0,0.0,Jul,2,2,1,13,Returning_Visitor,False,False
0.0,0.0,0.0,0.0,19.721504,487.4408,0.0,0.025076238,0.0,0.0,Aug,2,2,4,1,Returning_Visitor,False,False
2.0,41.436295,0.0,0.0,28.295435,675.3042,0.0,0.010515387,0.0,0.0,Sep,2,2,3,3,Returning_Visitor,False,True
0.0,0.0,0.0,0.0,37.0,1190.8635,0.0,0.015384615,0.0,0.0,Aug,2,2,1,1,Returning_Visitor,False,False
0.0,0.0,0.0,0.0,27.0,652.9989,0.0,0.026432348,0.058328915,0.0,Aug,2,2,1,3,Returning_Visitor,False,False
0.0,0.0,0.0,0.0,11.0,381.52524,0.0,0.030031124,0.0,0.0,Nov,2,2,1,1,Returning_Visitor,False,False
2.0,32.654263,1.0,0.0,29.027306,991.83014,0.0,0.016666668,0.0,0.0,Nov,2,2,7,2,Returning_Visitor,False,False
0.0,0.0,0.0,0.0,25.0,585.20465,0.0,0.013048237,0.0,0.0,Dec,2,2,1,2,Returning_Visitor,False,False
2.0,54.859135,0.0,0.0,46.647984,1330.1069,0.0,0.009466145,16.826927,0.0,Nov,3,2,1,9,Returning_Visitor,False,True
3.0,40.306248,0.0,0.0,29.0,780.839,0.0,0.014285714,361.76373,0.0,Aug,2,2,2,2,Returning_Visitor,False,False
0.0,0.0,0.0,0.0,49.0,1761.2743,0.0,0.007965472,21.14225,0.0,Nov,2,2,7,2,Returning_Visitor,False,True
3.0,46.94281,0.0,0.0,20.0,553.02673,0.0,0.017374825,0.0,0.0,Jul,2,2,1,1,Returning_Visitor,False,False
4.0,71.11311,0.0,0.0,37.0,1431.2365,0.0,0.011455968,20.229856,0.0,Dec,4,2,1,8,Returning_Visitor,False,True
0.0,0.0,0.0,0.0,8.0,163.9044,0.0,0.029939907,0.0,0.0,Dec,2,2,7,13,Returning_Visitor,False,False
3.0,52.315964,0.0,0.0,24.0,695.9307,0.005924549,0.020826371,0.0,0.0,Aug,2,2,7,2,Returning_Visitor,False,False
0.0,0.0,0.0,0.0,6.0,286.04453,0.0,0.044444446,0.0,0.0,Nov,1,1,9,8,Returning_Visitor,False,False
0.0,0.0,0.0,0.0,24.28358,650.952,0.0,0.028571429,0.0,0.0,Nov,3,2,3,1,Returning_Visitor,False,False
0.0,0.0,0.0,0.0,31.0,723.4407,0.014806541,0.03333333,0.0,0.0,Nov,1,1,1,2,Returning_Visitor,False,False
3.0,52.104027,0.0,0.0,20.0,538.84863,0.0,0.02,0.0,0.0,Aug,2,2,6,2,Returning_Visitor,False,False
4.0,49.010033,0.0,0.0,25.957537,628.8368,0.00511151,0.021294639,0.0,0.0,Nov,2,2,1,2,Returning_Visitor,False,False
0.0,0.0,0.0,0.0,15.0,318.3059,0.0,0.018070742,0.0,0.0,Dec,2,2,1,2,New_Visitor,False,False
4.0,77.79607,0.0,0.0,19.0,309.3379,0.0,0.02034462,0.0,0.0,Oct,1,2,1,2,Returning_Visitor,False,False
1.0,2.8593519,0.0,0.0,16.25514,264.31107,0.0,0.02196094,0.0,0.0,Sep,4,4,1,2,Returning_Visitor,False,False
0.0,0.0,0.0,0.0,9.0,115.82525,0.04265935,0.07218196,0.0,0.0,Aug,2,2,1,1,Returning_Visitor,False,False
1.0,22.737528,0.0,0.0,12.0,222.49202,0.03576304,0.06768256,0.0,0.0,Dec,3,2,1,1,Returning_Visitor,False,False
0.0,0.0,0.0,0.0,32.0,881.56665,0.0028920285,0.020019872,0.0,0.0,Dec,2,2,7,1,Returning_Visitor,False,False
0.0,0.0,0.0,0.0,25.0,578.99176,0.0099847475,0.026319994,0.0,0.0,Dec,1,2,1,2,Returning_Visitor,False,False
0.0,0.0,0.0,0.0,12.0,504.59903,0.0,0.024522731,0.0,0.0,Dec,1,2,1,1,Returning_Visitor,False,False
0.0,0.0,0.0,0.0,24.0,505.82422,0.005690075,0.03333333,0.0,0.0,Dec,2,2,1,3,Returning_Visitor,False,False
3.0,46.773846,0.0,0.0,23.0,633.599,0.0,0.023867033,0.0,0.0,Nov,2,2,6,2,Returning_Visitor,False,False
3.0,63.157516,0.0,0.0,19.0,348.33038,0.0079940315,0.030080445,0.0,0.0,Sep,3,2,1,13,Returning_Visitor,False,False
2.0,40.0704,0.0,0.0,26.0,605.70874,0.0,0.025,0.0,0.0,Dec,2,2,1,2,Returning_Visitor,False,False
0.0,0.0,0.0,0.0,47.632736,936.7828,0.0125,0.025752302,0.0,0.0,Dec,1,1,1,3,Returning_Visitor,False,False
4.4169803,99.15155,0.0,0.0,42.0,867.57904,0.0,0.012290972,0.0,0.0,Dec,4,4,7,2,Returning_Visitor,False,False
0.0,0.0,0.0,0.0,25.049334,768.9859,0.0,0.014975972,0.0,0.0,Nov,2,2,3,2,Returning_Visitor,False,False
0.0,0.0,0.0,0.0,18.0,515.4059,0.0,0.025,0.0,0.0,Dec,2,2,4,2,Returning_Visitor,False,False
0.0,0.0,0.0,0.0,13.0,378.5154,0.025,0.05,0.0,0.0,Jul,2,2,4,1,Returning_Visitor,False,False
0.0,0.0,0.0,0.0,13.0,291.4269,0.0,0.031069817,0.0,0.0,Sep,2,2,1,1,Returning_Visitor,False,False
6.0,89.138016,0.0,0.0,25.055666,570.7715,0.0,0.011455258,0.0,0.0,Dec,2,2,1,8,Returning_Visitor,False,False
0.0,0.0,0.0,0.0,16.0,368.03537,0.022161653,0.046735223,0.0,0.0,Dec,4,2,1,3,Returning_Visitor,False,False
3.0,56.091488,0.0,0.0,8.0,152.25041,0.0,0.017813956,0.0,0.0,Nov,2,4,6,10,Returning_Visitor,False,False
3.0,34.677414,0.0,0.0,31.0,801.49817,0.0,0.02,0.0,0.0,Nov,2,2,1,2,Returning_Visitor,False,False
0.0,0.0,0.0,0.0,19.0,493.684,0.0,0.021877674,0.0,0.0,Nov,2,2,1,2,Returning_Visitor,False,False
0.0,0.0,0.0,0.0,13.0,230.50626,0.016412007,0.041475613,0.0,0.0,Aug,2,2,4,2,Returning_Visitor,False,False
0.0,0.0,0.0,0.0,25.925356,460.08444,0.0,0.016484465,0.0,0.0,Dec,3,2,9,20,Returning_Visitor,False,False
0.0,0.0,0.0,0.0,24.0,571.7158,0.0,0.016528811,0.0,0.0,May,1,2,1,13,Returning_Visitor,False,False
2.0,41.94963,0.0,0.0,54.569946,1900.7114,0.0,0.010704864,28.899113,0.0,Dec,4,2,1,2,Returning_Visitor,False,True
0.0,0.0,0.0,0.0,15.0,238.9813,0.011695368,0.03976251,0.0,0.0,Aug,1,4,1,1,Returning_Visitor,False,False
2.0,26.694424,0.0,0.0,32.0,614.46844,0.0044212253,0.023750637,0.0,0.0,May,4,1,1,1,Returning_Visitor,False,False
0.0,0.0,0.0,0.0,14.0,252.12103,0.0,0.036567017,0.0,0.0,Nov,1,2,1,3,Returning_Visitor,False,False
0.0,0.0,0.0,0.0,15.0,631.95593,0.0,0.028561546,0.0,0.0,Dec,2,2,1,1,Returning_Visitor,False,False
2.0,64.338974,0.0,0.0,27.799393,823.1745,0.0013500663,0.015278053,0.0,0.0,Dec,1,1,9,8,Returning_Visitor,False,False
0.0,0.0,0.0,0.0,18.0,519.7881,0.0,0.027259678,11.586831,0.0,Sep,2,2,7,13,Returning_Visitor,False,True
0.0,0.0,0.0,0.0,25.0,496.21445,0.0,0.025776146,0.0,0.0,Aug,2,4,9,1,Returning_Visitor,False,False
6.0,73.9262,0.0,0.0,42.0,1158.5419,0.006002138,0.013990304,0.0,0.0,Nov,4,2,1,2,Returning_Visitor,False,False
0.0,0.0,0.0,0.0,15.07556,300.58694,0.020079456,0.05429368,0.0,0.0,Aug,2,4,4,1,Returning_Visitor,False,False
2.0,57.10948,0.0,0.0,22.0,568.6842,0.0,0.016666668,0.0,0.0,Dec,1,1,7,19,Returning_Visitor,False,False
5.0,98.11934,0.0,0.0,45.17386,1785.2262,0.009652949,0.033008475,361.76373,0.0,Dec,3,2,3,3,Returning_Visitor,False,False
0.0,0.0,0.0,0.0,14.039812,573.0046,0.0,0.037492707,0.0,0.0,Nov,2,2,1,1,Returning_Visitor,False,False
4.0,107.545235,0.0,0.0,32.0,988.9444,0.011395241,0.02531488,0.0,0.0,Nov,3,2,1,2,Returning_Visitor,True,False
0.0,0.0,0.0,0.0,19.0,382.6863,0.000706296,0.04075178,0.0,0.0,Aug,3,2,1,1,Returning_Visitor,False,False
0.0,0.0,0.0,0.0,2.0,0.0,0.12169668,0.2,0.0,0.0,Dec,2,2,1,1,Returning_Visitor,False,False
0.0,0.0,0.0,0.0,26.0,682.26074,0.009979659,0.03027659,0.0,0.0,Aug,2,2,7,1,Returning_Visitor,False,False
0.0,0.0,0.0,0.0,8.0,223.8868,0.0,0.035129596,0.0,0.0,Nov,3,2,3,13,Returning_Visitor,False,False
0.0,0.0,0.0,0.0,22.0,494.7915,0.0,0.027324518,0.0,0.0,Nov,2,5,1,2,Returning_Visitor,False,False
0.0,0.0,0.0,0.0,29.251019,719.0187,0.0,0.023534585,0.0,0.0,Nov,2,2,1,1,Returning_Visitor,False,False
0.0,0.0,0.0,0.0,38.0,1139.0494,0.0,0.02062142,0.0,0.0,Dec,1,2,1,2,Returning_Visitor,False,False
0.0,0.0,0.0,0.0,6.0,119.33408,0.0,0.061954275,0.0,0.0,Nov,2,2,1,1,Returning_Visitor,False,False
0.0,0.0,0.0,0.0,14.0,333.66507,0.014764015,0.05,0.0,0.0,Dec,2,2,1,2,Returning_Visitor,False,False
0.0,0.0,0.0,0.0,28.0,531.8452,0.0,0.022926899,0.0,0.0,Jul,2,2,3,1,Returning_Visitor,False,False
0.0,0.0,0.0,0.0,28.0,763.3292,0.019185314,0.038595222,0.0,0.0,Nov,7,2,9,1,Returning_Visitor,False,False
5.0,80.820816,1.0,0.0,45.0,1572.3569,0.0,0.011111111,8.633408,0.0,Aug,2,4,1,2,Returning_Visitor,False,False
3.0,51.02107,0.0,0.0,30.967302,670.6159,0.0,0.020868672,0.0,0.0,Dec,2,2,1,1,Returning_Visitor,False,False
5.0,123.67474,0.0,0.0,26.0,640.4112,0.015873775,0.03479782,0.0,0.0,Dec,1,1,1,1,Returning_Visitor,False,False
5.0,99.38798,0.0,0.0,27.0,763.15936,0.0,0.010393316,44.76561,0.0,Aug,2,2,1,2,Returning_Visitor,False,True
8.0,126.37284,2.0,63.93165,62.867,2798.7046,0.0037000522,0.018718328,0.0,0.0,Dec,2,2,7,2,Returning_Visitor,False,False
0.0,0.0,0.0,0.0,24.0,611.99426,0.007944824,0.03677347,0.0,0.0,Aug,2,2,1,1,Returning_Visitor,False,False
0.0,0.0,0.0,0.0,13.0,513.2311,0.0,0.033962186,0.0,0.0,Aug,2,2,4,13,Returning_Visitor,False,False
5.0,116.84852,0.0,0.0,23.0,633.87225,0.0,0.017189074,0.0,0.0,Nov,2,2,1,2,Returning_Visitor,False,False
2.0,46.019123,0.0,0.0,13.0,230.65894,0.02,0.046343237,0.0,0.0,Nov,1,1,6,1,Returning_Visitor,False,False
0.0,0.0,0.0,0.0,19.933933,732.3822,0.009962583,0.026066963,0.0,0.0,Dec,2,2,6,13,Returning_Visitor,False,False
0.0,0.0,0.0,0.0,7.0,131.98094,0.0,0.045414966,0.0,0.0,Nov,4,1,4,8,Returning_Visitor,True,False
0.0,0.0,0.0,0.0,37.021294,702.4458,0.010692251,0.034005634,0.0,0.0,Dec,2,2,1,1,Returning_Visitor,False,False
3.0,88.17149,0.0,0.0,17.0,464.46536,0.022061076,0.04174996,0.0,0.0,Dec,1,2,1,1,Returning_Visitor,False,False
2.0,40.787262,0.0,0.0,16.0,500.3483,0.0,0.017661374,0.0,0.0,Dec,1,2,4,2,Returning_Visitor,False,False
0.0,0.0,0.0,0.0,32.02665,676.9968,0.0,0.022187905,0.0,0.0,Dec,2,2,1,1,Returning_Visitor,False,False
0.0,0.0,0.0,0.0,28.0,937.0562,0.009090909,0.025754161,0.0,0.0,Aug,2,2,1,1,Returning_Visitor,False,False
0.0,0.0,0.0,0.0,28.099096,776.29675,0.0042479406,0.024371713,0.0,0.0,Aug,3,2,7,1,Returning_Visitor,False,False
0.0,0.0,0.0,0.0,24.0,867.16327,0.0,0.018925296,0.0,0.0,Aug,2,1,8,13,Returning_Visitor,False,False
0.0,0.0,0.0,0.0,22.0,669.84143,0.0,0.018564764,0.0,0.0,Nov,4,2,9,2,Returning_Visitor,False,True
4.0,102.5462,0.0,0.0,50.896576,1687.1711,0.005022264,0.023008622,0.0,0.0,Aug,2,5,4,2,Returning_Visitor,False,False
0.0,0.0,0.0,0.0,9.0,126.25667,0.05,0.08496659,0.0,0.0,Mar,2,2,1,3,Returning_Visitor,False,False
0.0,0.0,0.0,0.0,6.0,93.29929,0.046985265,0.07268472,0.0,0.0,Aug,3,2,1,2,Returning_Visitor,False,False
0.0,0.0,0.0,0.0,26.469923,784.1094,0.0,0.017175796,0.0,0.0,Dec,2,2,7,2,Returning_Visitor,False,False
0.0,0.0,0.0,0.0,16.0,242.48991,0.008970078,0.045804996,0.0,0.0,May,2,2,1,3,Returning_Visitor,False,False
0.0,0.0,0.0,0.0,19.0,328.7034,0.0,0.031180004,0.0,0.0,Dec,2,2,9,1,Returning_Visitor,False,False
0.0,0.0,0.0,0.0,25.51625,649.0676,0.02,0.04245511,0.0,0.0,Aug,2,2,4,8,Returning_Visitor,False,False
0.0,0.0,0.0,0.0,8.0,103.251335,0.05,0.09306601,0.0,0.0,Dec,2,2,7,1,Returning_Visitor,False,False
0.0,0.0,0.0,0.0,9.0,232.55385,0.0,0.028555868,0.0,0.0,Nov,3,2,1,1,Returning_Visitor,False,False
5.0,90.23036,0.0,0.0,71.28447,3121.4468,0.0,0.016926507,16.028557,0.0,Nov,2,4,1,2,Returning_Visitor,False,False
3.0,62.1241,0.0,0.0,42.87774,1468.1836,0.006666667,0.027123606,0.0,0.0,Dec,2,2,1,2,Returning_Visitor,False,False
1.0,10.312347,2.0,112.71189,50.0,1727.0237,0.009090909,0.026614236,0.0,0.0,Nov,2,2,1,3,Returning_Visitor,False,False
4.0,92.42028,0.0,0.0,46.64503,1571.9918,0.007692308,0.025,0.0,0.0,Dec,2,2,9,2,Returning_Visitor,False,False
0.0,0.0,0.0,0.0,49.0,1810.674,0.0047123106,0.01832571,0.0,0.0,Aug,2,2,1,2,Returning_Visitor,False,True
3.0,42.521057,0.0,0.0,17.0,340.23047,0.0,0.02,0.0,0.0,Aug,2,2,9,2,Returning_Visitor,False,True
0.0,0.0,0.0,0.0,25.289331,1103.3296,0.0,0.022551421,0.0,0.0,Nov,2,2,4,2,Returning_Visitor,False,False
0.0,0.0,0.0,0.0,9.0,210.1834,0.0,0.037559126,0.0,0.0,Aug,2,2,9,3,Returning_Visitor,False,False
2.0,43.530468,0.0,0.0,39.0,1139.5656,0.004502934,0.023811718,0.0,0.0,Nov,2,2,1,13,Returning_Visitor,False,False
0.0,0.0,0.0,0.0,22.0,666.8316,0.0125,0.026552262,0.0,0.0,Nov,3,2,3,15,Returning_Visitor,False,False
0.0,0.0,1.0,55.508915,35.15849,1290.9546,0.012089579,0.03352585,0.0,0.0,May,2,2,9,4,Returning_Visitor,False,False
2.0,41.10936,0.0,0.0,39.388065,1335.672,0.0,0.01502849,24.377644,0.0,Dec,2,8,4,4,Returning_Visitor,False,False
0.0,0.0,0.0,0.0,44.673653,1400.1141,0.01170532,0.034684166,0.0,0.0,Dec,2,2,1,2,Returning_Visitor,False,False
2.0,31.590448,0.0,0.0,12.0,635.9848,0.0,0.024966681,0.0,0.0,Aug,2,2,1,1,Returning_Visitor,False,False
0.0,0.0,0.0,0.0,39.0,972.89075,0.0,0.019020095,0.0,0.0,Nov,2,2,1,2,Returning_Visitor,False,False
0.0,0.0,0.0,0.0,9.0,172.34198,0.0,0.03333333,0.0,0.0,Nov,2,10,7,2,Returning_Visitor,False,False
0.0,0.0,0.0,0.0,20.871752,687.99615,0.0,0.028569894,0.0,0.0,Dec,2,2,9,2,Returning_Visitor,True,False
0.0,0.0,0.0,0.0,9.0,247.26932,0.0,0.012495436,0.0,0.0,Dec,3,2,1,8,Returning_Visitor,False,False
3.0,73.85075,0.0,0.0,14.0,536.9303,0.024812635,0.04,0.0,0.0,Dec,1,2,3,1,Returning_Visitor,False,False
0.0,0.0,0.0,0.0,16.0,378.1407,0.0,0.022222223,0.0,0.0,Dec,3,2,3,2,Returning_Visitor,False,False
0.0,0.0,0.0,0.0,10.0,478.38022,0.025727129,0.05,0.0,0.0,Nov,2,2,3,1,Returning_Visitor,False,False
4.0,74.83967,0.0,0.0,29.0,631.67786,0.011215687,0.02769081,0.0,0.0,Dec,2,2,9,1,Returning_Visitor,False,False
1.0,12.113189,0.0,0.0,53.726627,1534.5775,0.0,0.011750278,0.0,0.0,Dec,4,4,4,2,Returning_Visitor,False,False
0.0,0.0,0.0,0.0,15.0,249.57361,0.0,0.03124184,0.0,0.0,Dec,1,2,1,3,Returning_Visitor,True,False
2.0,52.750233,0.0,0.0,19.0,437.07022,0.0,0.010448615,0.0,0.0,Dec,2,2,3,2,Returning_Visitor,False,False
0.0,0.0,0.0,0.0,30.394964,688.118,0.0,0.01777258,0.0,0.0,Dec,2,2,3,2,Returning_Visitor,True,False
3.0,66.118835,0.0,0.0,25.0,598.5152,0.0,0.023289297,0.0,0.0,Dec,2,4,4,2,Returning_Visitor,False,False
3.0,84.18041,0.0,0.0,20.0,589.2423,0.0,0.017552348,0.0,0.0,Nov,1,1,1,8,Returning_Visitor,False,False
1.0,0.0,0.0,0.0,27.0,601.7205,0.010625565,0.026620734,0.0,0.0,Nov,1,2,1,1,Returning_Visitor,False,False
3.0,61.669678,0.0,0.0,19.643631,534.75757,0.0,0.009090909,0.0,0.0,June,3,2,1,2,Returning_Visitor,False,False
4.0,121.13087,0.0,0.0,35.998863,1442.7267,0.0,0.020443706,0.0,0.0,Nov,2,12,1,2,Returning_Visitor,False,False
2.0,34.230568,0.0,0.0,23.880112,651.4986,0.0104933,0.026644884,0.0,0.0,Dec,2,2,6,1,Returning_Visitor,False,False
0.0,0.0,0.0,0.0,17.459827,798.90936,0.0,0.02269376,0.0,0.0,Nov,2,2,4,13,Returning_Visitor,False,False
0.0,0.0,0.0,0.0,27.0,773.6887,0.011901117,0.04,0.0,0.0,Dec,2,2,1,1,Returning_Visitor,False,False
0.0,0.0,0.0,0.0,36.0,1263.904,0.012211033,0.031377442,0.0,0.0,Aug,2,2,1,3,Returning_Visitor,True,False
0.0,0.0,0.0,0.0,26.0,634.7182,0.0,0.029518213,0.0,0.0,Dec,4,1,4,13,Returning_Visitor,False,False
6.0,151.80116,0.0,0.0,44.0,1433.6986,0.0,0.014278889,0.0,0.0,Nov,2,2,1,13,Returning_Visitor,False,False
3.0,75.56695,0.0,0.0,26.0,543.93445,0.0,0.010037639,0.0,0.0,Dec,1,2,1,2,Returning_Visitor,False,False
0.0,0.0,0.0,0.0,17.0,570.4475,0.022222223,0.041736573,0.0,0.0,Aug,1,1,1,13,Returning_Visitor,False,False
3.0,67.509895,0.0,0.0,31.211123,726.3125,0.0,0.016666668,0.0,0.0,Aug,2,2,1,1,Returning_Visitor,False,False
0.0,0.0,0.0,0.0,19.0,565.0864,0.0,0.03333333,0.0,0.0,Nov,2,2,1,3,Returning_Visitor,False,False
1.0,26.656893,0.0,0.0,45.247616,1803.6526,0.005265991,0.025,0.0,0.0,Nov,2,2,1,2,Returning_Visitor,False,False
2.0,37.8963,0.0,0.0,25.0,570.7668,0.015474243,0.035473574,0.0,0.0,Aug,3,2,4,13,Returning_Visitor,False,False
0.0,0.0,0.0,0.0,26.0,774.125,0.0,0.023810085,0.0,0.0,May,2,2,3,1,Returning_Visitor,False,False
5.0,121.87791,0.0,0.0,28.0,739.03894,0.0,0.009634992,0.0,0.0,Nov,2,2,9,2,Returning_Visitor,False,False
0.0,0.0,0.0,0.0,27.0,608.5379,0.0,0.029514575,0.0,0.0,Dec,4,4,1,1,Returning_Visitor,False,False
5.0,81.665504,0.0,0.0,39.0,607.2081,0.0,0.012625432,0.0,0.0,Dec,2,2,1,2,Returning_Visitor,False,False
0.0,0.0,0.0,0.0,18.936924,493.84354,0.0,0.027004112,0.0,0.0,Dec,4,1,3,2,Returning_Visitor,False,False
0.0,0.0,0.0,0.0,26.0,570.24347,0.0,0.018160576,0.0,0.0,Nov,1,4,1,2,Returning_Visitor,False,False
3.0,63.054005,0.0,0.0,36.0,852.5345,0.0,0.012488356,0.0,0.0,Dec,2,2,1,13,Returning_Visitor,False,False
0.0,0.0,0.0,0.0,18.0,453.8539,0.0,0.017671851,0.0,0.0,Dec,4,2,1,2,Returning_Visitor,True,False
0.0,0.0,0.0,0.0,24.0,507.92545,0.0,0.02891837,0.0,0.0,Nov,1,1,1,4,Returning_Visitor,False,False
0.0,0.0,0.0,0.0,18.0,396.22162,0.0,0.015090571,0.0,0.0,Aug,4,2,1,2,Returning_Visitor,False,False
0.0,0.0,0.0,0.0,24.0,664.14044,0.0,0.038579356,0.0,0.0,May,2,2,1,2,Returning_Visitor,False,False
0.0,0.0,0.0,0.0,27.0,432.01126,0.0042473744,0.025,0.0,0.0,Aug,3,2,1,1,Returning_Visitor,False,False
1.0,8.406401,0.0,0.0,14.0,453.82376,0.0,0.02544328,0.0,0.0,Nov,2,2,9,2,Returning_Visitor,False,False
3.0,24.005543,0.0,0.0,39.0,916.3869,0.0,0.016666668,0.0,0.0,Nov,2,2,1,2,Returning_Visitor,False,False
3.0,56.76798,0.0,0.0,21.016737,400.8669,0.0,0.025023071,0.0,0.0,Sep,2,4,1,1,Returning_Visitor,False,False
0.0,0.0,0.0,0.0,42.0,1114.3856,0.015384615,0.034662858,0.0,0.0,Aug,2,2,1,2,Returning_Visitor,False,False
0.0,0.0,0.0,0.0,26.0,641.6431,0.0,0.021739392,0.0,0.0,Aug,2,2,1,3,Returning_Visitor,False,False
0.0,0.0,0.0,0.0,17.0,327.47687,0.0,0.02825083,0.0,0.0,Nov,2,2,7,3,Returning_Visitor,False,False
2.0,53.03157,0.0,0.0,25.0,654.4389,0.011333294,0.029518053,0.0,0.0,Nov,2,2,3,3,Returning_Visitor,False,False
0.0,0.0,0.0,0.0,28.0,673.47577,0.0,0.016666668,0.0,0.0,Oct,4,2,1,1,Returning_Visitor,False,False
0.0,0.0,0.0,0.0,25.0,600.2893,0.013410286,0.03586043,0.0,0.0,Dec,2,2,7,13,Returning_Visitor,False,False
5.0,127.780754,0.0,0.0,42.0,874.29755,0.0,0.012621934,0.0,0.0,Nov,2,2,1,2,Returning_Visitor,False,False
3.0,49.35046,0.0,0.0,39.25791,949.65405,0.0,0.016123742,0.0,0.0,Nov,4,1,1,2,Returning_Visitor,False,False
0.0,0.0,0.0,0.0,20.0,376.19644,0.0,0.028571429,0.0,0.0,Dec,2,2,1,3,Returning_Visitor,False,False
0.0,0.0,0.0,0.0,10.0,167.41945,0.0,0.026703369,0.0,0.0,Dec,2,2,8,1,Returning_Visitor,False,False
0.0,0.0,0.0,0.0,25.0,699.4402,0.015649656,0.03333333,0.0,0.0,Nov,2,2,6,1,Returning_Visitor,False,False
4.0,83.160805,2.0,11.062734,43.0,1689.9453,0.0068328623,0.02867183,0.0,0.0,Sep,2,2,3,1,Returning_Visitor,False,False
0.0,0.0,0.0,0.0,30.0,961.5903,0.015380599,0.03628339,0.0,0.0,Nov,2,2,1,1,Returning_Visitor,False,False
2.0,20.565403,0.0,0.0,21.0,650.77295,0.0,0.023490744,361.76373,0.0,Dec,2,2,9,1,Returning_Visitor,False,False
4.0,89.19063,0.0,0.0,58.94229,2126.2395,0.0047895834,0.019179419,7.9871826,0.0,Nov,2,2,7,13,Returning_Visitor,True,False
0.0,0.0,0.0,0.0,18.0,600.3178,0.0,0.025397854,0.0,0.0,Dec,1,2,1,2,Returning_Visitor,True,False
0.0,0.0,0.0,0.0,16.0,654.3815,0.0,0.03201239,0.0,0.0,Nov,2,2,1,13,Returning_Visitor,False,False
3.0,102.43864,0.0,0.0,20.0,637.3747,0.0,0.0125,0.0,0.0,Nov,2,2,1,2,Returning_Visitor,False,False
0.0,0.0,0.0,0.0,24.0,560.29504,0.0040824763,0.028571429,0.0,0.0,Aug,2,2,1,15,Returning_Visitor,False,False
4.0,41.25855,0.0,0.0,24.781206,539.38837,0.0,0.015354619,0.0,0.0,May,2,2,7,3,Returning_Visitor,False,False
0.0,0.0,0.0,0.0,22.0,702.94275,0.0015758008,0.030587286,0.0,0.0,Dec,2,2,1,2,Returning_Visitor,False,False
0.0,0.0,0.0,0.0,9.0,277.8827,0.044020675,0.068755426,0.0,0.0,Nov,1,4,1,13,Returning_Visitor,False,False
2.0,56.972565,0.0,0.0,24.0,450.25668,0.0,0.016666668,0.0,0.0,Dec,1,2,7,2,Returning_Visitor,False,False
0.0,0.0,0.0,0.0,26.0,642.3249,0.0,0.01510888,0.0,0.0,Dec,2,1,4,2,New_Visitor,False,False
0.0,0.0,0.0,0.0,25.0,712.9124,0.0,0.023524715,0.0,0.0,Aug,2,2,4,1,Returning_Visitor,False,False
4.0,88.34646,0.0,0.0,46.0,2106.6287,0.01654053,0.03333333,0.0,0.0,Nov,2,2,7,1,Returning_Visitor,False,False
3.0,62.197563,0.0,0.0,43.288883,1728.6895,0.0026068795,0.014664759,9.081502,0.0,Aug,1,2,1,2,Returning_Visitor,False,False
0.0,0.0,0.0,0.0,22.0,704.0691,0.025,0.05183127,0.0,0.0,Dec,1,1,1,13,Returning_Visitor,False,False
0.0,0.0,0.0,0.0,23.0,524.8598,0.015100907,0.043046318,0.0,0.0,Dec,1,2,1,20,Returning_Visitor,False,False
0.0,0.0,0.0,0.0,26.0,659.2323,0.011124178,0.026728412,0.0,0.0,Dec,1,1,1,8,Returning_Visitor,False,False
2.0,26.447548,0.0,0.0,22.0,854.84686,0.0,0.014749749,0.0,0.0,Dec,2,2,3,13,New_Visitor,False,False
6.0,103.737595,0.0,0.0,50.921963,2227.3855,0.0038492554,0.018477688,13.047367,0.0,Nov,4,1,1,2,Returning_Visitor,False,True
3.0,58.743675,0.0,0.0,31.0,868.03754,0.0,0.0149496775,11.657934,0.0,Nov,2,2,7,2,Returning_Visitor,False,False
0.0,0.0,0.0,0.0,14.0,336.8231,0.0,0.03333333,0.0,0.0,Dec,3,2,1,1,Returning_Visitor,False,False
3.0,57.219425,0.0,0.0,25.0,608.8563,0.010535779,0.03738561,0.0,0.0,Jul,1,4,1,8,Returning_Visitor,False,False
6.0,102.1255,0.0,0.0,29.031374,846.35913,0.0,0.010446429,12.832332,0.0,Mar,2,4,1,9,Returning_Visitor,False,False
2.0,21.131231,0.0,0.0,16.0,366.35117,0.0,0.028473128,0.0,0.0,Nov,4,2,4,8,Returning_Visitor,False,False
0.0,0.0,0.0,0.0,23.0,595.8861,0.018181818,0.045705486,0.0,0.0,Aug,1,2,1,1,Returning_Visitor,False,False
4.0,98.662865,0.0,0.0,26.0,640.6694,0.0125,0.028571429,0.0,0.0,Dec,1,1,3,3,Returning_Visitor,False,False
4.0,166.14182,0.0,0.0,22.0,461.50555,0.022375075,0.03333333,0.0,0.0,Dec,3,2,1,13,Returning_Visitor,False,False
5.0,114.28688,3.0,171.82124,44.0,1696.3346,0.0024869964,0.021460462,0.0,0.0,Nov,2,4,4,2,Returning_Visitor,False,False
1.0,40.25841,0.0,0.0,27.0,629.3459,0.0,0.009908291,0.0,0.0,Nov,1,2,1,2,Returning_Visitor,False,False
0.0,0.0,0.0,0.0,10.0,231.86557,0.042882416,0.07444053,0.0,0.0,Nov,2,2,1,1,Returning_Visitor,False,False
0.0,0.0,0.0,0.0,36.0,856.7913,0.0,0.011511417,0.0,0.0,Nov,1,2,1,2,Returning_Visitor,True,False
0.0,0.0,0.0,0.0,36.887917,989.1793,0.0132513745,0.03398529,0.0,0.0,Dec,2,2,1,13,Returning_Visitor,False,False
4.0,61.41345,0.0,0.0,30.0,841.0433,0.0,0.012849754,0.0,0.0,Aug,2,2,2,2,Returning_Visitor,False,False
0.0,0.0,0.0,0.0,27.110907,665.7032,0.0,0.011156602,0.0,0.0,Nov,2,2,9,2,Returning_Visitor,False,False
2.0,37.96834,0.0,0.0,30.0,757.23175,0.01445825,0.0395336,0.0,0.0,Jul,2,2,1,3,Returning_Visitor,False,False
1.0,0.0,0.0,0.0,26.0,704.45074,0.0,0.01745296,0.0,0.0,Aug,2,2,1,1,Returning_Visitor,False,False
0.0,0.0,0.0,0.0,17.0,312.72925,0.02,0.05758492,0.0,0.0,Dec,4,1,4,1,Returning_Visitor,False,False
0.0,0.0,0.0,0.0,6.0,256.2999,0.0,0.039070677,0.0,0.0,Nov,2,4,1,13,Returning_Visitor,False,False
0.0,0.0,0.0,0.0,23.0,700.786,0.007370948,0.03333333,0.0,0.0,Nov,2,2,9,3,Returning_Visitor,False,False
2.0,45.882874,0.0,0.0,19.0,533.88184,0.010420306,0.014285714,0.0,0.0,Aug,3,2,1,2,Returning_Visitor,False,False
0.0,0.0,0.0,0.0,10.0,157.25127,0.03598827,0.06803803,0.0,0.0,Aug,1,1,1,2,Returning_Visitor,False,False
0.0,0.0,0.0,0.0,22.0,686.05023,0.0,0.028571429,0.0,0.0,Nov,2,2,1,1,Returning_Visitor,False,False
4.0,49.61552,0.0,0.0,25.466043,862.17834,0.0,0.025734024,0.0,0.0,May,2,2,1,4,Returning_Visitor,False,False
0.0,0.0,0.0,0.0,27.0,632.2652,0.0,0.025172016,0.0,0.0,Dec,2,4,3,1,Returning_Visitor,False,False
0.0,0.0,0.0,0.0,9.0,270.38797,0.0,0.050482437,0.0,0.0,Dec,2,1,1,1,Returning_Visitor,False,False
0.0,0.0,0.0,0.0,7.5257273,171.58507,0.0,0.04,0.0,0.0,Dec,2,2,1,2,Returning_Visitor,False,False
2.0,49.293655,0.0,0.0,24.0,778.2958,0.0,0.0150094135,0.0,0.0,Dec,2,2,1,2,Returning_Visitor,False,False
5.0,93.28405,0.0,0.0,30.0,1037.6228,0.0038444023,0.026661446,0.0,0.0,Nov,2,2,1,1,Returning_Visitor,False,False
2.0,39.85661,0.0,0.0,28.90789,609.7071,0.0,0.013623519,0.0,0.0,Aug,2,2,7,2,New_Visitor,False,False
0.0,0.0,0.0,0.0,20.0,552.2783,0.0,0.029149259,0.0,0.0,Dec,2,2,1,2,Returning_Visitor,False,False
6.0,123.91082,0.0,0.0,73.6148,2528.6804,0.006049154,0.024546482,0.0,0.0,Nov,2,2,1,2,Returning_Visitor,False,False
1.0,29.24855,0.0,0.0,15.0,360.16537,0.0,0.013238578,0.0,0.0,Nov,2,2,9,2,Returning_Visitor,False,True
3.0,74.03414,0.0,0.0,32.0,787.9658,0.0,0.014285714,0.0,0.0,Dec,1,1,9,2,Returning_Visitor,False,False
0.0,0.0,0.0,0.0,26.0,612.40393,0.0,0.024026792,0.0,0.0,Dec,2,2,6,8,Returning_Visitor,False,False
0.0,0.0,0.0,0.0,6.0,89.44926,0.07018981,0.1,0.0,0.0,Dec,1,1,1,3,Returning_Visitor,False,False
2.0,46.42443,0.0,0.0,47.657326,1895.4071,0.007692308,0.02648267,0.0,0.0,Nov,2,2,4,2,Returning_Visitor,False,False
0.0,0.0,0.0,0.0,22.0,574.4552,0.0,0.025,0.0,0.0,Dec,2,2,4,9,Returning_Visitor,False,False
2.0,32.18332,0.0,0.0,57.974674,2234.72,0.005959515,0.018930048,0.0,0.0,Nov,2,2,1,1,Returning_Visitor,False,True
4.0,47.44201,0.0,0.0,47.0,1740.8011,0.0040917434,0.018162832,0.0,0.0,Nov,2,2,1,1,Returning_Visitor,False,False
0.0,0.0,0.0,0.0,19.207209,384.20544,0.0,0.04355337,0.0,0.0,Dec,2,2,1,3,Returning_Visitor,False,False
2.0,38.26987,0.0,0.0,46.287445,2241.5806,0.007692308,0.026567694,0.0,0.0,Dec,2,4,1,2,Returning_Visitor,False,False
0.0,0.0,0.0,0.0,16.0,298.49387,0.0,0.013641595,0.0,0.0,Dec,2,2,1,19,Returning_Visitor,False,False
0.0,0.0,0.0,0.0,25.0,864.0036,0.01827807,0.0398821,0.0,0.0,Jul,2,2,1,13,Returning_Visitor,False,False
0.0,0.0,0.0,0.0,10.0,259.0384,0.0,0.02946727,0.0,0.0,Aug,2,2,1,3,Returning_Visitor,False,False
1.0,0.0,0.0,0.0,34.27558,575.65137,0.0,0.021177098,0.0,0.0,Jul,1,1,3,13,Returning_Visitor,False,False
0.0,0.0,0.0,0.0,24.0,674.8086,0.0,0.014285714,0.0,0.0,Nov,1,2,1,2,Returning_Visitor,False,False
4.0,63.903915,0.0,0.0,27.0,626.5777,0.0049746307,0.023161363,0.0,0.0,Sep,2,2,1,13,Returning_Visitor,False,False
0.0,0.0,0.0,0.0,26.0,711.6496,0.0,0.01653102,0.0,0.0,May,2,2,7,10,Returning_Visitor,False,False
0.0,0.0,0.0,0.0,25.0,390.17825,0.0,0.018768668,0.0,0.0,Aug,2,2,7,2,Returning_Visitor,False,False
0.0,0.0,0.0,0.0,14.0,258.898,0.0,0.016666668,0.0,0.0,Nov,2,2,1,2,Returning_Visitor,False,False
0.0,0.0,0.0,0.0,15.0,370.75015,0.026760144,0.04901286,0.0,0.0,Dec,1,2,1,13,Returning_Visitor,False,False
0.0,0.0,0.0,0.0,15.0,289.6516,0.017146172,0.04,0.0,0.0,Dec,3,2,1,2,Returning_Visitor,False,False
0.0,0.0,0.0,0.0,19.0,413.5643,0.0,0.017746462,0.0,0.0,Nov,1,2,1,2,Returning_Visitor,False,False
0.0,0.0,0.0,0.0,26.0,790.3813,0.007102258,0.036817346,0.0,0.0,Aug,2,2,4,1,Returning_Visitor,False,False
0.0,0.0,0.0,0.0,32.0,817.6806,0.0,0.016666668,0.0,0.0,Nov,2,2,1,2,Returning_Visitor,False,False
3.0997772,66.05566,0.0,0.0,42.0,876.9763,0.0,0.01538947,0.0,0.0,Nov,2,8,1,2,Returning_Visitor,False,False
0.0,0.0,0.0,0.0,31.662777,859.15924,0.011729353,0.0285287,0.0,0.0,Nov,1,4,1,1,Returning_Visitor,False,False
3.0,66.86221,0.0,0.0,45.0,1096.6924,0.0,0.016864095,0.0,0.0,Aug,2,2,1,1,Returning_Visitor,False,False
3.0,46.6783,0.0,0.0,30.0,922.57477,0.0019736208,0.022234377,0.0,0.0,Nov,2,2,1,2,Returning_Visitor,False,False
2.0,55.25658,0.0,0.0,21.0,542.3816,0.0,0.008414709,0.0,0.0,Dec,3,2,6,9,Returning_Visitor,True,False
0.0,0.0,0.0,0.0,28.0,889.21265,0.0,0.012800568,0.0,0.0,Nov,2,2,1,2,Returning_Visitor,False,False
2.0,32.049896,0.0,0.0,16.0,270.05145,0.0,0.024898322,0.0,0.0,Nov,2,2,7,9,Returning_Visitor,False,False
0.0,0.0,0.0,0.0,25.976337,801.6132,0.0,0.021732874,0.0,0.0,Dec,2,2,1,1,Returning_Visitor,False,False
5.0,73.623314,0.0,0.0,50.647762,1917.059,0.0,0.009526338,0.0,0.0,Aug,2,2,1,9,Returning_Visitor,False,False
0.0,0.0,0.0,0.0,12.0,253.80637,0.044305418,0.08005689,0.0,0.0,Dec,2,2,1,3,Returning_Visitor,False,False
0.0,0.0,0.0,0.0,25.939062,502.00208,0.0011260759,0.030020406,0.0,0.0,Dec,2,2,7,13,Returning_Visitor,False,False
3.0,39.4798,0.0,0.0,24.0,713.43604,0.0,0.014904124,0.0,0.0,Dec,2,2,4,2,Returning_Visitor,False,False
4.0,90.507744,0.0,0.0,26.56513,746.99475,0.0,0.016666668,0.0,0.0,Nov,2,2,1,2,Returning_Visitor,True,False
2.0,40.901382,0.0,0.0,19.0,405.49597,0.0,0.023600284,0.0,0.0,Nov,4,2,9,2,Returning_Visitor,False,False
3.0,58.19968,0.0,0.0,34.278893,1192.9335,0.0,0.014001535,5.2122955,0.0,Dec,2,4,7,2,Returning_Visitor,False,True
0.0,0.0,0.0,0.0,26.0,996.76605,0.008417886,0.03333333,0.0,0.0,Aug,2,2,1,1,Returning_Visitor,False,False
0.0,0.0,0.0,0.0,23.0,638.56946,0.022222223,0.038651373,0.0,0.0,Aug,2,2,2,1,Returning_Visitor,False,False
2.0,38.82251,0.0,0.0,24.0,533.76263,0.016652623,0.036779173,0.0,0.0,Jul,2,2,1,2,Returning_Visitor,False,False
0.0,0.0,0.0,0.0,16.0,203.68738,0.0,0.024068974,0.0,0.0,Nov,2,2,7,2,Returning_Visitor,False,False
0.0,0.0,0.0,0.0,24.0,567.07086,0.0030940173,0.029417437,0.0,0.0,Nov,1,1,4,2,Returning_Visitor,False,False
0.0,0.0,0.0,0.0,19.026428,411.29257,0.01984576,0.050610565,0.0,0.0,Dec,4,2,9,1,Returning_Visitor,False,False
0.0,0.0,0.0,0.0,29.0,1097.5464,0.0,0.022222223,0.0,0.0,Dec,2,2,6,9,Returning_Visitor,False,False
6.0,135.93906,0.0,0.0,102.30908,3139.3918,0.0020574268,0.013333333,343.53418,0.0,Dec,2,2,4,2,Returning_Visitor,False,False
3.0,61.61525,0.0,0.0,34.0,576.8621,0.009558639,0.030034365,0.0,0.0,Dec,1,2,2,1,Returning_Visitor,False,False
0.0,0.0,0.0,0.0,53.809334,1621.1665,0.008238676,0.022719389,0.0,0.0,Dec,4,2,1,3,Returning_Visitor,False,False
2.0,28.878235,0.0,0.0,15.0,588.801,0.026296074,0.059109796,0.0,0.0,Nov,4,1,1,3,Returning_Visitor,False,False
0.0,0.0,0.0,0.0,11.0,230.32912,0.0,0.025,0.0,0.0,Dec,2,2,7,1,Returning_Visitor,False,False
4.0,38.90257,0.0,0.0,23.0,641.73584,0.0,0.01720265,0.0,0.0,Nov,2,2,1,8,Returning_Visitor,False,False
0.0,0.0,0.0,0.0,10.0,212.91719,0.0,0.034035087,0.0,0.0,Dec,2,2,1,8,Returning_Visitor,False,False
2.0,50.940144,0.0,0.0,24.0,588.0724,0.0,0.012479053,0.0,0.0,Dec,2,4,1,2,New_Visitor,False,False
0.0,0.0,0.0,0.0,18.0,300.62488,0.0094773965,0.021221254,0.0,0.0,Dec,1,1,1,1,Returning_Visitor,False,False
0.0,0.0,0.0,0.0,24.692616,1063.1311,0.0039862846,0.023951637,0.0,0.0,Dec,7,2,1,2,Returning_Visitor,False,False
0.0,0.0,0.0,0.0,9.300976,305.2293,0.028571429,0.05,0.0,0.0,Dec,3,4,3,3,Returning_Visitor,False,False
3.0,76.73227,0.0,0.0,14.0,538.9264,0.0,0.016666668,0.0,0.0,Aug,2,2,7,2,Returning_Visitor,False,False
2.0,49.01224,0.0,0.0,31.0,666.1633,0.0,0.012811275,0.0,0.0,Nov,4,2,7,2,Returning_Visitor,False,False
4.0,63.23308,0.0,0.0,42.0,1246.7886,0.0,0.016666668,0.0,0.0,May,2,2,1,3,Returning_Visitor,False,False
0.0,0.0,0.0,0.0,20.0,534.95026,0.01592552,0.044444446,0.0,0.0,Dec,2,2,1,2,Returning_Visitor,False,False
4.0,99.2128,0.0,0.0,17.0,315.1792,0.0,0.017736338,0.0,0.0,Dec,2,2,4,2,Returning_Visitor,False,False
4.0,81.91584,0.0,0.0,26.412111,607.7411,0.0,0.010825081,0.0,0.0,Aug,4,2,1,2,Returning_Visitor,False,False
0.0,0.0,0.0,0.0,13.0,386.69897,0.0,0.022222223,0.0,0.0,Dec,2,2,1,1,Returning_Visitor,False,False
2.0,58.36478,0.0,0.0,17.0,412.32852,0.0,0.02676569,0.0,0.0,Nov,2,2,1,2,Returning_Visitor,False,False
5.0,98.21057,0.0,0.0,44.0,1287.6504,0.0017037545,0.016666668,6.1578526,0.0,Aug,2,2,1,2,Returning_Visitor,False,False
0.0,0.0,0.0,0.0,11.710966,186.25894,0.0,0.026165193,0.0,0.0,Mar,2,2,1,1,Returning_Visitor,False,False
0.0,0.0,0.0,0.0,23.0,472.01984,0.017016454,0.04144846,0.0,0.0,Dec,1,1,1,1,Returning_Visitor,False,False
1.0,23.033962,0.0,0.0,27.0,682.6313,0.0,0.01486946,0.0,0.0,Dec,2,2,1,2,Returning_Visitor,False,False
0.0,0.0,0.0,0.0,24.0,675.34125,0.012548849,0.03333333,0.0,0.0,Nov,2,2,2,2,Returning_Visitor,False,False
0.0,0.0,0.0,0.0,27.0,1173.4303,0.018122148,0.04636767,0.0,0.0,Dec,2,2,9,3,Returning_Visitor,False,False
0.0,0.0,0.0,0.0,38.0,764.7428,0.009093386,0.029702503,0.0,0.0,Dec,2,2,1,1,Returning_Visitor,False,False
4.0,56.549202,1.0,0.0,49.84226,1844.7529,0.010002033,0.028559389,0.0,0.0,Aug,4,4,1,2,Returning_Visitor,False,False
0.0,0.0,0.0,0.0,18.692514,525.6891,0.0,0.013332972,0.0,0.0,Dec,2,2,1,2,New_Visitor,False,True
0.0,0.0,0.0,0.0,14.342874,285.41122,0.0,0.04,0.0,0.0,Nov,1,1,1,1,Returning_Visitor,False,False
0.0,0.0,0.0,0.0,28.52787,562.8999,0.013127901,0.027795926,0.0,0.0,Dec,1,2,1,1,Returning_Visitor,False,False
3.0,105.12833,0.0,0.0,39.0,1671.7235,0.0,0.014923653,0.0,0.0,Dec,2,4,1,13,Returning_Visitor,False,True
3.0,90.29205,0.0,0.0,26.0,1202.7489,0.0061425413,0.024937447,0.0,0.0,Dec,1,2,6,1,Returning_Visitor,False,False
2.0,58.43824,0.0,0.0,20.0,667.3049,0.0,0.013333333,0.0,0.0,Dec,2,2,6,2,Returning_Visitor,False,False
0.0,0.0,0.0,0.0,5.0,136.99344,0.0,0.05,0.0,0.0,Nov,2,2,4,9,Returning_Visitor,False,False
0.0,0.0,0.0,0.0,18.486149,736.0932,0.0,0.035178732,0.0,0.0,Nov,2,2,1,3,Returning_Visitor,False,False
5.0,94.06678,2.0,74.96861,40.0,1822.5256,0.006433472,0.026024478,0.0,0.0,Dec,2,2,1,2,Returning_Visitor,False,False
0.0,0.0,0.0,0.0,15.0,451.9561,0.0,0.023520524,0.0,0.0,Aug,2,2,4,13,Returning_Visitor,False,True
0.0,0.0,0.0,0.0,21.0,370.5205,0.019350173,0.049207166,0.0,0.0,Aug,1,1,1,3,Returning_Visitor,False,False
0.0,0.0,0.0,0.0,15.0,294.03995,0.0,0.030694434,0.0,0.0,Nov,3,2,9,13,Returning_Visitor,False,False
2.0,32.87817,0.0,0.0,16.0,445.05374,0.016666668,0.04,0.0,0.0,Dec,3,2,1,2,Returning_Visitor,False,False
2.0,63.551754,0.0,0.0,14.0,253.44208,0.0,0.030430727,0.0,0.0,Dec,1,1,1,1,Returning_Visitor,False,False
0.0,0.0,0.0,0.0,23.374784,632.15155,0.016666668,0.04,0.0,0.0,Nov,4,2,1,10,Returning_Visitor,False,False
2.0,23.173746,0.0,0.0,19.0,656.94165,0.0,0.022234973,0.0,0.0,Nov,2,2,1,2,Returning_Visitor,False,False
3.0,35.192646,0.0,0.0,21.526741,384.9883,0.0,0.016056374,0.0,0.0,Dec,2,2,1,2,Returning_Visitor,False,False
0.0,0.0,0.0,0.0,13.0,391.94955,0.028571429,0.054889873,0.0,0.0,Aug,2,2,1,1,Returning_Visitor,False,False
0.0,0.0,0.0,0.0,13.0,271.81058,0.0,0.024065683,0.0,0.0,Dec,2,2,1,3,Returning_Visitor,False,False
5.0,65.65748,0.0,0.0,28.0,640.1647,0.0,0.013241266,0.0,0.0,Nov,3,2,1,2,Returning_Visitor,False,False
4.0,43.431015,0.0,0.0,23.0,501.03677,0.0,0.023513364,0.0,0.0,Aug,4,2,1,2,Returning_Visitor,False,False
0.0,0.0,0.0,0.0,10.0,233.42757,0.0,0.018659556,0.0,0.0,Nov,2,2,1,2,Returning_Visitor,False,False
5.0,89.29369,0.0,0.0,80.79375,2786.1433,0.0073709334,0.02667794,0.0,0.0,Aug,2,2,1,13,Returning_Visitor,False,False
0.0,0.0,0.0,0.0,6.0,128.59544,0.0,0.03333333,0.0,0.0,Dec,3,2,1,2,New_Visitor,False,False
0.0,0.0,0.0,0.0,9.0,203.32645,0.027588325,0.066849895,0.0,0.0,Aug,4,1,7,1,Returning_Visitor,False,False
0.0,0.0,0.0,0.0,7.9375863,186.33171,0.0,0.039889026,0.0,0.0,Nov,2,2,1,2,Returning_Visitor,False,False
0.0,0.0,0.0,0.0,23.0,504.36282,0.0,0.018237682,0.0,0.0,Aug,2,2,1,2,Returning_Visitor,False,False
0.0,0.0,0.0,0.0,25.0,664.1607,0.0,0.022359671,0.0,0.0,Aug,2,2,3,4,Returning_Visitor,False,False
0.0,0.0,0.0,0.0,40.606716,1227.8354,0.0058470466,0.02284511,8.798287,0.0,Aug,2,2,8,2,Returning_Visitor,False,True
2.0,37.117115,0.0,0.0,44.0,917.76276,0.0,0.018127529,0.0,0.0,May,2,2,1,4,Returning_Visitor,False,False
0.0,0.0,0.0,0.0,47.395653,1445.908,0.013516891,0.029140677,0.0,0.0,Nov,1,2,1,2,Returning_Visitor,False,False
0.0,0.0,0.0,0.0,28.844112,724.5281,0.021448217,0.045577362,0.0,0.0,Jul,2,2,1,1,Returning_Visitor,False,False
0.0,0.0,0.0,0.0,27.0,682.99194,0.0,0.014285714,0.0,0.0,Nov,4,1,1,9,Returning_Visitor,False,False
0.0,0.0,0.0,0.0,16.0,265.43488,0.0019837148,0.035270706,0.0,0.0,Dec,2,2,1,1,Returning_Visitor,False,False
0.0,0.0,0.0,0.0,27.0,974.7977,0.0,0.017532771,0.0,0.0,Dec,2,2,4,2,Returning_Visitor,False,False
0.0,0.0,0.0,0.0,14.0,176.43869,0.005451124,0.050660856,0.0,0.0,Dec,4,2,1,2,Returning_Visitor,False,False
2.0,27.533724,0.0,0.0,23.088947,682.40027,0.0,0.02509045,0.0,0.0,Dec,2,2,1,2,Returning_Visitor,False,False
2.0,33.818535,0.0,0.0,28.0,672.2435,0.0,0.014285714,0.0,0.0,Jul,2,2,4,19,Returning_Visitor,False,False
0.0,0.0,0.0,0.0,20.0,702.35065,0.0,0.03237733,0.0,0.0,Nov,2,2,1,3,Returning_Visitor,False,False
3.0,55.92278,0.0,0.0,37.0,893.20264,0.006730316,0.019042337,0.0,0.0,Dec,2,2,2,2,Returning_Visitor,False,False
0.0,0.0,0.0,0.0,16.0,422.79208,0.0,0.027813287,0.0,0.0,Dec,4,2,3,1,Returning_Visitor,False,False
3.0,89.62647,0.0,0.0,17.0,616.725,0.0,0.025,0.0,0.0,Mar,1,1,7,19,Returning_Visitor,False,False
2.0,32.271473,0.0,0.0,25.0,575.6115,0.008475945,0.031440336,0.0,0.0,Jul,3,2,1,13,Returning_Visitor,False,False
0.0,0.0,0.0,0.0,31.0,645.20654,0.0,0.01425568,0.0,0.0,Dec,2,2,4,3,Returning_Visitor,False,False
0.0,0.0,0.0,0.0,14.0,293.36862,0.0,0.03165497,0.0,0.0,Dec,2,2,1,1,Returning_Visitor,False,False
3.0,62.487244,0.0,0.0,31.340076,834.01184,0.005649596,0.015746843,0.0,0.0,Mar,1,1,4,13,Returning_Visitor,False,False
0.0,0.0,0.0,0.0,18.0,521.96606,0.0,0.022222223,0.0,0.0,Nov,1,2,9,13,Returning_Visitor,False,False
3.0,94.58345,0.0,0.0,21.10052,422.32956,0.0,0.019068569,0.0,0.0,Nov,1,1,1,13,Returning_Visitor,False,False
2.0,54.10185,0.0,0.0,22.032698,654.02167,0.0,0.011905193,0.0,0.0,Aug,1,2,1,2,Returning_Visitor,False,True
3.0,78.79505,0.0,0.0,37.0,923.5398,0.0,0.010298016,0.0,0.0,Aug,2,12,4,2,Returning_Visitor,False,False
0.0,0.0,0.0,0.0,14.0,435.53616,0.0,0.030526612,0.0,0.0,Nov,2,2,2,3,Returning_Visitor,False,False
0.0,0.0,0.0,0.0,10.0,143.79413,0.0,0.02526736,0.0,0.0,Dec,2,2,6,13,Returning_Visitor,False,False
0.0,0.0,0.0,0.0,8.9865675,203.61273,0.0,0.032563,0.0,0.0,Sep,1,1,9,1,Returning_Visitor,False,False
0.0,0.0,0.0,0.0,19.0,895.1287,0.01714508,0.044444446,0.0,0.0,Nov,1,2,1,8,Returning_Visitor,False,False
0.0,0.0,0.0,0.0,33.0,838.3673,0.0,0.016666668,361.76373,0.0,Nov,2,2,4,2,Returning_Visitor,False,False
3.0,76.49642,0.0,0.0,39.0,1055.2131,0.0,0.015805317,0.0,0.0,Dec,1,1,1,1,Returning_Visitor,False,False
2.0,40.28812,0.0,0.0,24.0,683.12744,0.0,0.013333333,0.0,0.0,Aug,2,2,1,2,Returning_Visitor,False,True
4.0,91.47162,0.0,0.0,29.77739,687.7002,0.010733724,0.025,16.62931,0.0,Dec,1,1,1,13,Returning_Visitor,False,False
0.0,0.0,0.0,0.0,40.30005,1521.4501,0.0,0.024763739,8.801678,0.0,Nov,3,2,1,1,Returning_Visitor,True,False
4.0,67.40251,0.0,0.0,56.0,1344.3335,0.0070025558,0.021406054,0.0,0.0,Dec,2,4,7,3,Returning_Visitor,False,False
5.0,64.25717,0.0,0.0,29.0,618.11096,0.0,0.019011827,0.0,0.0,Dec,2,2,1,1,Returning_Visitor,False,False
3.0,57.111523,0.0,0.0,25.772676,752.445,0.010504566,0.026558599,0.0,0.0,Dec,2,2,1,2,Returning_Visitor,False,False
0.0,0.0,0.0,0.0,24.0,1058.6439,0.0,0.022222223,0.0,0.0,Nov,2,2,7,1,Returning_Visitor,False,False
2.0,73.753716,0.0,0.0,24.0,574.3698,0.0,0.008281744,27.768135,0.0,Oct,1,1,1,2,New_Visitor,False,True
3.0,68.3475,0.0,0.0,49.0,1396.2637,0.0,0.014054041,57.2147,0.0,Nov,2,1,1,2,Returning_Visitor,False,False
0.0,0.0,0.0,0.0,21.0,507.13004,0.013638356,0.03329361,0.0,0.0,Aug,2,1,7,3,Returning_Visitor,False,False
2.0,33.67331,2.0,111.20738,37.0,776.52924,0.0,0.014285714,0.0,0.0,Nov,2,2,4,2,Returning_Visitor,False,False
0.0,0.0,0.0,0.0,28.0,678.1434,0.0,0.02374821,0.0,0.0,Aug,2,2,1,2,Returning_Visitor,False,False
0.0,0.0,0.0,0.0,5.0,132.18535,0.06666667,0.1,0.0,0.0,Dec,1,1,1,1,Returning_Visitor,False,False
0.0,0.0,0.0,0.0,20.0,668.63715,0.01336672,0.0334856,0.0,0.0,Nov,2,2,1,13,Returning_Visitor,False,False
4.0,90.2967,0.0,0.0,24.0,850.8359,0.0,0.014059408,14.324652,0.0,Dec,2,2,9,2,Returning_Visitor,False,True
0.0,0.0,0.0,0.0,35.0,1026.8016,0.0,0.020673085,0.0,0.0,Aug,2,2,9,2,Returning_Visitor,False,True
0.0,0.0,0.0,0.0,30.0,797.7398,0.0,0.02212781,0.0,0.0,Nov,2,2,1,13,Returning_Visitor,False,False
0.0,0.0,0.0,0.0,24.325085,728.14935,0.014285714,0.05,0.0,0.0,Dec,2,2,4,1,Returning_Visitor,False,False
0.0,0.0,0.0,0.0,21.0,757.7736,0.0,0.015281134,0.0,0.0,Nov,2,2,9,2,Returning_Visitor,False,False
0.0,0.0,0.0,0.0,21.973152,610.98315,0.0,0.025,0.0,0.0,Dec,2,2,1,2,Returning_Visitor,False,False
2.0,14.480446,2.0,300.2807,28.0,882.3157,0.0023159198,0.028266966,0.0,0.0,Aug,2,2,1,13,Returning_Visitor,False,False
2.0,59.396,0.0,0.0,28.0,809.2637,0.009583637,0.028571429,0.0,0.0,Nov,2,2,1,2,Returning_Visitor,False,False
0.0,0.0,0.0,0.0,15.0,507.53857,0.023611322,0.055364884,0.0,0.0,Dec,2,5,1,1,Returning_Visitor,False,False
0.0,0.0,0.0,0.0,46.0,1895.6311,0.0,0.014394575,11.945797,0.0,May,2,2,3,2,Returning_Visitor,False,True
0.0,0.0,0.0,0.0,22.0,497.62396,0.0,0.02968342,0.0,0.0,Aug,2,2,4,3,Returning_Visitor,False,False
0.0,0.0,0.0,0.0,23.043585,680.3235,0.0,0.01287992,0.0,0.0,Nov,2,2,1,2,Returning_Visitor,False,False
0.0,0.0,0.0,0.0,27.628422,889.14465,0.008333333,0.02372049,0.0,0.0,Jul,1,1,1,2,Returning_Visitor,False,False
0.0,0.0,0.0,0.0,26.897413,674.8497,0.0,0.013208207,0.0,0.0,Dec,4,1,1,9,Returning_Visitor,False,False
0.0,0.0,0.0,0.0,3.0,84.224884,0.0,0.04,0.0,0.0,Dec,1,1,4,2,Returning_Visitor,False,False
0.0,0.0,0.0,0.0,48.0,1356.8793,0.015886497,0.04,0.0,0.0,Dec,2,2,1,3,Returning_Visitor,False,False
0.0,0.0,0.0,0.0,19.0,416.0229,0.011111111,0.023683483,0.0,0.0,Nov,3,2,1,3,Returning_Visitor,False,False
3.0,188.66342,0.0,0.0,14.0,476.9405,0.0,0.016380647,0.0,0.0,Dec,4,1,1,2,New_Visitor,False,False
3.0,68.62542,0.0,0.0,27.0,717.74567,0.01645275,0.036356453,0.0,0.0,Dec,2,2,1,1,Returning_Visitor,False,False
0.0,0.0,0.0,0.0,5.0,67.11304,0.0778675,0.1,0.0,0.0,Dec,2,4,7,1,Returning_Visitor,False,False
0.0,0.0,0.0,0.0,18.0,399.8197,0.022026407,0.05,0.0,0.0,Aug,1,1,4,1,Returning_Visitor,False,False
0.0,0.0,0.0,0.0,23.0,624.20654,0.0,0.01706666,0.0,0.0,Nov,2,2,7,8,Returning_Visitor,False,False
0.0,0.0,0.0,0.0,31.11163,644.1351,0.0,0.021699283,0.0,0.0,Dec,1,2,1,3,Returning_Visitor,False,False
4.0,75.52619,1.2084109,32.981586,32.0,813.98267,0.0,0.01183294,0.0,0.0,Nov,1,2,1,2,Returning_Visitor,False,False
3.0,64.68664,0.0,0.0,27.0,749.94055,0.007235074,0.028074807,0.0,0.0,Dec,2,2,6,1,Returning_Visitor,False,False
3.0,76.741356,0.0,0.0,26.136173,653.84607,0.005929002,0.016075896,0.0,0.0,Dec,4,2,1,2,Returning_Visitor,False,False
0.0,0.0,0.0,0.0,23.0,1059.5623,0.014798115,0.039647076,0.0,0.0,Nov,2,2,1,1,Returning_Visitor,False,False
0.0,0.0,0.0,0.0,32.0,835.60803,0.0,0.018987108,0.0,0.0,Nov,2,2,6,1,Returning_Visitor,True,False
5.0,169.67879,0.0,0.0,32.0,805.6469,0.011111111,0.02,0.0,0.0,May,1,2,1,1,Returning_Visitor,False,False
7.0,135.60875,1.0,0.0,45.0,1551.6189,0.0,0.014961012,0.0,0.0,Aug,4,2,1,2,Returning_Visitor,False,True
0.0,0.0,0.0,0.0,23.0,575.2378,0.028571429,0.053309016,0.0,0.0,Jul,2,2,1,1,Returning_Visitor,False,False
1.0,10.0793915,0.0,0.0,14.0,961.91504,0.0,0.023356017,0.0,0.0,Nov,4,2,2,1,Returning_Visitor,False,False
0.0,0.0,0.0,0.0,37.0,726.3464,0.0062537314,0.02285446,0.0,0.0,Nov,2,12,4,1,Returning_Visitor,False,False
0.0,0.0,0.0,0.0,19.0,631.59735,0.0,0.03008243,0.0,0.0,Dec,2,2,7,1,Returning_Visitor,False,False
0.0,0.0,0.0,0.0,2.0,0.0,0.2,0.2,0.0,0.0,Aug,4,2,1,2,Returning_Visitor,False,False
0.0,0.0,0.0,0.0,13.0,203.14398,0.0,0.03797688,0.0,0.0,Nov,1,2,1,8,Returning_Visitor,False,False
0.0,0.0,0.0,0.0,19.0,289.1519,0.0,0.030892212,0.0,0.0,May,4,2,7,4,Returning_Visitor,False,False
0.0,0.0,0.0,0.0,16.0,274.55978,0.0,0.034838997,0.0,0.0,Dec,2,2,9,13,Returning_Visitor,False,False
0.0,0.0,0.0,0.0,24.0,743.54675,0.0,0.010475161,0.0,0.0,Dec,1,2,3,13,Returning_Visitor,False,False
4.0,64.5051,0.0,0.0,85.49039,2038.0562,0.0,0.011764706,0.0,0.0,Nov,4,1,1,1,Returning_Visitor,False,False
2.7801573,48.63522,0.0,0.0,31.0,1089.2589,0.0,0.020231746,0.0,0.0,Dec,2,2,7,13,Returning_Visitor,False,False
0.0,0.0,0.0,0.0,3.0,55.801445,0.1,0.124783106,0.0,0.0,Dec,3,2,4,1,Returning_Visitor,False,False
0.0,0.0,0.0,0.0,36.0,926.354,0.0064389934,0.028360883,0.0,0.0,Dec,2,2,2,3,Returning_Visitor,False,False
0.0,0.0,0.0,0.0,41.822388,731.9385,0.008320652,0.027027002,0.0,0.0,Dec,1,2,4,3,Returning_Visitor,False,False
0.0,0.0,0.0,0.0,20.0,635.6743,0.0,0.030826628,0.0,0.0,Dec,2,2,1,3,Returning_Visitor,False,False
5.0,73.0678,0.0,0.0,41.0,1040.4962,0.002475801,0.018867377,18.090803,0.0,Dec,2,4,1,2,Returning_Visitor,False,False
0.0,0.0,0.0,0.0,11.564825,207.78346,0.0,0.05,0.0,0.0,Nov,2,1,1,1,Returning_Visitor,False,False
0.0,0.0,0.0,0.0,27.0,611.6063,0.0,0.022222223,0.0,0.0,Jul,2,2,6,1,Returning_Visitor,False,False
0.0,0.0,0.0,0.0,11.0,294.01904,0.0,0.03426402,0.0,0.0,Nov,3,2,7,2,Returning_Visitor,False,False
6.0,252.214,0.0,0.0,46.0,1604.7166,0.0,0.017289048,0.0,0.0,Aug,2,2,7,2,Returning_Visitor,False,False
0.0,0.0,0.0,0.0,9.503939,216.59012,0.028571429,0.061915882,0.0,0.0,Dec,2,2,1,1,Returning_Visitor,False,False
0.0,0.0,0.0,0.0,17.0,270.22455,0.0,0.023259765,0.0,0.0,Nov,2,2,1,10,Returning_Visitor,False,False
3.0,65.3443,0.0,0.0,38.395786,1439.0829,0.004583677,0.026239032,0.0,0.0,Dec,2,2,3,9,Returning_Visitor,False,False
0.0,0.0,0.0,0.0,15.0,289.04727,0.0,0.029984972,0.0,0.0,Dec,2,2,1,1,Returning_Visitor,False,False
0.0,0.0,0.0,0.0,28.0,619.70465,0.0,0.0168549,0.0,0.0,Nov,4,2,1,3,Returning_Visitor,False,False
0.0,0.0,0.0,0.0,18.0,652.5996,0.0,0.025956301,0.0,0.0,Jul,3,2,1,2,Returning_Visitor,False,False
0.0,0.0,0.0,0.0,10.0,272.0736,0.0,0.025920983,0.0,0.0,Dec,1,2,1,2,Returning_Visitor,False,False
2.0,31.302608,0.0,0.0,36.0,1440.5453,0.0,0.02,0.0,0.0,Nov,2,2,1,3,Returning_Visitor,False,False
3.0,72.24217,0.0,0.0,60.218285,1930.043,0.005283723,0.021435305,7.610543,0.0,Aug,2,2,1,2,Returning_Visitor,False,False
5.0,91.68175,0.0,0.0,37.144154,1850.2201,0.0,0.017566588,9.932589,0.0,Dec,2,2,1,1,Returning_Visitor,False,False
4.0,64.72801,0.0,0.0,33.0,1205.9326,0.0,0.011932272,14.4236,0.0,Dec,2,4,1,8,Returning_Visitor,False,True
0.0,0.0,0.0,0.0,24.0,615.5275,0.00912137,0.035167903,0.0,0.0,Dec,2,2,4,1,Returning_Visitor,False,False
3.0,55.501427,0.0,0.0,35.0,927.5837,0.0,0.015768033,0.0,0.0,Dec,4,2,7,13,Returning_Visitor,False,False
3.0,99.2278,1.0,0.0,32.739517,704.64294,0.014748703,0.028571429,0.0,0.0,Aug,1,2,7,2,Returning_Visitor,False,False
0.0,0.0,0.0,0.0,26.0,1168.8906,0.0,0.02704071,0.0,0.0,Nov,2,4,1,9,Returning_Visitor,False,False
3.0,57.210213,0.0,0.0,23.0,634.0657,0.0,0.01418621,0.0,0.0,Dec,2,2,1,15,Returning_Visitor,False,False
0.0,0.0,0.0,0.0,23.0,728.13934,0.02,0.042202953,0.0,0.0,Nov,3,2,9,13,Returning_Visitor,False,False
0.0,0.0,0.0,0.0,12.0,346.51218,0.0,0.03333333,0.0,0.0,Nov,2,1,1,2,Returning_Visitor,False,False
0.0,0.0,0.0,0.0,18.0,223.56891,0.016666668,0.03333333,0.0,0.0,Dec,1,1,4,2,Returning_Visitor,False,False
0.0,0.0,0.0,0.0,8.0,217.00955,0.0,0.028571429,0.0,0.0,Aug,2,4,4,2,Returning_Visitor,False,False
0.0,0.0,0.0,0.0,20.0,660.13165,0.0,0.03333333,0.0,0.0,Sep,4,2,1,1,Returning_Visitor,False,False
4.0,90.557014,0.0,0.0,49.0,1308.3541,0.011276159,0.025559235,0.0,0.0,Nov,1,1,7,2,Returning_Visitor,True,False
5.0,106.29017,0.0,0.0,23.0,490.19968,0.0,0.012189958,0.0,0.0,Aug,2,4,1,2,Returning_Visitor,False,False
0.0,0.0,0.0,0.0,14.0,489.78442,0.0,0.03333333,0.0,0.0,Aug,2,2,1,13,Returning_Visitor,False,False
4.0,34.389076,0.0,0.0,23.0,586.8066,0.0012370846,0.020201005,0.0,0.0,Mar,2,2,2,3,Returning_Visitor,False,False
0.0,0.0,0.0,0.0,27.0,832.83203,0.0,0.014285714,0.0,0.0,Nov,1,1,7,1,Returning_Visitor,False,False
0.0,0.0,0.0,0.0,24.0,666.9868,0.0029882358,0.023513215,0.0,0.0,Nov,1,1,4,2,Returning_Visitor,False,False
3.0,59.89068,0.0,0.0,24.0,640.91797,0.0,0.009090909,0.0,0.0,Aug,2,2,9,2,Returning_Visitor,False,False
0.0,0.0,0.0,0.0,21.0,475.31158,0.015422266,0.03625899,0.0,0.0,Dec,1,1,1,13,Returning_Visitor,False,False
0.0,0.0,0.0,0.0,12.0,234.76689,0.0,0.028571429,0.0,0.0,Dec,2,2,1,1,Returning_Visitor,False,False
0.0,0.0,0.0,0.0,26.0,566.9399,0.0025424082,0.031806696,0.0,0.0,May,2,2,4,1,Returning_Visitor,False,False
0.0,0.0,0.0,0.0,19.0,480.7284,0.0,0.019375505,0.0,0.0,Aug,2,2,1,8,Returning_Visitor,False,False
5.0,86.54113,0.0,0.0,35.0,1060.2651,0.0059081865,0.027061636,16.457361,0.0,Dec,2,1,7,10,Returning_Visitor,False,False
3.0,90.270546,0.0,0.0,42.0,1614.2981,0.009187595,0.02130634,0.0,0.0,Dec,4,2,6,2,Returning_Visitor,True,False
3.0,46.643665,1.0,0.0,41.882496,1448.3718,0.015893467,0.027432509,0.0,0.0,Nov,1,2,1,13,Returning_Visitor,False,False
4.0,68.39717,0.0,0.0,23.0,444.73236,0.0,0.016666668,0.0,0.0,Mar,1,2,1,2,Returning_Visitor,False,False
0.0,0.0,0.0,0.0,19.0,441.14883,0.0,0.018356266,0.0,0.0,Dec,1,1,9,13,Returning_Visitor,False,False
0.0,0.0,0.0,0.0,27.0,783.98456,0.0,0.03333333,0.0,0.0,Jul,2,2,1,2,Returning_Visitor,False,False
0.0,0.0,0.0,0.0,18.0,673.5841,0.0,0.02684146,0.0,0.0,Dec,2,2,1,9,Returning_Visitor,False,False
0.0,0.0,0.0,0.0,28.0,1113.3922,0.0,0.024121244,0.0,0.0,Aug,4,2,1,3,Returning_Visitor,False,False
5.0,76.26693,0.0,0.0,42.7754,928.8469,0.0015462966,0.016467338,6.231555,0.0,Jul,4,2,7,13,Returning_Visitor,True,True
0.0,0.0,0.0,0.0,18.0,521.26306,0.021727215,0.045854107,0.0,0.0,Dec,2,4,3,3,Returning_Visitor,False,False
0.0,0.0,0.0,0.0,19.0,559.8246,0.0,0.019573592,0.0,0.0,Nov,2,2,1,2,Returning_Visitor,False,False
0.0,0.0,0.0,0.0,26.0,529.95575,0.018142236,0.05,0.0,0.0,Nov,2,2,1,3,Returning_Visitor,False,False
0.0,0.0,0.0,0.0,24.0,652.3819,0.00257429,0.03747854,0.0,0.0,Dec,2,2,1,13,Returning_Visitor,False,False
0.0,0.0,0.0,0.0,9.0,245.33698,0.0,0.038400747,0.0,0.0,Dec,2,2,7,1,Returning_Visitor,False,False
0.0,0.0,0.0,0.0,22.0,589.5253,0.019729454,0.045730174,0.0,0.0,Dec,2,2,3,13,Returning_Visitor,False,False
0.0,0.0,0.0,0.0,28.0,627.4067,0.00981271,0.030110955,0.0,0.0,Nov,4,1,4,4,Returning_Visitor,False,False
0.0,0.0,0.0,0.0,14.777204,362.28082,0.0,0.016666668,0.0,0.0,Dec,4,1,1,3,Returning_Visitor,False,False
0.0,0.0,0.0,0.0,24.0,685.77136,0.0041177804,0.028449308,0.0,0.0,Dec,2,2,6,2,Returning_Visitor,False,False
0.0,0.0,0.0,0.0,29.948698,830.11194,0.0,0.014273987,0.0,0.0,Nov,2,2,2,2,Returning_Visitor,False,False
0.0,0.0,0.0,0.0,12.0,692.2336,0.030795155,0.059078716,0.0,0.0,Nov,7,2,1,1,Returning_Visitor,False,False
4.6513824,133.20464,0.0,0.0,25.0,459.253,0.0,0.020791149,0.0,0.0,Dec,2,2,4,1,Returning_Visitor,False,False
0.0,0.0,0.0,0.0,29.0,973.58057,0.012606798,0.03949708,0.0,0.0,Dec,2,2,4,2,Returning_Visitor,False,False
0.0,0.0,0.0,0.0,19.0,332.7102,0.0,0.028571429,0.0,0.0,Nov,2,2,1,2,Returning_Visitor,False,False
0.0,0.0,0.0,0.0,24.0,540.9494,0.0,0.031064603,0.0,0.0,Dec,2,2,7,2,Returning_Visitor,False,False
4.0,57.333862,0.0,0.0,47.0,1672.876,0.005091059,0.017077828,0.0,0.0,Aug,2,2,9,13,Returning_Visitor,False,False
0.0,0.0,0.0,0.0,22.0,426.17633,6.790001e-05,0.028571429,0.0,0.0,Dec,4,2,7,2,Returning_Visitor,False,False
0.0,0.0,0.0,0.0,28.0,798.12006,0.0,0.019957213,0.0,0.0,Nov,2,2,3,13,Returning_Visitor,False,False
0.0,0.0,0.0,0.0,23.568468,538.21655,0.0,0.023298113,0.0,0.0,Dec,2,2,1,2,Returning_Visitor,False,False
0.0,0.0,0.0,0.0,22.0,619.1437,0.0,0.030197278,0.0,0.0,Nov,2,2,1,1,Returning_Visitor,False,False
0.0,0.0,0.0,0.0,22.0,662.4498,0.0,0.018283423,0.0,0.0,Nov,2,2,1,2,Returning_Visitor,False,False
3.0,39.78976,0.0,0.0,20.0,471.2529,0.0,0.015150841,0.0,0.0,Dec,2,2,1,2,New_Visitor,False,False
0.0,0.0,0.0,0.0,6.0,95.09953,0.036145505,0.07671756,0.0,0.0,Aug,2,1,1,3,Returning_Visitor,False,False
4.0,65.39102,0.0,0.0,38.0,1142.5901,0.0019612855,0.020622961,11.557439,0.0,Dec,2,2,1,2,Returning_Visitor,False,False
4.0,79.95728,1.0,3.0666966,31.0,1071.2072,0.010977588,0.028571429,10.192399,0.0,Aug,4,2,4,2,Returning_Visitor,False,False
3.0,38.73329,0.0,0.0,40.0,1682.0568,0.0,0.018181818,0.0,0.0,Dec,4,2,1,2,Returning_Visitor,False,False
2.0,63.605278,0.0,0.0,31.0,1196.6625,0.009184091,0.030162955,0.0,0.0,Aug,2,2,7,2,Returning_Visitor,False,False
0.0,0.0,0.0,0.0,18.53471,331.49023,0.004336748,0.03333333,0.0,0.0,Dec,2,2,7,19,Returning_Visitor,True,False
0.0,0.0,0.0,0.0,15.0,569.14307,0.0,0.027761875,0.0,0.0,Nov,2,2,1,1,Returning_Visitor,False,False
0.0,0.0,0.0,0.0,25.0,690.94464,0.011111111,0.028909378,0.0,0.0,Dec,2,2,1,1,Returning_Visitor,False,False
0.0,0.0,0.0,0.0,25.0,741.5363,0.0,0.012883211,0.0,0.0,Dec,2,2,1,2,Returning_Visitor,False,True
0.0,0.0,0.0,0.0,64.739235,1839.4088,0.0051286523,0.016314846,0.0,0.0,Nov,4,2,1,2,Returning_Visitor,False,False
2.0,18.109838,0.0,0.0,20.0,686.1635,0.0,0.01601227,0.0,0.0,Dec,2,2,1,2,Returning_Visitor,False,False
4.0,95.90046,0.0,0.0,30.0,659.5526,0.0,0.014285714,0.0,0.0,Nov,2,2,1,8,New_Visitor,False,False
0.0,0.0,0.0,0.0,10.0,243.7799,0.0,0.030621307,0.0,0.0,Nov,1,1,1,20,Returning_Visitor,False,False
0.0,0.0,0.0,0.0,34.0,754.5892,0.013388612,0.03333333,0.0,0.0,Dec,2,2,1,1,Returning_Visitor,False,False
0.0,0.0,0.0,0.0,27.0,795.0257,0.0,0.023048108,0.0,0.0,Dec,2,2,9,2,Returning_Visitor,False,False
3.0,123.03014,0.0,0.0,27.0,703.6066,0.0,0.019030847,0.0,0.0,Dec,1,1,3,2,Returning_Visitor,False,False
6.0,142.06517,0.0,0.0,41.51706,806.2594,0.0,0.016246011,0.0,0.0,Dec,2,2,1,2,Returning_Visitor,False,False
0.0,0.0,0.0,0.0,26.0,1035.7561,0.0077716704,0.030194348,0.0,0.0,Dec,4,2,9,13,Returning_Visitor,False,False
2.0,51.061966,0.0,0.0,17.0,581.21765,0.015377192,0.033318188,0.0,0.0,Nov,4,2,1,2,Returning_Visitor,False,False
0.0,0.0,0.0,0.0,27.0,651.82544,0.02715086,0.047982078,0.0,0.0,Dec,1,2,4,1,Returning_Visitor,False,False
0.0,0.0,0.0,0.0,14.244222,260.44366,0.0,0.020007042,0.0,0.0,Nov,4,2,1,3,Returning_Visitor,False,False
2.0,22.93116,0.0,0.0,15.0,593.0916,0.0,0.02855711,0.0,0.0,Nov,2,2,1,1,Returning_Visitor,False,False
0.0,0.0,0.0,0.0,22.0,493.595,0.0,0.025,0.0,0.0,Dec,2,2,1,3,Returning_Visitor,False,False
0.0,0.0,0.0,0.0,14.0,311.2365,0.0,0.04,0.0,0.0,Dec,2,2,1,2,Returning_Visitor,False,False
2.0,38.357094,0.0,0.0,21.799232,979.5401,0.0,0.016666668,0.0,0.0,Nov,2,2,9,2,Returning_Visitor,False,False
0.0,0.0,0.0,0.0,26.0,476.16922,0.0,0.02246193,0.0,0.0,Dec,1,1,1,2,Returning_Visitor,False,False
0.0,0.0,0.0,0.0,16.0,336.57535,0.0,0.02683882,0.0,0.0,Nov,2,7,1,3,Returning_Visitor,False,False
3.0,68.43231,0.0,0.0,43.0,673.52167,0.0045131184,0.022796357,0.0,0.0,Aug,2,2,1,1,Returning_Visitor,False,False
0.0,0.0,0.0,0.0,49.0,1709.5167,0.005324394,0.020774215,0.0,0.0,Aug,2,4,1,2,Returning_Visitor,False,False
4.0,109.34644,0.0,0.0,36.0,963.9936,0.0,0.0139248585,0.0,0.0,Dec,2,2,1,9,New_Visitor,False,False
0.0,0.0,0.0,0.0,3.0,65.315956,0.0,0.06666667,0.0,0.0,Dec,2,2,1,3,Returning_Visitor,False,False
1.0,29.482822,0.0,0.0,28.0,944.4961,0.0,0.022164036,0.0,0.0,Dec,2,2,1,1,Returning_Visitor,False,False
0.0,0.0,0.0,0.0,19.0,376.70972,0.0051376796,0.024556754,0.0,0.0,Nov,1,2,1,3,Returning_Visitor,False,False
0.0,0.0,0.0,0.0,39.735622,702.7503,0.0,0.015326962,0.0,0.0,Jul,2,2,3,9,Returning_Visitor,False,False
0.0,0.0,0.0,0.0,27.040653,630.5102,0.0,0.015384615,0.0,0.0,Dec,2,2,1,2,Returning_Visitor,False,True
3.0,59.81333,0.0,0.0,88.30841,2863.324,0.005850938,0.015736956,0.0,0.0,Aug,2,2,1,13,Returning_Visitor,False,False
0.0,0.0,0.0,0.0,13.0,262.412,0.00663033,0.05,0.0,0.0,Dec,2,2,6,3,Returning_Visitor,False,False
0.0,0.0,0.0,0.0,11.360518,238.41748,0.017273102,0.04437632,0.0,0.0,Dec,3,2,1,8,Returning_Visitor,False,False
0.0,0.0,0.0,0.0,27.0,859.1135,0.0,0.01818461,9.433454,0.0,Aug,2,2,7,1,Returning_Visitor,False,False
0.0,0.0,0.0,0.0,26.0,566.5632,0.0,0.025,0.0,0.0,Dec,1,1,7,15,Returning_Visitor,False,False
0.0,0.0,0.0,0.0,25.0,530.2398,0.0125,0.034967113,0.0,0.0,Mar,2,2,1,13,Returning_Visitor,False,False
0.0,0.0,0.0,0.0,15.0,288.27255,0.0,0.039442204,0.0,0.0,Nov,2,2,1,3,Returning_Visitor,False,False
0.0,0.0,0.0,0.0,21.0,444.6498,0.00339112,0.028563887,0.0,0.0,Dec,2,2,9,1,Returning_Visitor,False,False
0.0,0.0,0.0,0.0,24.0,524.10315,0.0075056134,0.035550732,0.0,0.0,Nov,1,2,1,2,Returning_Visitor,False,False
5.0,84.330635,0.0,0.0,35.0,710.47626,0.0,0.013720802,0.0,0.0,Dec,2,2,1,2,Returning_Visitor,False,False
0.0,0.0,0.0,0.0,45.640095,2016.436,0.0054831747,0.029543625,0.0,0.0,Dec,2,2,1,1,Returning_Visitor,False,False
0.0,0.0,0.0,0.0,9.0,257.42038,0.0,0.02566466,0.0,0.0,Dec,3,2,2,2,Returning_Visitor,False,False
1.0,0.0,0.0,0.0,17.214977,555.4071,0.0,0.013684587,0.0,0.0,Dec,2,2,9,2,Returning_Visitor,False,False
0.0,0.0,0.0,0.0,11.0,214.7526,0.0,0.037499156,0.0,0.0,Dec,1,1,1,13,Returning_Visitor,False,False
0.0,0.0,0.0,0.0,14.557785,574.2064,0.0,0.02679113,0.0,0.0,Dec,1,4,8,3,Returning_Visitor,False,False
0.0,0.0,0.0,0.0,29.0,549.9189,0.0,0.01729346,0.0,0.0,Nov,2,2,4,2,Returning_Visitor,False,False
0.0,0.0,0.0,0.0,24.993525,702.866,0.0,0.020830533,0.0,0.0,Nov,3,2,1,2,Returning_Visitor,False,False
4.0,54.7516,0.0,0.0,35.0,913.62854,0.0,0.0125,43.645374,0.0,Nov,2,2,1,2,Returning_Visitor,False,False
0.0,0.0,0.0,0.0,11.464501,208.31631,0.0,0.02848369,0.0,0.0,May,2,8,1,3,Returning_Visitor,False,False
0.0,0.0,0.0,0.0,39.0,755.2688,0.012422218,0.030208947,0.0,0.0,Dec,2,2,4,2,Returning_Visitor,False,False
0.0,0.0,0.0,0.0,45.0,1083.3218,0.0024626092,0.023891259,0.0,0.0,Nov,2,2,1,1,Returning_Visitor,False,False
0.0,0.0,0.0,0.0,21.0,335.76096,0.0,0.04,0.0,0.0,Dec,2,2,1,3,Returning_Visitor,False,False
5.0,83.92291,2.0,89.7669,61.66782,2331.5854,0.012789008,0.028571429,0.0,0.0,Dec,4,2,1,2,Returning_Visitor,False,False
3.0,62.57175,0.0,0.0,39.0,752.0698,0.0,0.011954531,0.0,0.0,Dec,4,1,1,1,Returning_Visitor,False,False
3.0,92.089,0.0,0.0,12.0,315.08105,0.0,0.01617077,0.0,0.0,Dec,1,1,3,2,Returning_Visitor,False,False
0.0,0.0,0.0,0.0,12.0,323.8331,0.0,0.02,0.0,0.0,Nov,2,2,4,2,Returning_Visitor,False,False
0.0,0.0,0.0,0.0,9.0,267.9347,0.0,0.040977534,0.0,0.0,Dec,2,2,1,1,Returning_Visitor,False,False
0.0,0.0,0.0,0.0,23.0,647.73596,0.022222223,0.044444446,0.0,0.0,Dec,4,2,1,3,Returning_Visitor,False,False
2.0,55.57761,0.0,0.0,38.0,1462.9077,0.0,0.017353296,9.751961,0.0,Jul,2,2,7,3,Returning_Visitor,False,False
2.0,18.153566,0.0,0.0,27.0,612.9383,0.009740604,0.028571429,0.0,0.0,Nov,2,2,1,1,Returning_Visitor,False,False
3.0,59.694225,0.0,0.0,36.0,923.6206,0.0077089192,0.022222223,0.0,0.0,Nov,1,1,9,2,Returning_Visitor,False,False
0.0,0.0,0.0,0.0,24.0,558.5621,0.0,0.021876931,0.0,0.0,Aug,1,1,1,2,Returning_Visitor,True,True
4.0,100.19871,0.0,0.0,43.382786,1213.493,0.0,0.021751981,13.39537,0.0,Dec,2,2,1,1,Returning_Visitor,False,False
0.0,0.0,0.0,0.0,24.0,540.66205,0.001980254,0.024156168,0.0,0.0,Nov,1,2,1,3,Returning_Visitor,False,False
0.0,0.0,0.0,0.0,25.0,1075.7832,0.0105754435,0.032362662,0.0,0.0,Dec,2,2,1,1,Returning_Visitor,False,False
0.0,0.0,0.0,0.0,23.775837,688.6282,0.018181818,0.038652524,0.0,0.0,Dec,4,2,1,1,Returning_Visitor,False,False
0.0,0.0,0.0,0.0,26.0,334.43475,0.006932246,0.029312123,0.0,0.0,Dec,4,2,9,2,Returning_Visitor,False,False
0.0,0.0,0.0,0.0,22.0,506.5665,0.019906353,0.044444446,0.0,0.0,Nov,2,2,1,1,Returning_Visitor,False,False
2.0,81.74119,0.0,0.0,22.0,645.0097,0.0,0.0125,0.0,0.0,Nov,3,2,1,13,Returning_Visitor,True,False
0.0,0.0,0.0,0.0,26.0,445.24353,0.008180105,0.019283991,0.0,0.0,Dec,1,2,1,2,Returning_Visitor,False,False
3.0,81.60674,0.0,0.0,52.0,1965.3925,0.0,0.01356001,10.046373,0.0,Nov,2,2,4,2,Returning_Visitor,False,False
0.0,0.0,0.0,0.0,29.020945,951.22845,0.009993213,0.027624581,0.0,0.0,Dec,2,2,8,1,Returning_Visitor,False,False
3.0,40.293766,0.0,0.0,26.0,566.77905,0.0,0.0106504755,0.0,0.0,Sep,2,2,9,2,New_Visitor,False,False
0.0,0.0,0.0,0.0,3.0,0.0,0.2,0.2,0.0,0.0,Aug,3,2,4,1,Returning_Visitor,False,False
6.0,227.35872,1.6430502,56.904797,41.0,1604.1266,0.0,0.02056637,7.604713,0.0,Dec,2,2,1,2,Returning_Visitor,False,False
3.0,41.029182,0.0,0.0,21.0,605.0286,0.0,0.020991651,0.0,0.0,Dec,2,2,1,13,Returning_Visitor,False,False
0.0,0.0,0.0,0.0,26.0,671.3009,0.0,0.025316421,0.0,0.0,Dec,2,2,1,2,Returning_Visitor,False,False
0.0,0.0,0.0,0.0,24.0,680.3092,0.0,0.014393425,0.0,0.0,Dec,1,1,3,13,Returning_Visitor,False,False
3.0,91.379234,0.0,0.0,54.534477,1721.9052,0.0,0.0125,20.253883,0.0,Aug,1,1,4,1,Returning_Visitor,False,False
0.0,0.0,0.0,0.0,8.0,247.04922,0.0,0.035491258,8.416185,0.0,Nov,2,2,8,13,Returning_Visitor,False,True
0.0,0.0,0.0,0.0,41.0,1053.9385,0.011833552,0.028462145,0.0,0.0,Dec,2,2,6,13,Returning_Visitor,False,False
0.0,0.0,0.0,0.0,31.0,1039.5746,0.006326057,0.021832533,0.0,0.0,Aug,2,2,7,2,Returning_Visitor,False,False
2.0,22.509897,0.0,0.0,29.0,627.45953,0.0,0.016063178,0.0,0.0,Mar,3,2,1,3,Returning_Visitor,False,False
0.0,0.0,0.0,0.0,19.0,728.9109,0.0,0.015406594,0.0,0.0,Dec,2,2,1,1,Returning_Visitor,False,False
0.0,0.0,0.0,0.0,18.0,267.61124,0.0125,0.04,0.0,0.0,Dec,1,1,1,1,Returning_Visitor,False,False
0.0,0.0,0.0,0.0,27.0,679.02,0.022557287,0.05,0.0,0.0,Dec,2,2,1,1,Returning_Visitor,False,False
3.0,45.072998,0.0,0.0,20.0,603.226,0.0,0.01817269,0.0,0.0,Aug,2,2,8,13,Returning_Visitor,False,False
0.0,0.0,0.0,0.0,22.0,433.90536,0.0,0.02,0.0,0.0,Dec,1,2,1,2,Returning_Visitor,False,False
0.0,0.0,0.0,0.0,8.0,203.13786,0.0,0.025,0.0,0.0,Dec,2,2,2,8,Returning_Visitor,False,False
0.0,0.0,0.0,0.0,11.628609,519.34735,0.0,0.035565317,0.0,0.0,Dec,2,2,7,2,Returning_Visitor,False,False
3.1167798,60.863876,0.0,0.0,24.091278,790.28815,0.011600758,0.030082796,0.0,0.0,Nov,1,4,7,9,Returning_Visitor,False,False
0.0,0.0,0.0,0.0,30.887663,686.9635,0.0,0.021762408,0.0,0.0,Nov,2,4,1,3,Returning_Visitor,False,False
4.0,87.02104,0.0,0.0,44.0,1083.0695,0.0,0.012702337,0.0,0.0,Dec,2,2,1,2,Returning_Visitor,False,False
3.0,62.768528,0.0,0.0,44.0,1470.5576,0.001851339,0.022015102,8.571962,0.0,Nov,2,2,7,1,Returning_Visitor,False,False
0.0,0.0,0.0,0.0,26.0,694.26556,0.011837581,0.04,0.0,0.0,Dec,2,1,1,1,Returning_Visitor,False,False
0.0,0.0,0.0,0.0,41.249756,1495.8287,0.0,0.012373443,0.0,0.0,Dec,2,4,1,2,Returning_Visitor,False,False
0.0,0.0,0.0,0.0,22.0,524.61346,0.0,0.028571429,0.0,0.0,Dec,2,2,3,2,Returning_Visitor,False,False
4.0,85.153206,0.0,0.0,8.0,315.34787,0.0,0.0125,0.0,0.0,Dec,2,2,7,9,New_Visitor,False,False
3.0,55.993782,0.0,0.0,28.0,1358.2325,0.0,0.023687504,0.0,0.0,Dec,2,2,1,13,Returning_Visitor,False,False
2.0,75.64991,0.0,0.0,28.0077,622.96063,0.0,0.023287838,0.0,0.0,Dec,2,2,1,2,Returning_Visitor,False,False
0.0,0.0,0.0,0.0,21.0,465.5659,0.0074819797,0.030080637,0.0,0.0,Nov,1,1,4,2,Returning_Visitor,False,False
3.0,65.740685,0.0,0.0,41.042652,1125.0667,0.01060772,0.029110719,0.0,0.0,Dec,4,2,6,1,Returning_Visitor,False,False
0.0,0.0,0.0,0.0,18.0,308.2402,0.0031135827,0.039418627,0.0,0.0,Dec,2,2,1,1,Returning_Visitor,False,False
0.0,0.0,0.0,0.0,16.0,390.33206,0.0,0.015472438,0.0,0.0,Aug,3,2,3,2,Returning_Visitor,False,False
0.0,0.0,0.0,0.0,15.0,239.56647,0.0,0.038035337,0.0,0.0,Jul,2,2,9,3,Returning_Visitor,False,False
3.0,45.240593,0.0,0.0,45.0,1467.5839,0.0,0.012496394,0.0,0.0,Dec,2,2,4,1,Returning_Visitor,False,False
0.0,0.0,0.0,0.0,26.968948,565.0616,0.0044303704,0.025787653,0.0,0.0,Nov,2,2,6,9,Returning_Visitor,False,False
1.0,0.0,0.0,0.0,15.0,671.6839,0.0,0.026736153,0.0,0.0,Nov,2,4,1,9,Returning_Visitor,False,False
4.0,199.23727,0.0,0.0,30.284752,635.0139,0.0,0.012940071,0.0,0.0,Mar,4,1,1,2,Returning_Visitor,False,False
0.0,0.0,0.0,0.0,19.0,398.51816,0.0,0.028494999,0.0,0.0,Dec,2,2,1,1,Returning_Visitor,False,False
0.0,0.0,0.0,0.0,25.0,680.3549,0.013333333,0.03033937,0.0,0.0,Nov,4,2,4,2,Returning_Visitor,False,False
4.0,86.09698,0.0,0.0,28.0,1083.9957,0.013666545,0.031563945,0.0,0.0,Jul,2,2,1,13,Returning_Visitor,False,False
1.0,0.0,0.0,0.0,17.0,645.47485,0.019141069,0.042902138,0.0,0.0,Mar,4,4,2,1,Returning_Visitor,False,False
0.0,0.0,0.0,0.0,15.0,465.50476,0.0,0.017835299,0.0,0.0,Dec,2,4,7,3,Returning_Visitor,False,False
0.0,0.0,0.0,0.0,20.25947,570.5563,0.0,0.02395334,0.0,0.0,Nov,4,1,7,2,Returning_Visitor,False,False
2.0,42.663177,0.0,0.0,20.0,641.6657,0.0,0.01177351,0.0,0.0,Jul,2,2,1,13,New_Visitor,False,False
0.0,0.0,0.0,0.0,29.0,951.2569,0.013333333,0.039984792,0.0,0.0,Aug,2,2,1,2,Returning_Visitor,False,False
3.0,60.736786,0.0,0.0,17.422213,486.81113,0.0,0.016067995,0.0,0.0,Aug,2,2,6,2,Returning_Visitor,False,False
3.0,42.20448,0.0,0.0,37.30002,703.6845,0.00021379726,0.019670948,0.0,0.0,Nov,2,2,1,3,Returning_Visitor,False,False
0.0,0.0,0.0,0.0,27.0,1032.2339,0.0071753175,0.025,0.0,0.0,Dec,2,2,3,2,Returning_Visitor,False,False
0.0,0.0,0.0,0.0,21.0,638.8788,0.0,0.025,0.0,0.0,Aug,2,4,9,2,Returning_Visitor,False,False
0.0,0.0,0.0,0.0,11.0,269.21518,0.0,0.029147884,0.0,0.0,Nov,1,1,1,3,Returning_Visitor,False,False
2.0,27.192629,0.0,0.0,17.570251,381.2104,0.0,0.025,0.0,0.0,Nov,2,2,7,8,Returning_Visitor,False,False
0.0,0.0,0.0,0.0,17.0,290.9695,0.0,0.018177832,0.0,0.0,May,2,2,1,3,Returning_Visitor,False,False
0.0,0.0,0.0,0.0,28.0,668.9159,0.0,0.012491609,0.0,0.0,Sep,4,2,1,1,Returning_Visitor,False,False
0.0,0.0,0.0,0.0,19.0,571.37213,0.0,0.014285714,0.0,0.0,May,2,2,7,2,Returning_Visitor,False,False
0.0,0.0,0.0,0.0,24.0,553.6162,0.011111111,0.03333333,0.0,0.0,Dec,2,2,6,3,Returning_Visitor,False,False
0.0,0.0,0.0,0.0,24.0,782.0475,0.0,0.013090986,0.0,0.0,Dec,1,4,6,2,Returning_Visitor,False,False
5.5694833,130.77574,0.0,0.0,128.8128,3680.8184,0.0047807475,0.0193382,0.0,0.0,Nov,2,2,1,1,Returning_Visitor,False,False
3.0,50.018703,0.0,0.0,36.0,648.9814,0.00510401,0.026016809,0.0,0.0,Dec,2,2,4,13,Returning_Visitor,False,False
0.0,0.0,0.0,0.0,25.0,517.38684,0.0,0.019634144,0.0,0.0,Dec,4,2,1,2,Returning_Visitor,False,False
1.0,18.017544,0.0,0.0,8.724632,196.39497,0.0,0.034123745,0.0,0.0,Mar,1,1,9,1,Returning_Visitor,False,False
0.0,0.0,0.0,0.0,12.0,273.31253,0.0,0.021833124,0.0,0.0,Dec,2,2,1,3,Returning_Visitor,False,False
0.0,0.0,0.0,0.0,25.217188,615.8812,0.0,0.013246466,6.5057936,0.0,Dec,2,2,1,2,Returning_Visitor,False,False
3.0,50.821617,0.0,0.0,28.4427,655.7958,0.0125,0.027264444,0.0,0.0,May,4,2,1,3,Returning_Visitor,False,False
0.0,0.0,0.0,0.0,40.0,970.4983,0.009029477,0.023652097,0.0,0.0,Aug,1,1,1,2,Returning_Visitor,False,False
0.0,0.0,0.0,0.0,50.88773,2334.5576,0.0,0.02127988,0.0,0.0,Nov,2,2,1,1,Returning_Visitor,False,False
0.0,0.0,0.0,0.0,25.0,739.65936,0.0,0.025280707,0.0,0.0,Nov,2,2,4,9,Returning_Visitor,True,False
0.0,0.0,0.0,0.0,18.0,421.54288,0.025,0.05,0.0,0.0,Dec,2,2,3,1,Returning_Visitor,False,False
0.0,0.0,0.0,0.0,26.0,490.88992,0.0030176823,0.030987859,0.0,0.0,Dec,2,2,1,9,Returning_Visitor,False,False
0.0,0.0,0.0,0.0,18.0,341.1073,0.012843365,0.04,0.0,0.0,Aug,1,2,1,1,Returning_Visitor,False,False
0.0,0.0,0.0,0.0,29.333208,838.26654,0.0,0.027153427,0.0,0.0,Nov,2,2,4,3,Returning_Visitor,False,False
0.0,0.0,0.0,0.0,17.0,608.36414,0.0,0.025,0.0,0.0,Nov,2,2,4,13,Returning_Visitor,False,True
0.0,0.0,0.0,0.0,42.0,946.5351,0.0125,0.031290114,0.0,0.0,Nov,2,2,3,1,Returning_Visitor,False,False
0.0,0.0,0.0,0.0,18.0,549.18274,0.0,0.030003978,0.0,0.0,Jul,2,2,1,1,Returning_Visitor,False,False
2.0,13.169527,0.0,0.0,44.0,1565.9603,0.007792467,0.02947681,0.0,0.0,Jul,4,2,9,1,Returning_Visitor,False,False
0.0,0.0,0.0,0.0,8.0,254.43285,0.06666667,0.09185605,0.0,0.0,Nov,1,1,6,1,Returning_Visitor,False,False
4.0,53.410873,0.0,0.0,43.80317,829.582,0.0,0.01587092,0.0,0.0,Nov,2,2,1,13,Returning_Visitor,False,False
2.0,60.1238,0.0,0.0,46.82245,2203.7664,0.0,0.011111111,17.70846,0.0,Aug,2,2,1,2,Returning_Visitor,False,True
8.0,141.99571,3.0,70.409775,128.7952,4010.6865,0.004497005,0.017583022,0.0,0.0,Nov,2,2,3,2,Returning_Visitor,False,False
0.0,0.0,0.0,0.0,11.0,298.19525,0.0,0.03333333,0.0,0.0,Dec,2,4,1,8,Returning_Visitor,False,False
2.0,40.44356,0.0,0.0,21.0,603.69434,0.015384615,0.03820489,0.0,0.0,Aug,3,2,1,2,Returning_Visitor,False,False
0.0,0.0,0.0,0.0,17.0,531.6137,0.0,0.027305743,0.0,0.0,Dec,2,2,4,13,Returning_Visitor,False,False
0.0,0.0,0.0,0.0,14.9809885,443.21695,0.0,0.01956064,0.0,0.0,Nov,4,2,4,2,Returning_Visitor,False,False
2.0,29.71801,0.0,0.0,18.0,936.641,0.0,0.02219695,0.0,0.0,Dec,2,2,6,9,Returning_Visitor,False,False
3.0,67.256096,0.0,0.0,33.0,856.23193,0.008284548,0.020979319,0.0,0.0,Aug,3,2,1,2,Returning_Visitor,False,False
0.0,0.0,0.0,0.0,20.0,512.5003,0.0,0.025,0.0,0.0,Dec,2,2,1,9,Returning_Visitor,False,False
0.0,0.0,0.0,0.0,4.044388,125.982925,0.0,0.056491233,0.0,0.0,Dec,1,1,1,3,Returning_Visitor,False,False
3.0,83.06831,0.0,0.0,11.0,294.08453,0.0,0.009087275,0.0,0.0,Nov,3,2,7,13,New_Visitor,False,False
2.0,64.53755,0.0,0.0,13.0,221.1306,0.0,0.020736458,0.0,0.0,Dec,1,2,9,2,Returning_Visitor,False,False
0.0,0.0,0.0,0.0,28.0,642.7665,0.0,0.025007257,0.0,0.0,Dec,1,1,7,2,Returning_Visitor,False,False
4.0,103.45054,0.0,0.0,39.647633,1247.3636,0.00717024,0.026543405,0.0,0.0,Dec,2,4,2,1,Returning_Visitor,False,False
0.0,0.0,0.0,0.0,17.0,561.5854,0.0,0.027399832,0.0,0.0,Dec,2,2,1,1,Returning_Visitor,False,False
2.0,31.863205,0.0,0.0,10.0,270.41675,0.0,0.025,0.0,0.0,Nov,2,2,3,1,Returning_Visitor,False,False
2.0,39.063225,0.0,0.0,32.20276,660.0207,0.0015969891,0.019818677,11.884601,0.0,Dec,2,2,1,1,Returning_Visitor,False,False
0.0,0.0,0.0,0.0,19.0,377.6467,0.0,0.02,0.0,0.0,Aug,2,4,7,2,Returning_Visitor,False,False
1.0,14.963736,0.0,0.0,14.0,493.69885,0.0,0.017120643,0.0,0.0,Nov,1,2,1,8,Returning_Visitor,False,False
5.0,113.34833,2.0,93.644615,61.971004,2169.851,0.0062287278,0.018181818,10.6777525,0.0,Dec,2,2,1,1,Returning_Visitor,False,False
2.0,17.09766,0.0,0.0,31.264893,786.0719,0.008605784,0.026196081,0.0,0.0,Dec,2,2,1,2,Returning_Visitor,False,False
0.0,0.0,0.0,0.0,9.0,635.50244,0.037645895,0.06666667,0.0,0.0,Nov,2,2,3,13,Returning_Visitor,False,False
0.0,0.0,0.0,0.0,22.0,620.50806,0.0,0.016372355,0.0,0.0,Nov,2,2,1,2,Returning_Visitor,False,False
0.0,0.0,0.0,0.0,46.0,1497.7405,0.0036625918,0.02215873,17.663942,0.0,Dec,2,2,1,2,Returning_Visitor,False,False
2.0,48.633526,0.0,0.0,38.911793,679.7099,0.0097719105,0.02592283,0.0,0.0,Nov,2,2,7,1,Returning_Visitor,False,False
0.0,0.0,0.0,0.0,27.0,649.072,0.0,0.011821686,0.0,0.0,Dec,2,2,1,1,Returning_Visitor,False,True
0.0,0.0,0.0,0.0,23.9556,574.8531,0.016666668,0.044646095,0.0,0.0,Dec,1,1,3,3,Returning_Visitor,False,False
4.0,64.655174,0.0,0.0,37.0,1040.4193,0.0,0.020710401,0.0,0.0,Nov,2,2,3,1,Returning_Visitor,False,False
0.0,0.0,0.0,0.0,11.0,182.73671,0.0,0.0310542,0.0,0.0,Dec,2,2,4,2,Returning_Visitor,False,False
0.0,0.0,0.0,0.0,6.0,97.02098,0.0,0.043399766,0.0,0.0,Dec,2,2,4,1,Returning_Visitor,False,False
0.0,0.0,0.0,0.0,15.489642,244.33743,0.005670877,0.0458151,0.0,0.0,Aug,4,8,1,1,Returning_Visitor,False,False
3.0,85.75268,0.0,0.0,24.326382,869.2438,0.0074203815,0.02,0.0,0.0,Aug,4,2,4,2,Returning_Visitor,False,False
3.0,59.87022,0.0,0.0,24.0,919.04895,0.0026078892,0.020934133,0.0,0.0,Aug,1,2,1,13,Returning_Visitor,False,False
4.0,68.950615,0.0,0.0,36.0,619.2863,0.007692308,0.02334643,0.0,0.0,Dec,2,2,1,1,Returning_Visitor,False,False
0.0,0.0,0.0,0.0,27.499376,558.1069,0.00854912,0.011246521,0.0,0.0,Aug,1,2,9,2,Returning_Visitor,False,False
0.0,0.0,0.0,0.0,41.038692,2004.9042,0.0,0.018181818,39.728085,0.0,Aug,2,2,1,13,Returning_Visitor,False,True
0.0,0.0,0.0,0.0,10.267021,147.55553,0.0,0.025817027,0.0,0.0,Dec,2,2,7,2,Returning_Visitor,False,False
0.0,0.0,0.0,0.0,13.0,239.89308,0.011758993,0.047864083,0.0,0.0,May,3,2,1,3,Returning_Visitor,False,False
0.0,0.0,0.0,0.0,32.0,907.1489,0.003337365,0.021417322,0.0,0.0,Nov,2,2,1,2,Returning_Visitor,False,True
4.0,105.84653,0.0,0.0,46.512283,1527.0568,0.0069861817,0.020385312,361.76373,0.0,Sep,2,2,1,2,Returning_Visitor,False,False
0.0,0.0,0.0,0.0,22.0,678.46497,0.009950727,0.027787186,0.0,0.0,Mar,2,2,9,1,Returning_Visitor,True,False
3.0,58.620586,0.0,0.0,30.16861,639.357,0.0,0.01893994,0.0,0.0,Dec,2,2,1,3,Returning_Visitor,False,False
0.0,0.0,0.0,0.0,29.562471,1264.041,0.013333333,0.023276689,0.0,0.0,Aug,3,2,8,13,Returning_Visitor,False,False
3.0,93.183044,0.0,0.0,23.0,608.1205,0.013794813,0.03333333,0.0,0.0,Nov,4,2,7,3,Returning_Visitor,False,False
3.0,45.394917,0.0,0.0,30.0,692.83905,0.0,0.018164108,0.0,0.0,Dec,2,2,1,2,Returning_Visitor,False,False
0.0,0.0,0.0,0.0,15.0,388.15555,0.0,0.026734233,0.0,0.0,Nov,2,2,1,2,Returning_Visitor,False,True
3.0,67.81614,0.0,0.0,28.866003,753.58307,0.0,0.017285787,0.0,0.0,Dec,3,2,4,2,Returning_Visitor,False,False
3.0,74.65393,0.0,0.0,25.0,595.6984,0.005893608,0.016666668,0.0,0.0,Dec,2,2,1,2,Returning_Visitor,False,False
0.0,0.0,0.0,0.0,25.0,530.1163,0.0,0.025,0.0,0.0,Nov,1,2,4,1,Returning_Visitor,False,False
0.0,0.0,0.0,0.0,21.0,749.90076,0.018181818,0.03850037,0.0,0.0,Mar,2,2,4,1,Returning_Visitor,False,False
2.0,53.467903,0.0,0.0,31.0,613.25336,0.011456638,0.02367547,0.0,0.0,Dec,3,2,7,3,Returning_Visitor,False,False
3.0,37.279797,0.0,0.0,31.0,1032.7701,0.0,0.018163858,0.0,0.0,Dec,2,4,4,13,Returning_Visitor,False,False
0.0,0.0,0.0,0.0,7.0,398.5213,0.040332336,0.06666667,0.0,0.0,Nov,1,1,4,2,Returning_Visitor,False,False
0.0,0.0,0.0,0.0,22.866358,498.15298,0.020614104,0.05,0.0,0.0,Dec,4,2,1,2,Returning_Visitor,False,False
2.0,32.261395,0.0,0.0,20.691269,561.4284,0.014288427,0.03333333,0.0,0.0,Aug,2,2,7,13,Returning_Visitor,False,False
0.0,0.0,0.0,0.0,21.131819,670.9461,0.0,0.021610253,0.0,0.0,Mar,2,2,3,1,Returning_Visitor,False,False
0.0,0.0,0.0,0.0,4.0,92.83328,0.0,0.04852878,0.0,0.0,Jul,2,2,1,1,Returning_Visitor,False,False
3.0,66.924255,0.0,0.0,36.0,596.93524,0.005610781,0.022041405,361.76373,0.0,Dec,2,2,1,1,Returning_Visitor,False,False
0.0,0.0,0.0,0.0,15.0,244.77705,0.026900813,0.05721604,0.0,0.0,Nov,2,2,1,1,Returning_Visitor,False,False
0.0,0.0,0.0,0.0,27.0,694.68,0.0,0.02,0.0,0.0,Dec,2,4,1,1,Returning_Visitor,False,False
5.0,131.54308,0.0,0.0,35.0,809.33203,0.007964012,0.03333333,0.0,0.0,Dec,2,2,6,1,Returning_Visitor,False,False
3.0,60.986282,0.0,0.0,24.0,470.27618,0.0,0.010717985,0.0,0.0,Dec,1,4,1,2,Returning_Visitor,False,False
0.0,0.0,0.0,0.0,30.0,954.6666,0.0054774946,0.026033634,0.0,0.0,Dec,2,4,4,1,Returning_Visitor,False,False
2.0,45.55069,0.0,0.0,63.664875,2106.4634,0.0054101734,0.022700334,0.0,0.0,Aug,2,2,3,1,Returning_Visitor,False,False
0.0,0.0,0.0,0.0,23.970444,690.88116,0.02341722,0.03904217,0.0,0.0,Dec,3,2,1,1,Returning_Visitor,False,False
0.0,0.0,0.0,0.0,27.0,722.5142,0.0,0.022132155,0.0,0.0,Dec,3,2,7,2,Returning_Visitor,False,False
0.0,0.0,0.0,0.0,12.357985,161.27588,0.0,0.026405519,0.0,0.0,Nov,2,2,9,8,Returning_Visitor,False,False
3.0,42.08015,0.0,0.0,18.0,566.6404,0.0,0.016780753,0.0,0.0,Nov,2,2,1,13,Returning_Visitor,False,False
2.0,35.391838,0.0,0.0,32.597942,945.1207,0.0,0.017198525,0.0,0.0,Aug,4,4,7,3,Returning_Visitor,False,False
0.0,0.0,0.0,0.0,31.0,930.6508,0.008215424,0.03557279,0.0,0.0,Dec,2,2,1,8,Returning_Visitor,False,False
3.0,61.570484,2.0,74.9832,60.0,2263.7644,0.005756907,0.01904161,8.3309,0.0,Nov,2,2,4,2,Returning_Visitor,False,False
0.0,0.0,0.0,0.0,29.0,631.50244,0.007430808,0.020519812,0.0,0.0,Dec,4,2,1,2,Returning_Visitor,False,False
0.0,0.0,0.0,0.0,10.0,280.19196,0.0,0.025550505,0.0,0.0,May,2,2,1,2,Returning_Visitor,False,False
0.0,0.0,0.0,0.0,36.0,1046.0034,0.007376621,0.027165994,0.0,0.0,Nov,2,5,1,1,Returning_Visitor,False,True
0.0,0.0,0.0,0.0,20.0,652.778,0.0101623805,0.030284986,0.0,0.0,Dec,2,4,1,13,Returning_Visitor,False,False
0.0,0.0,0.0,0.0,16.0,290.78754,0.0,0.034987673,0.0,0.0,Dec,2,2,2,3,Returning_Visitor,False,False
3.0,55.66629,0.0,0.0,45.738308,2085.5303,0.006340865,0.023482919,0.0,0.0,Aug,2,2,1,2,Returning_Visitor,False,False
0.0,0.0,0.0,0.0,47.0,1475.4365,0.006068343,0.022297796,17.144615,0.0,Dec,4,1,4,2,Returning_Visitor,False,True
0.0,0.0,0.0,0.0,23.0,546.35333,0.0,0.015609562,0.0,0.0,Nov,2,2,2,2,New_Visitor,False,False
2.0,43.79384,0.0,0.0,35.0,1097.5035,0.011111686,0.022222223,0.0,0.0,Dec,3,2,6,2,Returning_Visitor,True,False
0.0,0.0,0.0,0.0,8.337533,238.66675,0.0,0.024439013,0.0,0.0,Dec,4,2,7,2,Returning_Visitor,False,False
3.0,59.633595,0.0,0.0,28.0,948.6938,0.011752905,0.027116043,11.254245,0.0,Aug,1,1,2,2,Returning_Visitor,False,False
4.0,56.527054,0.0,0.0,39.0,899.7865,0.0,0.01041209,0.0,0.0,Nov,2,4,1,2,Returning_Visitor,False,True
2.0,53.946804,0.0,0.0,29.0,558.04614,0.0,0.01835352,0.0,0.0,Jul,4,1,4,1,Returning_Visitor,False,False
5.0,177.52907,0.0,0.0,36.741047,791.436,0.00512048,0.019135613,0.0,0.0,Aug,3,2,1,1,Returning_Visitor,False,False
0.0,0.0,0.0,0.0,21.0,541.4295,0.0,0.014285714,0.0,0.0,Dec,2,2,9,1,Returning_Visitor,False,False
1.0,0.0,0.0,0.0,33.21018,975.9727,0.0,0.018508628,12.980392,0.0,Dec,2,2,1,1,Returning_Visitor,False,False
0.0,0.0,0.0,0.0,7.0,176.07114,0.045651723,0.06511345,0.0,0.0,Dec,1,1,1,9,Returning_Visitor,False,False
0.0,0.0,0.0,0.0,25.0,480.94037,0.010717133,0.028579492,0.0,0.0,Aug,2,2,1,13,Returning_Visitor,False,False
0.0,0.0,0.0,0.0,9.229136,291.87112,0.0,0.02061048,0.0,0.0,Nov,2,2,1,3,Returning_Visitor,False,False
0.0,0.0,0.0,0.0,21.0,484.94052,0.025314057,0.03333333,0.0,0.0,Nov,1,2,1,9,Returning_Visitor,True,False
0.0,0.0,0.0,0.0,18.0,386.67035,0.0,0.025823608,0.0,0.0,Nov,3,2,1,3,Returning_Visitor,False,False
3.0,49.81322,0.0,0.0,24.510357,678.7,0.0,0.014285714,0.0,0.0,Jul,2,2,1,8,Returning_Visitor,False,False
0.0,0.0,0.0,0.0,17.0,439.18094,0.0,0.016601253,0.0,0.0,Nov,2,2,7,2,New_Visitor,False,False
4.0,77.63719,0.0,0.0,67.6354,1698.9218,0.002380167,0.01626822,0.0,0.0,Dec,2,8,2,2,Returning_Visitor,False,False
0.0,0.0,0.0,0.0,16.0,582.54926,0.0,0.02493154,0.0,0.0,Nov,2,2,4,9,Returning_Visitor,False,False
0.0,0.0,0.0,0.0,10.0,311.63748,0.0396922,0.06666667,0.0,0.0,Nov,2,2,1,1,Returning_Visitor,False,False
3.0,95.968735,0.0,0.0,22.0,610.35657,0.011111111,0.025,0.0,0.0,Dec,1,1,1,13,Returning_Visitor,False,False
0.0,0.0,0.0,0.0,20.0,583.501,0.026897201,0.04672488,0.0,0.0,Dec,2,2,6,1,Returning_Visitor,False,False
3.0,76.98354,0.0,0.0,40.0,1032.3085,0.0,0.016666668,0.0,0.0,Dec,1,2,1,2,Returning_Visitor,False,False
2.0,35.82375,0.0,0.0,43.17085,816.7731,0.0,0.0147337075,0.0,0.0,Dec,1,2,7,3,Returning_Visitor,False,False
4.0,129.56699,0.0,0.0,33.0,885.8575,0.0,0.021275334,0.0,0.0,Jul,2,2,1,2,Returning_Visitor,False,False
0.0,0.0,0.0,0.0,25.0,559.5014,0.007161793,0.026279788,0.0,0.0,Dec,1,1,1,8,Returning_Visitor,False,False
0.0,0.0,0.0,0.0,25.487986,764.44385,0.0,0.017189404,0.0,0.0,Nov,1,2,1,2,Returning_Visitor,False,False
0.0,0.0,0.0,0.0,20.0,332.4239,0.0,0.035700276,0.0,0.0,Dec,1,1,3,1,Returning_Visitor,False,False
0.0,0.0,0.0,0.0,13.919897,416.2391,0.0,0.029563418,0.0,0.0,Dec,2,2,7,1,Returning_Visitor,False,False
0.0,0.0,0.0,0.0,26.0,1081.8241,0.014908789,0.037288398,0.0,0.0,Dec,1,2,1,2,Returning_Visitor,False,False
3.0,56.004753,0.0,0.0,40.0,1580.6912,0.0,0.01052564,10.00521,0.0,Nov,2,2,2,2,Returning_Visitor,False,False
0.0,0.0,0.0,0.0,26.0,780.65106,0.0,0.021890862,0.0,0.0,Jul,2,2,4,2,Returning_Visitor,False,False
0.0,0.0,0.0,0.0,18.0,428.87903,0.012153044,0.04305002,0.0,0.0,Nov,2,2,4,2,Returning_Visitor,False,False
0.0,0.0,0.0,0.0,12.0547285,415.0154,0.03670952,0.06727969,0.0,0.0,Dec,2,8,4,3,Returning_Visitor,False,False
0.0,0.0,0.0,0.0,26.37835,764.77185,0.010027595,0.025667083,0.0,0.0,Nov,2,2,1,1,Returning_Visitor,False,False
0.0,0.0,0.0,0.0,10.0,280.92184,0.0,0.03333333,0.0,0.0,Dec,2,2,4,3,Returning_Visitor,False,False
3.0,67.626396,0.0,0.0,35.0,665.52454,0.00974637,0.026459232,0.0,0.0,Dec,2,2,6,1,Returning_Visitor,False,False
2.0,23.698225,0.0,0.0,8.0,116.106155,0.028571429,0.05,0.0,0.0,Nov,2,2,7,3,Returning_Visitor,False,False
4.0,116.62862,0.0,0.0,25.0,581.14325,0.008878055,0.022435594,0.0,0.0,Dec,3,2,9,2,Returning_Visitor,False,False
3.0,65.90668,0.0,0.0,26.0,607.73865,0.019817706,0.035752736,0.0,0.0,Nov,3,4,1,13,Returning_Visitor,True,False
0.0,0.0,0.0,0.0,43.984226,1557.1805,0.012753501,0.03355423,0.0,0.0,Dec,2,2,1,1,Returning_Visitor,False,False
0.0,0.0,0.0,0.0,23.0,473.91003,0.012205872,0.04,0.0,0.0,Dec,2,2,1,13,Returning_Visitor,False,False
3.0,84.19049,0.0,0.0,22.0,433.0697,0.0,0.024173444,0.0,0.0,Nov,1,1,1,2,Returning_Visitor,False,False
0.0,0.0,0.0,0.0,2.0,0.0,0.2,0.2,0.0,0.0,Nov,4,2,1,3,Returning_Visitor,False,False
0.0,0.0,0.0,0.0,15.0,354.3446,0.0,0.03333333,0.0,0.0,Nov,2,2,7,3,Returning_Visitor,False,False
0.0,0.0,0.0,0.0,7.0,224.80681,0.0,0.03490257,0.0,0.0,Nov,2,4,1,8,Returning_Visitor,False,False
1.0,0.0,0.0,0.0,26.0,604.37,0.0,0.00795046,0.0,0.0,Dec,2,2,4,2,Returning_Visitor,False,False
0.0,0.0,0.0,0.0,26.0,730.57166,0.0,0.017873125,0.0,0.0,Dec,2,2,9,1,Returning_Visitor,False,False
1.0,0.0,0.0,0.0,46.0,963.9562,0.0,0.01978134,361.76373,0.0,Aug,2,2,2,1,Returning_Visitor,False,False
0.0,0.0,0.0,0.0,24.0,610.3594,0.0,0.022222223,0.0,0.0,Dec,2,2,1,1,Returning_Visitor,False,False
4.0,99.075455,0.0,0.0,28.0,602.6307,0.0,0.012248348,0.0,0.0,Dec,4,2,4,2,Returning_Visitor,False,False
3.0,53.69614,0.0,0.0,28.609217,1193.7766,0.0,0.01706726,0.0,0.0,Aug,2,2,1,13,Returning_Visitor,False,False
1.0,0.0,0.0,0.0,23.0,630.8113,0.0,0.02,0.0,0.0,Sep,2,2,4,1,Returning_Visitor,False,False
4.0,171.49106,0.0,0.0,36.0,1041.6802,0.010548088,0.026410567,0.0,0.0,Aug,1,2,1,2,Returning_Visitor,False,False
0.0,0.0,0.0,0.0,25.0,610.3728,0.0,0.020829916,0.0,0.0,Nov,2,2,9,2,Returning_Visitor,False,False
0.0,0.0,0.0,0.0,25.0,647.51917,0.0,0.02045274,0.0,0.0,Dec,2,2,1,2,Returning_Visitor,False,False
0.0,0.0,0.0,0.0,13.0,298.86563,0.030628456,0.05901573,0.0,0.0,Aug,3,2,4,1,Returning_Visitor,False,False
0.0,0.0,0.0,0.0,24.0,684.8292,0.015895166,0.03333333,0.0,0.0,Dec,2,2,1,3,Returning_Visitor,False,False
4.0,87.86461,0.0,0.0,24.427021,423.67493,0.0,0.009041879,0.0,0.0,May,1,1,1,2,Returning_Visitor,False,False
2.0,33.699352,0.0,0.0,36.463837,754.82733,0.0059501603,0.027446007,0.0,0.0,Jul,4,1,1,1,Returning_Visitor,False,False
0.0,0.0,0.0,0.0,10.791532,220.33093,0.0,0.037433363,0.0,0.0,Dec,2,2,1,3,Returning_Visitor,False,False
5.0,89.58675,0.0,0.0,43.0,1149.6544,0.0012188483,0.009531517,10.270263,0.0,Aug,4,2,4,2,Returning_Visitor,False,False
0.0,0.0,0.0,0.0,10.0,162.46521,0.0,0.029258095,0.0,0.0,Dec,2,2,1,9,Returning_Visitor,False,False
0.0,0.0,0.0,0.0,15.0,333.58185,0.0,0.025918579,0.0,0.0,Nov,2,2,1,1,Returning_Visitor,False,False
0.0,0.0,0.0,0.0,27.0,417.6615,0.0125,0.03143417,0.0,0.0,May,4,2,1,3,Returning_Visitor,False,False
3.0,51.71843,0.0,0.0,12.0,277.50513,0.0,0.019113101,0.0,0.0,Dec,2,2,1,2,New_Visitor,False,False
0.0,0.0,0.0,0.0,14.0,260.42188,0.0,0.03333333,0.0,0.0,Sep,2,2,1,1,Returning_Visitor,False,False
4.0,63.809353,0.0,0.0,29.0,737.99457,0.0057592764,0.022222223,0.0,0.0,Dec,2,2,1,2,Returning_Visitor,False,False
0.0,0.0,0.0,0.0,33.231026,767.1121,0.011845382,0.032526284,0.0,0.0,Nov,2,2,1,3,Returning_Visitor,False,False
0.0,0.0,0.0,0.0,29.0,630.43225,0.009570403,0.03446665,0.0,0.0,Nov,2,2,1,2,Returning_Visitor,False,False
0.0,0.0,0.0,0.0,23.0,662.54376,0.014324661,0.045831032,0.0,0.0,Nov,3,2,1,2,Returning_Visitor,False,False
2.0,25.20277,0.0,0.0,25.0,819.0368,0.01427162,0.031187579,0.0,0.0,Jul,2,2,1,1,Returning_Visitor,False,False
0.0,0.0,0.0,0.0,17.0,562.15686,0.0,0.025,0.0,0.0,Aug,2,4,7,2,Returning_Visitor,False,False
0.0,0.0,0.0,0.0,28.958815,461.1258,0.0,0.016666668,0.0,0.0,Dec,2,2,1,2,Returning_Visitor,False,False
0.0,0.0,0.0,0.0,13.0,322.6602,0.0,0.031805817,0.0,0.0,Dec,2,2,1,2,Returning_Visitor,False,False
0.0,0.0,0.0,0.0,16.558762,179.8734,0.0,0.035166916,0.0,0.0,Dec,1,1,1,3,Returning_Visitor,False,True
3.0,45.538,0.0,0.0,36.0,1159.5999,0.0,0.02166936,0.0,0.0,Aug,1,2,1,2,Returning_Visitor,False,False
0.0,0.0,0.0,0.0,37.03359,752.0839,0.0,0.020983268,0.0,0.0,Dec,2,2,4,1,Returning_Visitor,False,False
0.0,0.0,0.0,0.0,22.0,673.6402,0.0,0.031190326,0.0,0.0,Dec,2,2,1,1,Returning_Visitor,False,False
3.7419946,102.12903,0.0,0.0,33.0,623.78625,0.0,0.016666668,0.0,0.0,Dec,4,2,1,1,Returning_Visitor,False,False
2.0,42.52098,0.0,0.0,15.0,477.88812,0.0,0.013528221,0.0,0.0,Dec,2,2,1,2,New_Visitor,False,False
0.0,0.0,0.0,0.0,18.0,240.23236,0.013260864,0.036317125,0.0,0.0,Dec,1,1,1,1,Returning_Visitor,False,False
0.0,0.0,0.0,0.0,9.0,202.24307,0.0,0.0473875,0.0,0.0,Dec,2,2,1,2,Returning_Visitor,False,False
0.0,0.0,0.0,0.0,11.0,329.52527,0.03819436,0.06666667,0.0,0.0,Aug,1,1,4,3,Returning_Visitor,False,False
0.0,0.0,0.0,0.0,15.0,281.52692,0.025502613,0.048633996,0.0,0.0,Dec,3,2,8,2,Returning_Visitor,False,False
0.0,0.0,0.0,0.0,20.0,245.89389,0.004861554,0.035076246,0.0,0.0,Aug,2,2,1,3,Returning_Visitor,False,False
0.0,0.0,0.0,0.0,15.0,653.526,0.0,0.022106564,0.0,0.0,Dec,2,2,1,1,Returning_Visitor,False,False
0.0,0.0,0.0,0.0,16.0,447.58746,0.0,0.027994901,0.0,0.0,Aug,2,2,1,10,Returning_Visitor,False,False
1.0,7.402781,0.0,0.0,27.0,550.9431,0.0051132543,0.027208516,0.0,0.0,Dec,4,2,6,3,Returning_Visitor,False,False
0.0,0.0,0.0,0.0,20.325191,533.9541,0.0,0.020610293,0.0,0.0,Dec,2,2,2,8,Returning_Visitor,False,True
3.0,65.385445,0.0,0.0,31.0,869.9721,0.0,0.016666668,7.6746016,0.0,Nov,4,2,3,2,Returning_Visitor,False,False
0.0,0.0,0.0,0.0,9.0,212.01366,0.06666667,0.09218926,0.0,0.0,Aug,3,2,1,3,Returning_Visitor,False,False
0.0,0.0,0.0,0.0,29.0,685.02966,0.0,0.031402737,0.0,0.0,Dec,2,2,1,3,Returning_Visitor,False,False
0.0,0.0,0.0,0.0,17.0,399.09152,0.0,0.016660336,0.0,0.0,Aug,2,4,1,2,Returning_Visitor,False,False
0.0,0.0,0.0,0.0,30.0,1187.7549,0.0,0.025200829,0.0,0.0,Nov,2,2,1,1,Returning_Visitor,False,False
3.0,61.899136,0.0,0.0,33.0,1393.2456,0.010925655,0.030776665,0.0,0.0,Nov,2,4,2,1,Returning_Visitor,False,False
2.0,45.365196,0.0,0.0,36.0,1016.2261,0.0039954158,0.024003414,0.0,0.0,Aug,2,2,1,3,Returning_Visitor,False,False
0.0,0.0,0.0,0.0,22.0,412.41754,0.012038337,0.041759297,0.0,0.0,Nov,2,2,7,2,Returning_Visitor,False,False
2.0,33.484924,0.0,0.0,22.0,437.614,0.014551252,0.041455407,0.0,0.0,Sep,4,1,2,1,Returning_Visitor,False,False
0.0,0.0,0.0,0.0,20.0,649.32306,0.0,0.013154147,0.0,0.0,Nov,2,2,9,2,Returning_Visitor,False,False
0.0,0.0,0.0,0.0,22.0,503.95413,0.03333333,0.056693524,0.0,0.0,Dec,2,2,1,1,Returning_Visitor,False,False
3.0,60.870934,0.0,0.0,37.0,899.17883,0.0,0.021812996,0.0,0.0,Nov,2,2,1,1,Returning_Visitor,False,False
6.0,149.91554,3.0,130.60582,72.15383,3309.2488,0.0069858865,0.023985622,0.0,0.0,Nov,2,2,1,1,Returning_Visitor,False,False
0.0,0.0,0.0,0.0,45.314022,1585.2389,0.005417433,0.025,11.291307,0.0,Dec,2,2,1,1,Returning_Visitor,False,False
0.0,0.0,0.0,0.0,35.0,1242.8817,0.015379609,0.036073215,0.0,0.0,Aug,2,2,7,1,Returning_Visitor,False,False
4.0,138.35083,0.0,0.0,33.0,753.03754,0.0,0.015980778,0.0,0.0,Nov,3,2,1,2,Returning_Visitor,False,False
4.0,83.22161,3.0,169.26933,44.0,1347.0592,0.007870942,0.027247822,0.0,0.0,Dec,2,4,7,19,Returning_Visitor,False,False
0.0,0.0,0.0,0.0,22.0,583.25024,0.014238349,0.046517495,0.0,0.4,May,4,1,7,1,Returning_Visitor,False,False
3.0,66.91556,0.0,0.0,40.551277,850.0563,0.0,0.010519516,0.0,0.0,Dec,2,2,7,3,Returning_Visitor,False,False
2.0,37.182484,0.0,0.0,10.0,361.84668,0.0,0.021443391,0.0,0.0,Dec,2,2,4,2,Returning_Visitor,False,False
3.0,38.152893,0.0,0.0,25.0,466.14676,0.0,0.014565059,0.0,0.0,Dec,2,2,4,8,Returning_Visitor,False,False
0.0,0.0,0.0,0.0,27.982346,690.99457,0.013333333,0.03626324,0.0,0.0,Nov,2,2,1,13,Returning_Visitor,False,False
0.0,0.0,0.0,0.0,11.0,185.32056,0.032959145,0.06666667,0.0,0.0,Jul,2,2,1,2,Returning_Visitor,False,False
0.0,0.0,0.0,0.0,15.0,327.88672,0.028571429,0.040110618,0.0,0.0,Jul,3,2,7,1,Returning_Visitor,False,False
0.0,0.0,0.0,0.0,15.0,279.5739,0.020005435,0.046877984,0.0,0.0,Nov,2,2,3,2,Returning_Visitor,False,False
3.0,132.62375,0.0,0.0,42.147633,1131.973,0.014285714,0.027458524,0.0,0.0,Nov,1,4,1,13,Returning_Visitor,False,False
0.0,0.0,0.0,0.0,17.0,371.607,0.0,0.019704219,0.0,0.0,May,2,2,9,1,Returning_Visitor,False,False
2.0,47.37699,0.0,0.0,33.0,1490.0985,0.0,0.02144116,0.0,0.0,Nov,2,2,1,1,Returning_Visitor,False,False
4.0,96.46673,0.0,0.0,27.0,524.0059,0.016666668,0.03897772,0.0,0.0,Dec,3,2,1,13,Returning_Visitor,False,False
0.0,0.0,0.0,0.0,10.0,192.55061,0.0,0.028356314,0.0,0.0,Aug,2,2,6,2,Returning_Visitor,False,False
4.0,145.67851,0.0,0.0,18.0,355.45053,0.0,0.03060306,0.0,0.0,Dec,3,2,1,2,Returning_Visitor,False,False
2.0,44.08115,0.0,0.0,26.64018,672.7074,0.018101688,0.03333333,0.0,0.0,Nov,3,2,1,13,Returning_Visitor,False,False
0.0,0.0,0.0,0.0,14.0,521.077,0.014930047,0.03749471,0.0,0.0,Dec,3,2,2,13,Returning_Visitor,False,False
0.0,0.0,1.0,0.0,56.0,1995.7207,0.0059413966,0.02464026,0.0,0.0,Nov,2,4,1,3,Returning_Visitor,False,False
1.0,0.0,0.0,0.0,13.0,599.9199,0.0,0.023228573,0.0,0.0,Aug,4,2,1,2,Returning_Visitor,False,False
3.0,43.712334,0.0,0.0,38.756943,1264.1051,0.015382964,0.032259826,0.0,0.0,Aug,4,2,1,2,Returning_Visitor,False,False
4.0,66.83295,0.0,0.0,20.0,505.87158,0.0,0.019965313,0.0,0.0,Aug,2,2,4,2,Returning_Visitor,False,False
0.0,0.0,0.0,0.0,15.0,370.3742,0.0,0.01821289,0.0,0.0,Nov,2,2,4,13,Returning_Visitor,False,True
6.0,151.60805,0.0,0.0,44.046036,1212.2843,0.004688892,0.02365383,0.0,0.0,Dec,2,2,1,2,Returning_Visitor,False,False
3.0,59.64301,0.0,0.0,16.936169,303.96384,0.0,0.02199657,0.0,0.0,Dec,2,2,4,2,New_Visitor,False,False
0.0,0.0,0.0,0.0,26.0,634.0522,0.021779487,0.04,0.0,0.0,Nov,3,2,1,1,Returning_Visitor,False,False
0.0,0.0,0.0,0.0,42.0,879.57916,0.0,0.02139281,0.0,0.0,Dec,3,2,6,13,Returning_Visitor,False,False
0.0,0.0,0.0,0.0,26.0,892.64325,0.0,0.025,0.0,0.0,Nov,1,1,2,1,Returning_Visitor,True,False
2.0,55.99243,0.0,0.0,29.453482,1012.9005,0.0,0.013725066,0.0,0.0,Dec,2,2,9,2,Returning_Visitor,False,False
0.0,0.0,0.0,0.0,35.244984,669.5865,0.0,0.025,0.0,0.0,Dec,4,2,1,13,Returning_Visitor,False,False
0.0,0.0,0.0,0.0,5.0,75.71152,0.0,0.043550856,0.0,0.0,Aug,4,2,1,2,Returning_Visitor,False,False
0.0,0.0,0.0,0.0,33.0,1206.2083,0.012343757,0.03385036,0.0,0.0,Dec,2,2,1,1,Returning_Visitor,False,False
0.0,0.0,0.0,0.0,19.0,439.1042,0.015761934,0.04282932,0.0,0.0,Dec,1,1,9,2,Returning_Visitor,False,False
0.0,0.0,0.0,0.0,19.0,564.3161,0.03960025,0.050078396,0.0,0.0,Nov,1,1,6,3,Returning_Visitor,False,False
0.0,0.0,0.0,0.0,11.0,280.9065,0.0,0.04353592,0.0,0.0,Nov,2,2,1,13,Returning_Visitor,False,False
0.0,0.0,0.0,0.0,23.0,652.64996,0.012935622,0.037634376,0.0,0.0,Nov,2,2,1,13,Returning_Visitor,False,False
0.0,0.0,0.0,0.0,10.84443,197.98589,0.0,0.05,0.0,0.0,Sep,1,4,1,14,Returning_Visitor,False,False
4.0,90.344215,0.0,0.0,42.425076,1608.6278,0.0,0.014308404,0.0,0.0,Dec,1,2,3,2,Returning_Visitor,False,False
0.0,0.0,0.0,0.0,22.0,722.26166,0.0,0.022222223,0.0,0.0,Nov,1,1,1,2,Returning_Visitor,False,False
3.0,53.67245,0.0,0.0,42.0,1156.6559,0.010298288,0.028571429,0.0,0.0,Nov,2,2,1,10,Returning_Visitor,False,False
0.0,0.0,0.0,0.0,10.0,145.14827,0.0,0.04620525,0.0,0.0,Dec,3,2,1,3,Returning_Visitor,False,False
0.0,0.0,0.0,0.0,25.0,710.44385,0.010797521,0.04,0.0,0.0,Dec,4,2,9,3,Returning_Visitor,False,False
4.0,60.127113,0.0,0.0,64.16212,1957.8516,0.008333333,0.025889702,8.846817,0.0,Nov,2,2,4,1,Returning_Visitor,False,True
0.0,0.0,0.0,0.0,8.0,183.7459,0.05,0.06912076,0.0,0.0,Dec,4,2,9,8,Returning_Visitor,False,False
4.0,64.0496,0.0,0.0,37.0,777.3702,0.01190349,0.030451287,0.0,0.0,Sep,2,2,1,1,Returning_Visitor,False,False
3.0,84.88382,0.0,0.0,34.0,612.5359,0.009444946,0.016666668,0.0,0.0,Dec,1,2,1,13,Returning_Visitor,False,False
0.0,0.0,0.0,0.0,13.0,398.69662,0.0066454047,0.03883348,0.0,0.0,May,1,1,4,3,Returning_Visitor,False,False
0.0,0.0,0.0,0.0,10.0,219.35574,0.0,0.044444446,0.0,0.0,Nov,2,2,2,1,Returning_Visitor,False,False
0.0,0.0,0.0,0.0,17.0,275.74802,0.0,0.018832942,0.0,0.0,Mar,4,2,1,2,Returning_Visitor,False,False
0.0,0.0,0.0,0.0,17.0,333.98047,0.0,0.043813977,0.0,0.0,Dec,2,2,7,1,Returning_Visitor,False,False
4.0,75.446526,0.0,0.0,81.200935,1931.3298,0.0,0.014285714,0.0,0.0,Dec,4,4,1,2,Returning_Visitor,False,False
0.0,0.0,0.0,0.0,13.869959,279.3045,0.0,0.028113997,0.0,0.0,Nov,2,2,4,9,Returning_Visitor,False,False
0.0,0.0,0.0,0.0,24.075663,469.403,0.0046886695,0.028571429,0.0,0.0,Aug,1,2,1,1,Returning_Visitor,False,False
0.0,0.0,0.0,0.0,17.86757,348.24948,0.0,0.035063494,0.0,0.0,Dec,2,2,1,1,Returning_Visitor,False,False
0.0,0.0,0.0,0.0,12.0,347.9821,0.042083796,0.06912339,0.0,0.0,Aug,2,2,1,1,Returning_Visitor,False,False
4.0,137.0579,0.0,0.0,62.242435,2113.672,0.004473336,0.018681474,0.0,0.0,Dec,2,2,1,2,Returning_Visitor,False,False
1.0,0.0,0.0,0.0,17.042816,301.15372,0.018181818,0.04,0.0,0.0,Nov,1,1,7,1,Returning_Visitor,False,False
0.0,0.0,0.0,0.0,13.0,335.07175,0.0377169,0.07569058,0.0,0.0,Dec,1,1,1,1,Returning_Visitor,False,False
0.0,0.0,0.0,0.0,12.0,358.59573,0.023600398,0.05,0.0,0.0,Mar,2,2,1,1,Returning_Visitor,False,False
2.0,33.76481,0.0,0.0,25.0,662.16644,0.0,0.011159538,0.0,0.0,Dec,2,2,1,2,Returning_Visitor,False,False
3.0,45.72988,0.0,0.0,28.068398,677.6959,0.0,0.016666668,0.0,0.0,Aug,2,2,1,1,Returning_Visitor,False,False
0.0,0.0,0.0,0.0,17.0,296.60522,0.0,0.020661643,0.0,0.0,Aug,1,2,4,2,Returning_Visitor,False,False
6.0,85.335266,0.0,0.0,40.39076,1125.1917,0.0,0.010562565,0.0,0.0,Nov,2,2,1,1,Returning_Visitor,False,False
0.0,0.0,0.0,0.0,40.0,926.6032,0.005453164,0.016666668,0.0,0.0,Aug,3,2,4,3,Returning_Visitor,False,False
2.0,33.52894,0.0,0.0,39.0,959.88696,0.0,0.0111054955,0.0,0.0,Aug,4,2,1,8,Returning_Visitor,False,True
0.0,0.0,0.0,0.0,26.0,655.3599,0.009090909,0.02541787,0.0,0.0,Nov,2,4,1,2,Returning_Visitor,False,False
1.0,18.802647,0.0,0.0,11.0,211.73914,0.0,0.019281548,0.0,0.0,Dec,3,2,1,4,Returning_Visitor,False,False
0.0,0.0,0.0,0.0,27.0,863.8405,0.02415504,0.047664355,0.0,0.0,Dec,3,2,9,1,Returning_Visitor,False,False
5.0,67.504944,0.0,0.0,38.0,780.57355,0.0,0.014446997,0.0,0.0,Dec,4,4,1,2,Returning_Visitor,False,False
5.0,149.77715,0.0,0.0,29.0,824.52905,0.010519094,0.025794823,0.0,0.0,Sep,3,2,1,3,Returning_Visitor,False,False
3.0,43.354385,0.0,0.0,45.811928,1550.7773,0.006666667,0.021318078,9.985582,0.0,Nov,2,4,7,1,Returning_Visitor,False,False
0.0,0.0,0.0,0.0,15.0,404.59952,0.0,0.025,0.0,0.0,Aug,2,2,9,2,Returning_Visitor,False,False
0.0,0.0,0.0,0.0,32.0,656.8969,0.0044907373,0.019273335,0.0,0.0,Dec,1,1,1,2,Returning_Visitor,False,False
0.0,0.0,0.0,0.0,15.0,522.4895,0.0,0.022952385,0.0,0.0,Mar,2,2,6,15,Returning_Visitor,False,False
0.0,0.0,0.0,0.0,23.0,557.3599,0.0017471196,0.034625962,0.0,0.0,Mar,2,4,1,1,Returning_Visitor,False,False
0.0,0.0,0.0,0.0,19.0,610.0784,0.0,0.014909537,0.0,0.0,Dec,2,2,1,2,Returning_Visitor,False,False
2.0,14.991184,0.0,0.0,12.0,242.81305,0.0,0.0245308,0.0,0.0,Jul,2,2,1,2,Returning_Visitor,False,False
0.0,0.0,0.0,0.0,27.0,663.5348,0.01756666,0.036280055,0.0,0.0,Dec,1,1,1,1,Returning_Visitor,False,False
0.0,0.0,0.0,0.0,20.0,271.8266,0.0,0.03333333,0.0,0.0,Dec,4,1,6,13,Returning_Visitor,False,False
0.0,0.0,0.0,0.0,36.0,880.25903,0.0,0.014951228,0.0,0.0,Dec,2,2,6,8,Returning_Visitor,False,False
0.0,0.0,0.0,0.0,14.0,269.7142,0.03440196,0.06666667,0.0,0.0,Dec,1,1,2,1,Returning_Visitor,False,False
0.0,0.0,0.0,0.0,17.0,495.7958,0.0,0.03333333,0.0,0.0,Dec,2,2,9,9,Returning_Visitor,False,False
0.0,0.0,0.0,0.0,31.0,697.98315,0.014822705,0.03333333,0.0,0.0,Dec,1,2,1,13,Returning_Visitor,False,False
3.0,74.037056,0.0,0.0,22.0,491.5503,0.0,0.016570449,0.0,0.0,Dec,1,2,1,3,Returning_Visitor,False,False
3.0,63.801136,0.0,0.0,22.0,582.41833,0.0,0.015384615,0.0,0.0,Dec,2,2,1,2,Returning_Visitor,False,False
0.0,0.0,0.0,0.0,28.0,583.18506,0.010567068,0.026146382,0.0,0.0,Aug,2,2,2,1,Returning_Visitor,False,False
0.0,0.0,0.0,0.0,26.0,623.3835,0.0,0.02038969,0.0,0.0,Dec,3,2,1,3,Returning_Visitor,False,False
4.0,117.55128,0.0,0.0,41.39957,1280.8745,0.0,0.019761184,0.0,0.0,Aug,4,2,9,13,Returning_Visitor,False,False
3.0,53.62651,0.0,0.0,22.0,545.19,0.0,0.019977648,0.0,0.0,Sep,2,2,1,1,Returning_Visitor,False,False
5.906029,177.29971,1.0,59.518093,39.102016,1593.8252,0.0058156266,0.027061997,0.0,0.0,Nov,2,2,7,2,Returning_Visitor,False,False
4.0,113.808235,0.0,0.0,42.0,899.38135,0.005779802,0.03333333,0.0,0.0,Dec,4,2,1,1,Returning_Visitor,True,False
0.0,0.0,0.0,0.0,18.0,353.9366,0.025,0.044554673,0.0,0.0,Jul,2,2,3,1,Returning_Visitor,False,False
4.0,92.74913,0.0,0.0,42.0,1168.2578,0.0,0.01709059,0.0,0.0,Dec,2,2,1,15,Returning_Visitor,False,False
6.0,138.44089,0.0,0.0,74.00995,2017.3293,0.0017073984,0.01182553,17.289846,0.0,Dec,2,2,7,2,Returning_Visitor,False,False
0.0,0.0,0.0,0.0,22.0,762.4861,0.0,0.024408849,0.0,0.0,Nov,3,2,1,2,Returning_Visitor,True,False
5.0,69.89999,0.0,0.0,43.230953,1570.191,0.0,0.016666668,0.0,0.0,Nov,2,2,1,13,Returning_Visitor,False,False
0.0,0.0,0.0,0.0,37.0,800.6783,0.005429938,0.027950617,0.0,0.0,Dec,2,2,1,2,Returning_Visitor,False,False
0.0,0.0,0.0,0.0,21.0,677.92285,0.0,0.020581508,0.0,0.0,Aug,2,2,7,1,Returning_Visitor,False,False
0.0,0.0,0.0,0.0,8.0,181.17226,0.0,0.03333333,0.0,0.0,Aug,2,2,1,1,Returning_Visitor,False,False
0.0,0.0,0.0,0.0,24.0,782.37506,0.014285714,0.04,0.0,0.0,Nov,2,2,7,13,Returning_Visitor,False,False
3.0,53.430996,0.0,0.0,48.97979,1440.8315,0.0072086314,0.025,0.0,0.0,Sep,2,2,1,1,Returning_Visitor,False,True
0.0,0.0,0.0,0.0,28.087297,704.61664,0.0,0.013540138,0.0,0.0,Dec,2,2,1,2,Returning_Visitor,False,False
3.0,47.611965,0.0,0.0,26.0,785.88165,0.001345828,0.02185466,0.0,0.0,May,2,2,7,1,Returning_Visitor,False,False
0.0,0.0,0.0,0.0,27.0,700.0867,0.008040444,0.025,0.0,0.0,Dec,2,2,9,2,Returning_Visitor,False,False
2.0,34.06484,0.0,0.0,27.079668,602.7124,0.0,0.016666668,0.0,0.0,Nov,4,1,7,1,Returning_Visitor,False,False
0.0,0.0,0.0,0.0,19.525776,287.5766,0.022117428,0.04,0.0,0.0,Dec,3,2,1,1,Returning_Visitor,False,False
2.0,30.32763,0.0,0.0,27.0,638.49396,0.0,0.01771199,0.0,0.0,Dec,2,3,1,13,Returning_Visitor,False,False
2.0,16.035858,0.0,0.0,20.0,337.86502,0.011834015,0.023977704,0.0,0.0,Mar,1,2,7,3,Returning_Visitor,False,False
0.0,0.0,0.0,0.0,14.0,568.7239,0.0,0.023500746,0.0,0.0,Nov,2,2,6,3,Returning_Visitor,False,False
0.0,0.0,0.0,0.0,20.0,700.8634,0.0,0.03152023,0.0,0.0,Dec,2,2,1,1,Returning_Visitor,False,False
3.0,40.774197,0.0,0.0,39.0,1408.5486,0.0,0.0097346995,0.0,0.0,Nov,2,2,1,2,Returning_Visitor,False,True
4.0,64.14021,1.0,0.0,49.0,1391.7272,0.009757692,0.025,0.0,0.0,Dec,4,2,1,8,Returning_Visitor,False,False
2.0,44.507053,0.0,0.0,22.0,572.6719,0.014152721,0.02,0.0,0.0,Aug,3,2,1,8,Returning_Visitor,True,False
0.0,0.0,0.0,0.0,29.0,816.2711,0.0,0.02477782,0.0,0.0,Nov,2,2,7,1,Returning_Visitor,False,False
4.0,61.708134,0.0,0.0,37.0,1499.4811,0.0,0.0139839165,0.0,0.0,Nov,2,2,1,8,Returning_Visitor,False,False
3.0,76.25399,0.0,0.0,39.0,811.6976,0.0,0.016666668,0.0,0.0,Dec,2,2,1,1,Returning_Visitor,False,False
3.0,70.6682,0.0,0.0,37.0,1963.1974,0.0,0.0087284595,0.0,0.0,Nov,2,2,1,2,Returning_Visitor,False,False
1.0,11.702031,0.0,0.0,16.957731,529.70544,0.020265765,0.05217004,0.0,0.0,Dec,1,1,2,1,Returning_Visitor,True,False
2.0,25.038683,0.0,0.0,17.0,553.77527,0.015155208,0.037424885,0.0,0.0,Dec,2,2,1,13,Returning_Visitor,False,False
0.0,0.0,0.0,0.0,25.0,732.0443,0.0,0.017781973,0.0,0.0,Dec,3,2,6,3,Returning_Visitor,False,False
0.0,0.0,0.0,0.0,27.0,495.34747,0.011346457,0.031238018,0.0,0.0,Dec,4,2,1,2,Returning_Visitor,False,False
0.0,0.0,0.0,0.0,28.0,574.401,0.012654463,0.03460257,0.0,0.0,Dec,3,2,1,13,Returning_Visitor,False,False
0.0,0.0,0.0,0.0,20.19991,873.67847,0.016560838,0.046807133,0.0,0.0,Aug,2,2,1,2,Returning_Visitor,False,False
0.0,0.0,0.0,0.0,15.0,281.03055,0.026968354,0.05,0.0,0.0,Sep,1,1,1,3,Returning_Visitor,False,False
0.0,0.0,0.0,0.0,29.523003,907.00446,0.0,0.020772852,0.0,0.0,Dec,2,2,4,2,Returning_Visitor,False,False
0.0,0.0,0.0,0.0,16.0,570.1223,0.0,0.04216684,0.0,0.0,Aug,2,2,1,1,Returning_Visitor,False,False
0.0,0.0,0.0,0.0,28.0,724.3504,0.0,0.023600496,0.0,0.0,Dec,2,4,7,3,Returning_Visitor,False,False
0.0,0.0,0.0,0.0,33.0,758.62634,0.01053462,0.03157713,0.0,0.0,Dec,2,2,1,1,Returning_Visitor,False,False
0.0,0.0,0.0,0.0,9.0,165.3628,0.0,0.02752075,0.0,0.0,May,4,1,4,9,Returning_Visitor,False,False
1.0,0.0,0.0,0.0,7.346175,122.01496,0.0,0.04,0.0,0.0,Nov,2,2,7,1,Returning_Visitor,False,False
0.0,0.0,0.0,0.0,18.0,550.5872,0.0,0.026436508,0.0,0.0,Dec,4,1,7,1,Returning_Visitor,False,False
0.0,0.0,0.0,0.0,24.0,653.0234,0.015003787,0.036780138,0.0,0.0,Nov,2,2,1,2,Returning_Visitor,False,False
3.0,45.52304,0.0,0.0,42.704105,2267.3462,0.0,0.018156648,12.59163,0.0,Dec,2,4,1,3,Returning_Visitor,False,False
0.0,0.0,0.0,0.0,20.0,356.47177,0.0,0.027810453,0.0,0.0,Dec,2,2,1,2,Returning_Visitor,False,False
0.0,0.0,0.0,0.0,15.0,340.1898,0.0,0.021304742,0.0,0.0,Nov,2,2,1,2,Returning_Visitor,False,False
3.0,64.57948,0.0,0.0,20.0,476.8988,0.013222639,0.03530673,0.0,0.0,Dec,3,2,1,1,Returning_Visitor,False,False
4.0,97.11717,0.0,0.0,74.687965,2232.2183,0.0037794504,0.014127881,5.7212963,0.0,Nov,1,1,1,3,Returning_Visitor,False,False
0.0,0.0,0.0,0.0,52.0,2109.4297,0.011609479,0.029173587,0.0,0.0,Nov,2,2,4,13,Returning_Visitor,False,False
3.0,56.268887,0.0,0.0,30.21077,717.4569,0.0028224755,0.017094214,0.0,0.0,Dec,2,4,7,1,Returning_Visitor,False,False
0.0,0.0,0.0,0.0,44.0,1222.5734,0.0,0.004308396,10.029762,0.0,Nov,2,2,1,1,Returning_Visitor,False,True
5.0,70.71262,1.0,0.0,38.0,1111.2064,0.0,0.015384615,0.0,0.0,Dec,4,2,7,2,Returning_Visitor,False,False
4.0,70.7634,0.0,0.0,29.215662,1063.9365,0.009297355,0.016653756,0.0,0.0,Dec,1,1,1,2,Returning_Visitor,False,False
0.0,0.0,0.0,0.0,17.0,599.04425,0.014285714,0.035455693,0.0,0.0,Dec,3,2,3,8,Returning_Visitor,False,False
3.0,88.03309,0.0,0.0,20.0,541.3017,0.0,0.0156681,0.0,0.0,Nov,3,2,1,2,Returning_Visitor,False,False
3.0,81.18512,0.0,0.0,26.0,696.78577,0.014273294,0.023611832,0.0,0.0,Dec,1,4,1,4,Returning_Visitor,False,False
0.0,0.0,0.0,0.0,19.0,688.7122,0.0,0.01853406,0.0,0.0,Aug,2,2,1,1,Returning_Visitor,False,False
5.0,68.22728,0.0,0.0,48.492077,1833.6272,0.0,0.015613126,0.0,0.0,Aug,2,2,7,2,Returning_Visitor,False,False
0.0,0.0,0.0,0.0,11.0,225.26921,0.018109856,0.04283108,0.0,0.0,Jul,2,2,7,13,Returning_Visitor,False,False
0.0,0.0,0.0,0.0,11.0,226.42847,0.0,0.02,0.0,0.0,Nov,3,2,1,2,Returning_Visitor,False,False
1.0,0.0,0.0,0.0,27.0,1058.0245,0.0060017756,0.029049367,0.0,0.0,Dec,2,2,1,1,Returning_Visitor,False,False
0.0,0.0,0.0,0.0,35.0,904.8904,0.006104463,0.02,0.0,0.0,Nov,2,2,8,2,Returning_Visitor,False,False
0.0,0.0,0.0,0.0,10.0,242.14456,0.04,0.06666667,0.0,0.0,Aug,3,2,1,3,Returning_Visitor,False,False
0.0,0.0,0.0,0.0,29.0,942.91675,0.014285714,0.02555384,0.0,0.0,Nov,3,2,7,2,Returning_Visitor,False,False
0.0,0.0,0.0,0.0,18.0,449.5224,0.0,0.014762131,0.0,0.0,Dec,3,2,1,2,Returning_Visitor,False,False
3.0,46.37153,0.0,0.0,25.0,478.1169,0.0,0.019458856,0.0,0.0,Dec,2,2,7,2,Returning_Visitor,False,False
0.0,0.0,0.0,0.0,27.042461,779.83105,0.0,0.02812723,0.0,0.0,Aug,2,2,1,1,Returning_Visitor,False,False
0.0,0.0,0.0,0.0,32.0,819.485,0.0,0.018402422,0.0,0.0,Dec,2,2,4,8,Returning_Visitor,False,False
0.0,0.0,0.0,0.0,44.0,1665.1428,0.008072756,0.028112305,0.0,0.0,Dec,2,2,1,2,Returning_Visitor,False,False
2.0,54.615417,0.0,0.0,29.0,752.19025,0.0,0.011764393,0.0,0.0,Dec,2,2,1,15,Returning_Visitor,False,False
0.0,0.0,0.0,0.0,23.0,561.1233,0.0,0.028100988,0.0,0.0,Dec,4,4,3,2,Returning_Visitor,False,False
3.0,53.57259,0.0,0.0,27.0,597.8219,0.005999548,0.025,0.0,0.0,Dec,1,4,3,2,Returning_Visitor,True,False
4.0,167.31157,0.0,0.0,26.0,752.9934,0.005130389,0.018226437,0.0,0.0,Dec,4,2,1,2,Returning_Visitor,False,False
3.0,77.796486,0.0,0.0,32.566544,736.0202,0.009147442,0.0272461,0.0,0.0,Dec,2,2,4,1,Returning_Visitor,False,False
4.0,88.58162,0.0,0.0,42.38717,1520.1013,0.0,0.012858738,0.0,0.0,Dec,2,2,1,1,Returning_Visitor,False,False
0.0,0.0,0.0,0.0,27.0,542.6688,0.0,0.019086465,0.0,0.0,Dec,2,2,7,1,Returning_Visitor,False,False
0.0,0.0,0.0,0.0,25.0,716.4065,0.0,0.016666668,0.0,0.0,Aug,2,2,3,2,Returning_Visitor,False,False
2.0,32.1874,0.0,0.0,26.0,868.64435,0.012510595,0.028099224,0.0,0.0,Aug,4,2,1,2,Returning_Visitor,False,False
2.0,40.27123,0.0,0.0,18.0,590.4176,0.0,0.015905414,0.0,0.0,Nov,4,1,4,8,Returning_Visitor,False,True
0.0,0.0,0.0,0.0,19.0,703.5482,0.0,0.024497235,0.0,0.0,Nov,2,2,4,1,Returning_Visitor,False,False
3.0,47.30131,0.0,0.0,40.406788,938.00415,0.004322491,0.022222223,0.0,0.0,Aug,4,2,1,2,Returning_Visitor,False,False
0.0,0.0,0.0,0.0,19.0,354.1229,0.0,0.022222223,0.0,0.0,Nov,2,2,9,10,Returning_Visitor,True,False
0.0,0.0,0.0,0.0,23.0,481.08597,0.0094510205,0.030009149,0.0,0.0,Dec,2,2,1,2,Returning_Visitor,False,False
0.0,0.0,0.0,0.0,16.0,497.73697,0.021537522,0.04107252,0.0,0.0,Nov,1,1,6,1,Returning_Visitor,False,False
0.0,0.0,0.0,0.0,26.0,580.99835,0.0,0.01722879,0.0,0.0,Nov,2,2,1,9,Returning_Visitor,False,False
0.0,0.0,0.0,0.0,24.0,508.95914,0.02531793,0.05371069,0.0,0.0,Dec,3,2,1,1,Returning_Visitor,False,False
0.0,0.0,0.0,0.0,10.0,179.02766,0.04169079,0.06666667,0.0,0.0,Nov,4,2,1,1,Returning_Visitor,False,False
0.0,0.0,0.0,0.0,15.0,210.62689,0.0,0.03225196,0.0,0.0,Dec,1,2,4,3,Returning_Visitor,False,False
0.0,0.0,0.0,0.0,15.0,326.6331,0.0,0.032407872,0.0,0.0,Dec,2,2,1,1,Returning_Visitor,False,False
0.0,0.0,0.0,0.0,15.0,241.70634,0.0,0.029435558,0.0,0.0,Dec,4,2,1,2,Returning_Visitor,False,False
4.0,61.229916,0.0,0.0,61.61546,1982.883,0.0056132264,0.022222223,7.2421727,0.0,Dec,2,2,1,1,Returning_Visitor,False,True
3.1082077,113.30546,0.0,0.0,22.777288,599.3791,0.0,0.019363655,0.0,0.0,Nov,2,2,1,13,Returning_Visitor,False,False
3.0,40.952225,0.0,0.0,31.0,702.01154,0.0,0.016666668,0.0,0.0,Nov,2,2,1,2,Returning_Visitor,False,False
0.0,0.0,0.0,0.0,21.212729,706.72687,0.0,0.019194938,0.0,0.0,Nov,2,2,6,2,Returning_Visitor,False,False
0.0,0.0,0.0,0.0,37.0,673.15466,0.0,0.025171619,0.0,0.0,Nov,2,2,1,2,Returning_Visitor,True,False
2.0,39.147945,0.0,0.0,33.0,825.5068,0.0073823985,0.023303466,3.8631752,0.0,Nov,4,4,1,8,Returning_Visitor,False,True
6.0,99.69613,0.0,0.0,37.05024,1596.7302,0.0059612542,0.022222223,0.0,0.0,Nov,2,2,9,2,Returning_Visitor,False,False
0.0,0.0,0.0,0.0,18.250566,367.5485,0.0,0.020352425,0.0,0.0,Nov,1,2,1,3,Returning_Visitor,False,False
0.0,0.0,0.0,0.0,14.0,357.63477,0.0,0.025203327,0.0,0.0,Nov,1,4,4,9,Returning_Visitor,False,False
0.0,0.0,0.0,0.0,43.0,1054.5648,0.01443373,0.031068228,0.0,0.0,Aug,2,2,1,1,Returning_Visitor,False,False
0.0,0.0,0.0,0.0,19.0,367.14536,0.0,0.027508501,0.0,0.0,Dec,2,2,1,1,Returning_Visitor,False,False
3.0,75.29516,0.0,0.0,24.0,557.49817,0.0,0.01769645,0.0,0.0,Dec,4,2,3,9,Returning_Visitor,False,False
4.0,62.469944,0.0,0.0,32.77853,1110.8727,0.0,0.017037429,0.0,0.0,Aug,2,2,4,2,Returning_Visitor,False,False
3.0,202.92163,0.0,0.0,42.0,931.9675,0.0,0.012774975,0.0,0.0,Nov,3,2,6,13,Returning_Visitor,False,False
0.0,0.0,0.0,0.0,20.03016,688.4851,0.0,0.030537816,0.0,0.0,Dec,2,2,3,1,Returning_Visitor,False,False
5.0,78.08466,0.0,0.0,44.0,1035.272,0.0,0.011882881,0.0,0.0,Sep,4,2,1,2,Returning_Visitor,False,False
3.0,52.72941,0.0,0.0,26.915525,757.70966,0.012341108,0.030012319,0.0,0.0,Dec,1,2,1,3,Returning_Visitor,False,False
3.0,76.0131,0.0,0.0,70.999146,3113.473,0.0052005625,0.019582044,14.4198065,0.0,Nov,2,2,1,2,Returning_Visitor,False,True
0.0,0.0,0.0,0.0,15.0,679.95276,0.0,0.020025475,0.0,0.0,Dec,3,2,2,2,Returning_Visitor,False,False
0.0,0.0,0.0,0.0,26.0,1059.1222,0.016627215,0.036361508,0.0,0.0,Nov,2,2,2,1,Returning_Visitor,False,False
6.0,143.8323,0.0,0.0,77.124374,2860.6106,0.005630994,0.022556227,0.0,0.0,Dec,2,2,1,1,Returning_Visitor,False,False
3.0,35.861553,0.0,0.0,14.0,422.28476,0.0,0.015477059,0.0,0.0,Aug,2,2,1,2,Returning_Visitor,False,False
4.0,85.60028,0.0,0.0,27.0,583.929,0.0,0.018154455,0.0,0.0,Dec,2,2,1,2,Returning_Visitor,False,False
0.0,0.0,0.0,0.0,12.004507,383.17612,0.0,0.028571429,0.0,0.0,Nov,2,2,1,1,Returning_Visitor,False,False
2.0,167.77058,0.0,0.0,33.0,1002.5355,0.00430187,0.018584644,0.0,0.0,Dec,1,1,9,13,Returning_Visitor,False,False
0.0,0.0,0.0,0.0,28.0,1140.676,0.0,0.012450632,0.0,0.0,Dec,1,2,2,2,New_Visitor,False,False
0.0,0.0,0.0,0.0,16.0,329.15237,0.025412707,0.05,0.0,0.0,Nov,1,1,3,1,Returning_Visitor,False,False
0.0,0.0,0.0,0.0,24.0,824.2303,0.016666668,0.036303036,0.0,0.0,Dec,3,2,1,13,Returning_Visitor,True,False
0.0,0.0,0.0,0.0,3.0,0.0,0.2,0.2,0.0,0.0,Jul,3,2,1,3,Returning_Visitor,False,False
0.0,0.0,0.0,0.0,24.102892,504.42657,0.0,0.01634395,0.0,0.0,Nov,4,2,9,13,Returning_Visitor,True,True
4.0,47.11194,0.0,0.0,27.277977,603.46814,0.0,0.01639664,20.985687,0.0,Dec,4,2,1,2,Returning_Visitor,False,True
0.0,0.0,0.0,0.0,20.30419,347.2595,0.0,0.019847604,0.0,0.0,Nov,1,1,7,2,Returning_Visitor,False,False
4.0,92.444115,0.0,0.0,42.084957,1302.4766,0.0,0.014268531,9.687145,0.0,Aug,4,1,1,2,Returning_Visitor,False,False
0.0,0.0,0.0,0.0,19.786438,545.29767,0.010520736,0.036039975,0.0,0.0,Mar,1,2,9,3,Returning_Visitor,False,False
0.0,0.0,0.0,0.0,17.0,610.9802,0.0,0.03227115,0.0,0.0,Aug,4,1,2,1,Returning_Visitor,False,False
4.0,84.98636,0.0,0.0,26.0,622.00745,0.0,0.009392617,0.0,0.0,Dec,2,4,9,2,Returning_Visitor,False,False
3.0,113.23697,0.0,0.0,12.957429,450.31934,0.0,0.02713764,0.0,0.0,Dec,4,4,7,1,Returning_Visitor,False,False
0.0,0.0,0.0,0.0,46.0,1947.8671,0.01144922,0.042373538,0.0,0.0,Dec,2,4,4,1,Returning_Visitor,False,False
0.0,0.0,0.0,0.0,10.0,188.87166,0.0,0.032404058,0.0,0.0,Dec,2,2,7,2,Returning_Visitor,False,False
0.0,0.0,0.0,0.0,9.0,276.0552,0.0,0.044444446,0.0,0.0,Aug,2,2,3,1,Returning_Visitor,False,False
0.0,0.0,0.0,0.0,33.0,821.1536,0.016666668,0.04278224,0.0,0.0,Aug,2,2,4,13,Returning_Visitor,False,False
2.0,23.932812,0.0,0.0,25.760073,529.0315,0.0,0.018155253,0.0,0.0,Dec,2,2,1,2,Returning_Visitor,False,False
5.0,85.0116,0.0,0.0,34.23488,889.41486,0.007425368,0.024163013,0.0,0.0,Aug,2,2,4,1,Returning_Visitor,False,False
0.0,0.0,0.0,0.0,24.0,526.51935,0.022222223,0.034725893,0.0,0.0,Jul,2,2,6,1,Returning_Visitor,False,False
0.0,0.0,0.0,0.0,44.208504,1267.731,0.00794169,0.028330496,0.0,0.0,Nov,4,2,1,1,Returning_Visitor,False,False
4.0,98.430336,2.0,100.16647,49.947994,1841.8145,0.0,0.0043197246,33.250523,0.0,Nov,2,2,7,2,New_Visitor,False,True
0.0,0.0,0.0,0.0,9.0,216.3517,0.0,0.022462416,0.0,0.0,Dec,1,2,9,1,Returning_Visitor,False,False
3.0,46.75925,0.0,0.0,28.0,864.35846,0.0,0.02470851,10.626982,0.0,Dec,2,2,1,2,Returning_Visitor,False,False
0.0,0.0,0.0,0.0,20.0,380.1505,0.014679346,0.04,0.0,0.0,Dec,3,2,1,2,Returning_Visitor,False,False
4.0,74.560036,0.0,0.0,50.0,1980.2065,0.0,0.00990647,11.808451,0.0,Dec,2,4,1,2,Returning_Visitor,False,True
0.0,0.0,0.0,0.0,5.0,109.37469,0.0,0.048022963,0.0,0.0,Dec,1,2,9,3,Returning_Visitor,False,False
2.0,32.20325,0.0,0.0,29.264585,950.7846,0.0,0.016666668,0.0,0.0,Nov,2,2,1,2,Returning_Visitor,False,False
0.0,0.0,0.0,0.0,58.147766,2158.0808,0.008503381,0.029199257,0.0,0.0,Dec,2,2,3,1,Returning_Visitor,False,False
0.0,0.0,0.0,0.0,20.0,320.52695,0.0,0.036600567,0.0,0.0,Nov,4,2,1,3,Returning_Visitor,False,False
3.0,58.58675,0.0,0.0,16.0,609.33203,0.0,0.015574853,0.0,0.0,Nov,2,2,9,3,Returning_Visitor,False,False
0.0,0.0,0.0,0.0,24.0,343.00598,0.015515066,0.035587166,0.0,0.0,Dec,4,2,4,1,Returning_Visitor,False,False
0.0,0.0,0.0,0.0,10.0,252.82138,0.0028089343,0.05,0.0,0.0,Dec,7,2,1,1,Returning_Visitor,False,False
0.0,0.0,0.0,0.0,20.099812,423.68826,0.0062904125,0.037113607,0.0,0.0,Dec,4,2,1,2,Returning_Visitor,False,False
0.0,0.0,0.0,0.0,16.0,276.60248,0.0,0.022029648,0.0,0.0,Nov,1,1,1,2,Returning_Visitor,False,False
0.0,0.0,0.0,0.0,9.0,219.18169,0.0,0.04,0.0,0.0,Nov,3,2,7,1,Returning_Visitor,False,False
0.0,0.0,0.0,0.0,2.0,0.0,0.2,0.2,0.0,0.0,Dec,1,2,1,1,Returning_Visitor,False,False
0.0,0.0,0.0,0.0,9.0,180.0235,0.0,0.035059668,0.0,0.0,Nov,3,2,1,19,Returning_Visitor,False,False
0.0,0.0,0.0,0.0,22.0,449.90088,0.0,0.017860936,0.0,0.0,Nov,2,2,7,2,Returning_Visitor,False,False
0.0,0.0,0.0,0.0,23.0,632.6453,0.016666668,0.028249834,0.0,0.0,Jul,3,2,3,13,Returning_Visitor,False,False
0.0,0.0,0.0,0.0,9.0,296.7131,0.0,0.036244437,0.0,0.0,Nov,4,2,1,2,Returning_Visitor,False,False
0.0,0.0,0.0,0.0,24.0,723.49915,0.01493164,0.0364952,0.0,0.0,May,2,4,1,3,Returning_Visitor,False,False
0.0,0.0,0.0,0.0,7.0,109.905525,0.047595903,0.07332241,0.0,0.0,Nov,2,2,9,1,Returning_Visitor,False,False
0.0,0.0,0.0,0.0,22.0,698.92096,0.0,0.028571429,0.0,0.0,Dec,2,2,1,1,Returning_Visitor,False,False
0.0,0.0,0.0,0.0,13.0,242.75519,0.030872758,0.07236598,0.0,0.0,May,2,2,4,13,Returning_Visitor,False,False
4.0,60.443058,0.0,0.0,61.066406,1611.3971,0.0,0.017455505,0.0,0.0,Jul,2,12,1,2,Returning_Visitor,False,False
2.0,53.692787,0.0,0.0,10.0,221.75783,0.0,0.02,0.0,0.0,Aug,1,2,2,2,Returning_Visitor,False,False
0.0,0.0,0.0,0.0,21.0,678.9575,0.013128292,0.04304358,0.0,0.0,Dec,2,5,3,1,Returning_Visitor,False,False
0.0,0.0,0.0,0.0,26.451504,610.47906,0.0,0.03333333,0.0,0.0,Dec,2,2,1,2,Returning_Visitor,False,False
2.0,41.73936,0.0,0.0,31.0,706.7546,0.0,0.016666668,0.0,0.0,Aug,2,2,1,19,Returning_Visitor,False,False
2.0,43.90542,0.0,0.0,28.0,641.53906,0.0,0.011111111,0.0,0.0,Dec,2,2,7,13,Returning_Visitor,False,False
0.0,0.0,0.0,0.0,27.0,829.04315,0.0,0.01518711,0.0,0.0,Sep,2,2,1,2,Returning_Visitor,False,False
0.0,0.0,0.0,0.0,19.704796,317.32147,0.015655767,0.05,0.0,0.0,Dec,2,2,4,3,Returning_Visitor,False,False
0.0,0.0,0.0,0.0,20.227892,353.3266,0.0,0.027236575,0.0,0.0,Aug,2,2,4,3,Returning_Visitor,False,False
2.0,46.530163,0.0,0.0,28.0,658.6995,0.0,0.0125,0.0,0.0,Dec,2,2,7,1,Returning_Visitor,False,False
0.0,0.0,0.0,0.0,24.0,598.57794,0.011962364,0.028571429,0.0,0.0,Aug,1,2,1,1,Returning_Visitor,False,False
0.0,0.0,0.0,0.0,29.312521,717.57324,0.017162492,0.042990845,0.0,0.0,Dec,2,2,1,1,Returning_Visitor,False,False
0.0,0.0,0.0,0.0,24.0,442.48685,0.0042993985,0.036245987,0.0,0.0,Jul,2,2,3,3,Returning_Visitor,False,False
0.0,0.0,0.0,0.0,28.0,688.72485,0.0,0.013333333,0.0,0.0,Dec,1,1,9,2,Returning_Visitor,False,False
0.0,0.0,0.0,0.0,15.0,222.1172,0.010315256,0.038057704,0.0,0.0,Jul,1,1,4,3,Returning_Visitor,False,False
3.0,40.802567,0.0,0.0,21.0,600.11993,0.0,0.019098882,0.0,0.0,Nov,2,2,1,2,Returning_Visitor,False,False
3.0,52.00405,0.0,0.0,51.808945,1770.1456,0.0057553905,0.02,0.0,0.0,Dec,2,2,1,2,Returning_Visitor,False,False
0.0,0.0,0.0,0.0,24.622108,444.8865,0.0,0.025857935,0.0,0.0,Dec,4,2,1,13,Returning_Visitor,False,True
6.0,133.0837,3.0,108.914955,38.67865,877.4007,0.0,0.016296916,0.0,0.0,Nov,4,4,6,9,Returning_Visitor,False,False
0.0,0.0,0.0,0.0,27.0,832.0481,0.0,0.022222223,0.0,0.0,Nov,3,2,1,2,Returning_Visitor,True,False
0.0,0.0,0.0,0.0,31.0,600.18317,0.0050184117,0.012977984,0.0,0.0,Nov,4,2,1,2,Returning_Visitor,True,False
0.0,0.0,0.0,0.0,37.0,690.27765,0.0,0.014273777,0.0,0.0,Nov,2,2,7,2,Returning_Visitor,False,False
0.0,0.0,0.0,0.0,58.36273,1927.987,0.0,0.013333333,0.0,0.0,Nov,2,2,9,2,Returning_Visitor,False,False
0.0,0.0,0.0,0.0,21.0,569.44666,0.0,0.016666668,0.0,0.0,Nov,2,2,1,2,Returning_Visitor,False,False
6.0,132.22491,0.0,0.0,44.0,1444.1388,0.0007385271,0.016603578,0.0,0.0,Nov,2,2,1,9,Returning_Visitor,False,True
0.0,0.0,0.0,0.0,50.743187,1739.9695,0.0038290748,0.02107481,0.0,0.0,Dec,4,2,1,1,Returning_Visitor,True,False
0.0,0.0,0.0,0.0,24.0,772.79803,0.0,0.03160267,0.0,0.0,Nov,2,2,1,13,Returning_Visitor,False,True
0.0,0.0,0.0,0.0,26.0,465.43045,0.0,0.023240741,0.0,0.0,Sep,2,2,1,1,Returning_Visitor,False,False
4.0,80.04894,0.0,0.0,10.0,235.03746,0.0,0.022222223,0.0,0.0,Dec,1,1,1,2,Returning_Visitor,False,False
3.0,71.68924,0.0,0.0,25.0,515.46985,0.0025602528,0.015974525,0.0,0.0,Nov,4,4,1,2,Returning_Visitor,False,False
0.0,0.0,0.0,0.0,12.0,382.5504,0.0,0.03333333,0.0,0.0,Aug,3,2,1,2,Returning_Visitor,False,False
0.0,0.0,0.0,0.0,5.0,124.439415,0.0,0.05,0.0,0.0,Dec,4,2,3,1,Returning_Visitor,False,False
0.0,0.0,0.0,0.0,13.0,283.03992,0.0,0.028164484,0.0,0.0,Nov,2,2,1,1,Returning_Visitor,False,False
0.0,0.0,0.0,0.0,19.0,374.12567,0.0,0.03333333,0.0,0.0,Dec,2,2,4,1,Returning_Visitor,False,False
0.0,0.0,0.0,0.0,29.0,1025.0623,0.0,0.026479576,0.0,0.0,Aug,2,2,1,1,Returning_Visitor,False,False
3.0,46.86541,0.0,0.0,33.0,1162.6056,0.0,0.0060700066,0.0,0.0,Nov,2,2,8,2,Returning_Visitor,False,False
1.0,5.603421,0.0,0.0,21.0,647.5193,0.018225472,0.03767129,0.0,0.0,Dec,2,4,1,3,Returning_Visitor,False,False
0.0,0.0,0.0,0.0,27.0,1037.792,0.0,0.014285714,0.0,0.0,Dec,2,2,9,1,Returning_Visitor,False,False
0.0,0.0,0.0,0.0,39.0,1642.755,0.009024181,0.025,0.0,0.0,May,2,2,4,1,Returning_Visitor,False,False
0.0,0.0,0.0,0.0,32.0,1075.7433,0.007024791,0.026861757,0.0,0.0,Nov,2,2,1,9,Returning_Visitor,False,False
3.0,38.1168,0.0,0.0,16.0,318.2613,0.0,0.023469774,0.0,0.0,Dec,2,2,1,2,Returning_Visitor,False,False
0.0,0.0,0.0,0.0,24.0,602.0495,0.0,0.020838656,0.0,0.0,Nov,2,2,1,2,Returning_Visitor,False,False
0.0,0.0,0.0,0.0,26.0,721.9347,0.0,0.02,0.0,0.0,Nov,2,4,1,2,Returning_Visitor,False,False
2.0,53.207226,0.0,0.0,39.0,1689.4573,0.0,0.022736052,0.0,0.0,Aug,2,2,1,2,Returning_Visitor,False,True
0.0,0.0,0.0,0.0,27.473824,902.5486,0.0,0.020812554,0.0,0.0,Dec,2,2,1,1,Returning_Visitor,False,False
0.0,0.0,0.0,0.0,9.0,213.4446,0.0,0.032837283,0.0,0.0,Dec,2,3,6,9,Returning_Visitor,False,False
0.0,0.0,0.0,0.0,27.013607,918.26416,0.0,0.019018572,0.0,0.0,Nov,2,2,7,1,Returning_Visitor,False,False
0.0,0.0,0.0,0.0,19.313618,442.44962,0.0,0.017313773,0.0,0.0,Dec,2,2,2,2,Returning_Visitor,False,False
0.0,0.0,0.0,0.0,26.0,711.0433,0.0048154783,0.03333333,0.0,0.0,Aug,2,2,1,2,Returning_Visitor,False,False
2.0,45.765266,0.0,0.0,40.0,1793.3938,0.009090909,0.026793301,14.74383,0.0,Nov,2,2,4,2,Returning_Visitor,False,False
0.0,0.0,0.0,0.0,22.0,502.99146,0.0,0.022985194,0.0,0.0,Nov,2,1,4,3,Returning_Visitor,False,False
0.0,0.0,0.0,0.0,28.0,756.2096,0.0,0.022222223,0.0,0.0,Sep,4,4,4,2,Returning_Visitor,False,False
0.0,0.0,0.0,0.0,11.0,632.27124,0.0,0.035596684,0.0,0.0,Dec,2,2,1,2,Returning_Visitor,False,False
2.0,41.897736,0.0,0.0,39.69623,1679.9572,0.007152171,0.027087655,0.0,0.0,Nov,4,2,9,2,Returning_Visitor,False,False
3.0,45.134174,0.0,0.0,27.434679,918.3286,0.0,0.018156188,361.76373,0.0,Nov,2,2,1,2,Returning_Visitor,False,False
0.0,0.0,0.0,0.0,19.0,604.2541,0.019530999,0.05,0.0,0.0,Sep,2,2,2,1,Returning_Visitor,False,False
3.0,66.19323,0.0,0.0,21.0,576.85443,0.0,0.017515574,0.0,0.0,Nov,4,2,6,2,Returning_Visitor,False,False
2.0,45.611076,0.0,0.0,25.0,782.0935,0.0,0.01126656,17.662394,0.0,Jul,2,2,1,1,Returning_Visitor,False,True
0.0,0.0,0.0,0.0,8.0,218.60605,0.0,0.044444446,0.0,0.0,Nov,2,4,7,1,Returning_Visitor,False,False
0.0,0.0,0.0,0.0,17.0,457.33792,0.031787615,0.05761888,0.0,0.0,Aug,1,1,1,1,Returning_Visitor,False,False
0.0,0.0,0.0,0.0,12.0,235.40071,0.0,0.02,0.0,0.0,Nov,3,2,1,8,Returning_Visitor,False,False
0.0,0.0,0.0,0.0,5.0,169.52045,0.0,0.048687834,0.0,0.0,Nov,2,4,1,2,Returning_Visitor,False,False
0.0,0.0,0.0,0.0,5.735964,182.16986,0.0,0.036043007,0.0,0.0,Dec,2,2,4,2,Returning_Visitor,False,False
4.0,65.342476,0.0,0.0,20.0,539.258,0.0,0.011764706,0.0,0.0,Dec,2,2,1,2,Returning_Visitor,False,False
0.0,0.0,0.0,0.0,21.410574,418.5265,0.0,0.02196316,0.0,0.0,Aug,2,2,1,2,Returning_Visitor,False,False
0.0,0.0,0.0,0.0,19.0,651.33466,0.0,0.02,0.0,0.0,Dec,2,2,1,2,Returning_Visitor,False,False
0.0,0.0,0.0,0.0,31.0,947.64404,0.0,0.02,0.0,0.0,Jul,2,2,7,2,Returning_Visitor,False,False
0.0,0.0,0.0,0.0,24.0,474.90573,0.0,0.026092468,0.0,0.0,Jul,2,2,4,3,Returning_Visitor,False,False
0.0,0.0,0.0,0.0,16.0,419.925,0.0,0.04,0.0,0.0,Mar,2,4,7,1,Returning_Visitor,False,False
0.0,0.0,0.0,0.0,28.0,688.8064,0.0016475772,0.02,0.0,0.0,Aug,2,2,2,1,Returning_Visitor,False,False
0.0,0.0,0.0,0.0,12.0,191.3254,0.02859648,0.05,0.0,0.0,Nov,1,2,1,2,Returning_Visitor,False,False
2.0,25.041319,0.0,0.0,8.0,101.371124,0.0,0.0304882,0.0,0.0,Nov,2,2,1,2,Returning_Visitor,False,False
0.0,0.0,0.0,0.0,36.0,1059.468,0.018359983,0.039996095,0.0,0.0,Dec,1,1,1,1,Returning_Visitor,False,False
3.0,21.307634,0.0,0.0,28.035456,597.8091,0.0,0.029813679,0.0,0.0,Nov,2,2,2,2,Returning_Visitor,False,False
1.0,0.0,0.0,0.0,26.611023,657.48987,0.0063723708,0.03333333,0.0,0.0,Nov,4,2,1,1,Returning_Visitor,False,False
0.0,0.0,0.0,0.0,22.0,777.21515,0.0,0.022040255,0.0,0.0,Aug,2,2,1,1,Returning_Visitor,False,False
2.0,61.139553,0.0,0.0,13.0,254.04424,0.0,0.025417997,0.0,0.0,Dec,2,2,9,1,Returning_Visitor,False,False
2.0,48.69381,0.0,0.0,21.0,644.71594,0.0,0.027994514,0.0,0.0,Nov,2,2,1,1,Returning_Visitor,False,False
1.0,6.218351,0.0,0.0,26.0,1047.9849,0.0,0.020336043,0.0,0.0,Nov,2,2,1,2,Returning_Visitor,False,False
4.0,71.600105,0.0,0.0,38.0,1236.7568,0.008958309,0.028371947,0.0,0.0,Jul,2,2,7,1,Returning_Visitor,False,False
0.0,0.0,0.0,0.0,23.0,630.7399,0.03333333,0.05,0.0,0.0,Nov,3,2,1,13,Returning_Visitor,False,False
0.0,0.0,0.0,0.0,12.0,256.182,0.028571429,0.05484142,0.0,0.0,Nov,1,1,1,1,Returning_Visitor,False,False
0.0,0.0,0.0,0.0,26.0,767.43243,0.0,0.018517276,0.0,0.0,Dec,2,2,1,1,Returning_Visitor,False,False
0.0,0.0,0.0,0.0,27.0,726.8941,0.0,0.017718494,0.0,0.0,Dec,2,2,4,1,Returning_Visitor,False,False
5.0,129.56407,0.0,0.0,46.486504,1518.6057,0.0057016555,0.017942877,10.480437,0.0,Dec,2,2,1,1,Returning_Visitor,False,False
4.0,76.53488,0.0,0.0,46.0,2006.5057,0.004910131,0.024693804,0.0,0.0,Nov,2,2,7,8,Returning_Visitor,False,True
3.2667449,109.28251,0.0,0.0,45.276028,1339.6997,0.0058145635,0.025082951,0.0,0.0,Dec,2,1,1,1,Returning_Visitor,False,False
3.0,73.65039,0.0,0.0,25.0,574.2193,0.0,0.016666668,0.0,0.0,Dec,1,4,1,2,Returning_Visitor,False,False
0.0,0.0,0.0,0.0,24.0,692.86755,0.03333333,0.05559279,0.0,0.0,Aug,2,2,1,1,Returning_Visitor,False,False
0.0,0.0,0.0,0.0,39.0,919.0442,0.0,0.012276118,0.0,0.0,Nov,1,4,1,2,Returning_Visitor,False,False
3.0,54.470303,0.0,0.0,40.0,1201.667,0.0,0.018043147,9.730746,0.0,Mar,3,2,4,2,Returning_Visitor,True,False
0.0,0.0,0.0,0.0,24.0,713.2246,0.0,0.03365581,0.0,0.0,Sep,2,2,4,1,Returning_Visitor,False,False
0.0,0.0,0.0,0.0,25.0,711.9692,0.0,0.019570086,0.0,0.0,Dec,2,2,1,2,Returning_Visitor,True,False
6.0,91.953415,0.0,0.0,32.826256,850.40283,0.0,0.014285714,0.0,0.0,Dec,2,2,1,2,Returning_Visitor,False,False
0.0,0.0,0.0,0.0,6.0,332.2736,0.0,0.042559832,0.0,0.0,Dec,2,2,1,3,Returning_Visitor,False,False
0.0,0.0,0.0,0.0,25.0,633.2593,0.0,0.028571429,0.0,0.0,Aug,2,2,1,13,Returning_Visitor,False,False
0.0,0.0,0.0,0.0,12.0,475.81393,0.027080432,0.0568253,0.0,0.0,Nov,2,2,1,3,Returning_Visitor,False,False
0.0,0.0,0.0,0.0,10.0,165.33516,0.0,0.05023137,0.0,0.0,Nov,4,2,4,2,Returning_Visitor,False,False
2.0,32.093758,0.0,0.0,39.19002,882.26074,0.0,0.014769589,0.0,0.0,Nov,2,4,3,1,Returning_Visitor,False,False
0.0,0.0,0.0,0.0,25.056627,436.69147,0.0,0.025027456,0.0,0.0,Aug,1,1,1,2,Returning_Visitor,False,False
0.0,0.0,0.0,0.0,12.0,301.17474,0.0,0.035975005,0.0,0.0,Dec,4,2,4,1,Returning_Visitor,False,False
0.0,0.0,0.0,0.0,16.0,339.92575,0.0,0.030414367,0.0,0.0,Aug,2,2,6,9,Returning_Visitor,False,False
0.0,0.0,0.0,0.0,9.0,250.13557,0.0,0.028571429,0.0,0.0,Dec,2,2,1,1,Returning_Visitor,False,False
0.0,0.0,0.0,0.0,9.0,212.54922,0.0,0.05,0.0,0.0,Dec,2,2,1,8,Returning_Visitor,False,False
0.0,0.0,0.0,0.0,18.0,664.16266,0.0059622987,0.026085144,0.0,0.0,Nov,2,2,7,8,Returning_Visitor,False,False
0.0,0.0,0.0,0.0,13.0,244.33495,0.0,0.029377045,0.0,0.0,Dec,4,2,1,1,Returning_Visitor,False,False
0.0,0.0,0.0,0.0,36.0,1343.8993,0.0066508465,0.026774777,0.0,0.0,Dec,4,2,6,2,Returning_Visitor,False,False
3.0,76.788284,0.0,0.0,23.522877,377.3433,0.0,0.025,0.0,0.0,Dec,2,2,4,13,Returning_Visitor,False,False
2.0,29.034794,0.0,0.0,26.0,574.8682,0.0,0.01696458,0.0,0.0,Aug,2,2,7,2,Returning_Visitor,True,False
2.0,34.63032,0.0,0.0,28.84396,638.10596,0.0,0.011111111,0.0,0.0,Dec,2,2,4,2,Returning_Visitor,False,False
3.0,77.27208,0.0,0.0,25.417593,566.47174,0.0,0.01716907,0.0,0.0,Dec,1,2,9,8,Returning_Visitor,False,False
0.0,0.0,0.0,0.0,28.0,549.8221,0.0,0.019028315,0.0,0.0,Sep,2,2,7,2,Returning_Visitor,False,False
0.0,0.0,0.0,0.0,34.0,918.1258,0.0,0.016666668,0.0,0.0,Nov,2,2,7,2,Returning_Visitor,False,False
0.0,0.0,0.0,0.0,24.291798,902.03687,0.020008268,0.041508973,0.0,0.0,Dec,4,2,1,2,Returning_Visitor,False,False
0.0,0.0,0.0,0.0,25.0,412.621,0.0,0.027267333,0.0,0.0,Dec,2,2,1,3,Returning_Visitor,False,False
0.0,0.0,0.0,0.0,15.0,282.32758,0.019968841,0.04543587,0.0,0.0,Dec,3,2,1,1,Returning_Visitor,False,False
2.0,43.902355,0.0,0.0,28.0,654.89233,0.0,0.018913496,0.0,0.0,Dec,2,12,6,8,Returning_Visitor,False,False
4.5760884,79.86816,0.0,0.0,28.0,688.09314,0.0,0.018657103,0.0,0.0,Dec,2,2,4,3,Returning_Visitor,False,False
3.0,32.056408,0.0,0.0,25.0,676.46674,0.0,0.015384615,0.0,0.0,Nov,2,2,1,3,Returning_Visitor,False,False
5.0,110.29714,0.0,0.0,39.0,1492.8937,0.0,0.014285714,16.560778,0.0,Sep,2,2,1,2,Returning_Visitor,False,True
0.0,0.0,0.0,0.0,15.0,442.86426,0.038293384,0.06666667,0.0,0.0,Dec,1,2,3,1,Returning_Visitor,False,False
0.0,0.0,0.0,0.0,3.0,26.479874,0.12893093,0.15037769,0.0,0.0,Nov,1,4,1,3,Returning_Visitor,False,False
0.0,0.0,0.0,0.0,22.0,830.0355,0.017625943,0.04,0.0,0.0,Dec,2,2,1,13,Returning_Visitor,False,False
3.0,54.134052,0.0,0.0,34.244186,1192.9911,0.0,0.0125,56.05274,0.0,Dec,2,2,2,8,Returning_Visitor,False,False
0.0,0.0,0.0,0.0,21.0,453.96362,0.0,0.02146765,0.0,0.0,Dec,1,1,4,1,Returning_Visitor,False,False
0.0,0.0,0.0,0.0,45.0,1570.6028,0.0070103463,0.024235945,0.0,0.0,Dec,1,2,1,13,Returning_Visitor,False,False
0.0,0.0,0.0,0.0,33.28743,655.1067,0.0,0.012214591,0.0,0.0,Aug,4,2,1,2,Returning_Visitor,False,False
0.0,0.0,2.0,37.073776,28.0,1194.6223,0.0,0.011141275,0.0,0.0,Dec,1,1,7,2,New_Visitor,False,False
3.0,42.198895,0.0,0.0,27.0,739.2202,0.0,0.020704905,0.0,0.0,Nov,2,2,1,13,Returning_Visitor,False,False
0.0,0.0,0.0,0.0,33.0,1214.5532,0.0,0.019963553,0.0,0.0,Dec,2,2,1,1,Returning_Visitor,False,False
1.0,15.480395,0.0,0.0,22.0,589.93646,0.007873368,0.02,0.0,0.0,Nov,2,2,1,2,Returning_Visitor,False,False
5.0,138.41603,0.0,0.0,44.0,754.3635,0.0,0.014951121,0.0,0.0,Dec,2,2,1,2,Returning_Visitor,False,False
0.0,0.0,0.0,0.0,9.201396,465.38373,0.0,0.020482324,0.0,0.0,Dec,4,2,7,2,Returning_Visitor,False,False
0.0,0.0,0.0,0.0,15.0,247.50912,0.0,0.016938638,0.0,0.0,Dec,4,2,1,2,Returning_Visitor,False,False
3.0,57.60121,0.0,0.0,11.488154,235.27657,0.0016554059,0.036274996,0.0,0.0,Dec,4,2,9,13,Returning_Visitor,False,False
0.0,0.0,0.0,0.0,25.0,1080.6091,0.013947879,0.04686703,0.0,0.0,Dec,2,2,4,1,Returning_Visitor,False,False
0.0,0.0,0.0,0.0,32.0,1083.7168,0.005572771,0.022480622,0.0,0.0,May,1,2,9,3,Returning_Visitor,False,False
0.0,0.0,0.0,0.0,13.0,269.2338,0.0,0.030355755,0.0,0.0,Nov,3,2,3,3,Returning_Visitor,False,False
0.0,0.0,0.0,0.0,29.492872,649.1264,0.0,0.011336472,0.0,0.0,Jul,1,1,2,2,Returning_Visitor,False,False
3.0,43.35196,0.0,0.0,43.0,1575.5967,0.0,0.015461363,19.265612,0.0,Nov,2,2,1,8,Returning_Visitor,True,False
2.0,38.53964,0.0,0.0,19.0,533.1064,0.010691247,0.024002848,0.0,0.0,Nov,3,2,9,2,Returning_Visitor,False,False
0.0,0.0,0.0,0.0,16.0,475.16135,0.014169263,0.024284407,0.0,0.0,Dec,2,2,9,3,Returning_Visitor,False,False
0.0,0.0,0.0,0.0,34.0,1125.8676,0.0,0.016666668,0.0,0.0,Dec,2,2,1,2,Returning_Visitor,False,False
2.0,102.862206,0.0,0.0,39.0,1162.2181,0.0,0.018181818,0.0,0.0,Jul,2,4,9,1,Returning_Visitor,False,False
0.0,0.0,0.0,0.0,27.078585,702.76056,0.0,0.027104443,0.0,0.0,Dec,3,2,1,3,Returning_Visitor,False,False
0.0,0.0,0.0,0.0,21.0,370.26743,0.0005139043,0.025145542,0.0,0.0,Nov,1,1,1,2,Returning_Visitor,False,False
3.0,37.573284,0.0,0.0,31.0,1138.8738,0.0,0.015608626,0.0,0.0,Dec,2,2,9,1,Returning_Visitor,False,True
0.0,0.0,0.0,0.0,12.0,251.20837,0.0,0.016666668,0.0,0.0,Dec,1,2,9,2,Returning_Visitor,False,False
0.0,0.0,0.0,0.0,32.0,1370.6287,0.0,0.014552899,0.0,0.0,Nov,1,2,3,2,Returning_Visitor,False,False
0.0,0.0,0.0,0.0,31.0,728.2368,0.0,0.024630712,0.0,0.0,Dec,2,2,9,1,Returning_Visitor,False,False
4.0,90.4341,0.0,0.0,45.0,1537.4362,0.0,0.0062102117,32.759693,0.0,Aug,2,2,3,2,Returning_Visitor,False,True
0.0,0.0,0.0,0.0,30.548918,744.03955,0.015374312,0.04,0.0,0.0,Dec,2,2,6,1,Returning_Visitor,False,False
0.0,0.0,0.0,0.0,7.0,204.34995,0.0,0.046846133,0.0,0.0,Nov,2,2,7,1,Returning_Visitor,False,False
0.0,0.0,0.0,0.0,19.0,495.159,0.015379622,0.05,0.0,0.0,Dec,2,2,1,1,Returning_Visitor,False,False
0.0,0.0,0.0,0.0,27.0,1271.5001,0.0,0.025,0.0,0.0,Mar,2,2,1,1,Returning_Visitor,False,False
0.0,0.0,0.0,0.0,36.48039,1985.5386,0.0,0.027246356,0.0,0.0,Aug,2,2,1,1,Returning_Visitor,False,False
4.0,93.777275,0.0,0.0,8.0,171.52492,0.0,0.027922869,0.0,0.0,Dec,1,1,7,2,Returning_Visitor,False,False
0.0,0.0,0.0,0.0,28.0,879.88135,0.0,0.02,0.0,0.0,Dec,2,2,1,1,Returning_Visitor,False,False
5.0,135.46193,0.0,0.0,37.0,662.7152,0.0,0.016666668,0.0,0.0,Dec,2,2,1,4,Returning_Visitor,False,False
0.0,0.0,0.0,0.0,37.612286,875.20166,0.0,0.01750856,25.964102,0.0,Dec,4,2,1,8,Returning_Visitor,False,True
0.0,0.0,0.0,0.0,25.0,694.49817,0.0,0.025,0.0,0.0,Aug,4,4,1,2,Returning_Visitor,False,False
0.0,0.0,0.0,0.0,36.0,722.9975,0.0059678447,0.022222223,0.0,0.0,Dec,2,2,9,2,Returning_Visitor,False,False
0.0,0.0,0.0,0.0,25.0,685.98773,0.0,0.022044932,0.0,0.0,Dec,4,2,7,1,Returning_Visitor,False,False
0.0,0.0,0.0,0.0,23.0,562.35974,0.0,0.023490248,0.0,0.0,Dec,4,1,1,3,Returning_Visitor,False,False
0.0,0.0,0.0,0.0,12.0,367.39734,0.03471289,0.06666667,0.0,0.0,Aug,3,2,1,1,Returning_Visitor,False,False
1.0,0.0,0.0,0.0,33.0,777.6799,0.0,0.020953117,0.0,0.0,Aug,2,2,1,13,Returning_Visitor,False,False
0.0,0.0,0.0,0.0,29.0,582.88184,0.0,0.013049088,361.69568,0.0,Nov,4,1,3,2,Returning_Visitor,False,True
0.0,0.0,0.0,0.0,11.0,502.7069,0.027167005,0.04,0.0,0.0,Dec,1,2,2,1,Returning_Visitor,False,False
0.0,0.0,0.0,0.0,22.0,555.96747,0.017583765,0.03333333,0.0,0.0,Jul,3,2,9,13,Returning_Visitor,False,False
3.0,72.40845,0.0,0.0,51.110798,2084.0977,0.0,0.011079645,0.0,0.0,Dec,2,2,7,13,Returning_Visitor,False,False
0.0,0.0,0.0,0.0,23.0,502.00943,0.014021846,0.028755464,0.0,0.0,Nov,4,1,7,2,Returning_Visitor,False,False
4.0,105.710655,0.0,0.0,42.45254,755.5196,0.0,0.016666668,0.0,0.0,Aug,3,2,1,13,Returning_Visitor,False,False
1.0,31.26988,0.0,0.0,39.0,1013.68866,0.0,0.013333333,17.235046,0.0,Dec,2,2,1,2,Returning_Visitor,False,False
3.0,49.417053,0.0,0.0,25.0,656.6192,0.012167941,0.03333333,0.0,0.0,Jul,2,2,7,1,Returning_Visitor,False,False
0.0,0.0,0.0,0.0,34.0,1037.8102,0.0125,0.025,0.0,0.0,Nov,1,1,1,14,Returning_Visitor,False,False
2.0,53.525223,0.0,0.0,24.0,539.6919,0.014539058,0.03264557,0.0,0.0,Aug,2,4,2,1,Returning_Visitor,False,False
6.0,174.93475,0.0,0.0,44.0,1226.9622,0.0,0.011111111,0.0,0.0,Dec,2,2,1,1,Returning_Visitor,False,False
0.0,0.0,0.0,0.0,20.0,576.68536,0.0,0.029245147,0.0,0.0,Nov,2,2,3,2,Returning_Visitor,False,False
0.0,0.0,0.0,0.0,29.0,754.81836,0.0,0.02072241,0.0,0.0,Dec,2,2,1,10,Returning_Visitor,False,False
0.0,0.0,0.0,0.0,28.0,909.26056,0.009484579,0.033311933,0.0,0.0,Nov,2,2,1,2,Returning_Visitor,False,False
4.0,79.89806,0.0,0.0,23.0,534.8369,0.0,0.016572667,23.216356,0.0,Sep,2,2,1,2,Returning_Visitor,False,True
2.0,27.39666,0.0,0.0,46.43765,1193.2805,0.009090909,0.03185822,0.0,0.0,Nov,2,2,1,2,Returning_Visitor,False,False
3.0,64.11259,0.0,0.0,31.0,704.621,0.0,0.020436665,0.0,0.0,Dec,1,1,1,2,Returning_Visitor,False,False
0.0,0.0,0.0,0.0,9.0,185.3365,0.0,0.046315517,0.0,0.0,Nov,1,2,1,3,Returning_Visitor,False,False
0.0,0.0,0.0,0.0,25.909555,672.59827,0.014540026,0.027888495,0.0,0.0,Nov,2,2,1,2,Returning_Visitor,False,False
0.0,0.0,0.0,0.0,31.0,1139.1598,0.0,0.024687888,0.0,0.0,Nov,1,1,1,2,Returning_Visitor,False,False
0.0,0.0,0.0,0.0,33.10027,1029.168,0.0125,0.027720353,0.0,0.0,Dec,3,2,1,8,Returning_Visitor,False,False
0.0,0.0,0.0,0.0,23.0,500.87173,0.0,0.037494045,0.0,0.0,Dec,2,2,1,1,Returning_Visitor,False,False
0.0,0.0,0.0,0.0,15.0,309.43243,0.0,0.03333333,0.0,0.0,Dec,2,2,1,13,Returning_Visitor,False,False
0.0,0.0,0.0,0.0,12.0,292.36526,0.035421517,0.06253895,0.0,0.0,Nov,4,2,1,3,Returning_Visitor,False,False
2.9184093,64.79182,0.0,0.0,35.0,805.8571,0.011111111,0.03333333,0.0,0.0,Dec,1,2,1,1,Returning_Visitor,False,False
4.0,106.76592,0.0,0.0,32.0,768.0379,0.0046119564,0.010628524,0.0,0.0,Nov,4,1,1,2,Returning_Visitor,False,False
2.0,45.65959,0.0,0.0,29.0,446.01575,0.0,0.016152529,0.0,0.0,Dec,2,2,4,2,Returning_Visitor,False,False
3.0,56.6823,0.0,0.0,21.0,358.8936,0.0,0.023474518,0.0,0.0,Aug,2,2,1,19,Returning_Visitor,False,False
0.0,0.0,0.0,0.0,15.0,555.102,0.0,0.025,0.0,0.0,Nov,1,2,1,2,Returning_Visitor,False,False
0.0,0.0,0.0,0.0,11.0,385.18713,0.03291321,0.055960063,0.0,0.0,May,1,2,7,1,Returning_Visitor,False,False
2.0,25.695812,0.0,0.0,25.0,684.6885,0.0,0.013333333,0.0,0.0,Jul,2,2,7,2,Returning_Visitor,False,False
0.0,0.0,0.0,0.0,23.0,670.6952,0.0,0.022222223,0.0,0.0,Nov,2,2,4,1,Returning_Visitor,False,False
4.0,108.59824,0.0,0.0,19.0,314.01596,0.0,0.016666668,0.0,0.0,Aug,1,4,1,3,Returning_Visitor,False,False
4.0,100.92852,0.0,0.0,39.022293,1196.4249,0.0,0.014648676,0.0,0.0,Dec,2,2,7,2,Returning_Visitor,False,False
2.0,55.247265,0.0,0.0,12.0,436.07446,0.0,0.02,16.775381,0.0,Dec,1,2,1,2,Returning_Visitor,False,False
1.0,0.0,0.0,0.0,31.32985,789.3043,0.0,0.019234726,0.0,0.0,Nov,2,2,1,1,Returning_Visitor,False,False
0.0,0.0,0.0,0.0,13.0,237.32426,0.0,0.025,0.0,0.0,Dec,2,2,1,1,Returning_Visitor,False,False
0.0,0.0,0.0,0.0,19.0,365.94467,0.028571429,0.053706832,0.0,0.0,Nov,2,2,1,1,Returning_Visitor,False,False
0.0,0.0,0.0,0.0,23.0,615.51825,0.013333333,0.024647722,0.0,0.0,Dec,3,2,4,1,Returning_Visitor,False,False
0.0,0.0,0.0,0.0,31.0,590.82367,0.0,0.025,0.0,0.0,Dec,1,1,1,15,Returning_Visitor,False,False
0.0,0.0,0.0,0.0,27.0,709.4401,0.0,0.022222223,0.0,0.0,Nov,2,2,1,13,Returning_Visitor,False,False
2.862552,19.24256,0.0,0.0,27.0,478.56015,0.0,0.020775722,0.0,0.0,Nov,2,2,1,2,Returning_Visitor,False,False
0.0,0.0,0.0,0.0,30.0,922.5218,0.00879041,0.026144506,0.0,0.0,Nov,1,2,3,13,Returning_Visitor,False,False
0.0,0.0,0.0,0.0,24.0,610.4853,0.0,0.027766483,0.0,0.0,Aug,3,2,4,2,Returning_Visitor,False,False
0.0,0.0,0.0,0.0,16.0,454.9186,0.015384615,0.04,0.0,0.0,Nov,2,8,1,3,Returning_Visitor,False,False
2.0,49.302155,0.0,0.0,43.0,1267.1837,0.0,0.024088854,0.0,0.0,Dec,2,2,3,2,Returning_Visitor,False,True
2.0,52.37832,0.0,0.0,41.3058,1415.4711,0.010280996,0.029137112,0.0,0.0,Dec,2,2,9,1,Returning_Visitor,False,False
0.0,0.0,0.0,0.0,43.942516,744.8027,0.008545939,0.018526336,0.0,0.0,Dec,1,2,3,13,Returning_Visitor,False,False
4.0,62.875175,0.0,0.0,35.302303,773.2766,0.0044108527,0.016666668,0.0,0.0,Nov,3,2,7,1,Returning_Visitor,False,False
0.0,0.0,0.0,0.0,21.0,568.8628,0.0,0.023473939,0.0,0.0,Aug,3,2,9,2,Returning_Visitor,False,False
2.0,39.553085,0.0,0.0,17.0,418.22708,0.0,0.014426762,0.0,0.0,Dec,7,2,1,3,Returning_Visitor,False,False
0.0,0.0,0.0,0.0,26.308146,834.1903,0.0,0.02240833,0.0,0.0,Dec,2,2,6,1,Returning_Visitor,False,False
3.0,78.59074,0.0,0.0,11.0,238.31017,0.0,0.012454812,0.0,0.0,Dec,2,2,4,2,New_Visitor,False,False
0.0,0.0,0.0,0.0,12.0,236.97737,0.032348394,0.060399614,0.0,0.0,Dec,2,2,1,1,Returning_Visitor,False,False
0.0,0.0,0.0,0.0,12.0,306.02588,0.0,0.024257295,0.0,0.0,Dec,2,2,1,2,Returning_Visitor,False,False
0.0,0.0,0.0,0.0,7.0,152.4747,0.05,0.07753579,0.0,0.0,Nov,1,1,1,1,Returning_Visitor,False,False
3.0,84.95873,0.0,0.0,17.0,563.3582,0.0,0.012457801,0.0,0.0,Dec,4,2,2,2,Returning_Visitor,False,False
0.0,0.0,0.0,0.0,16.0,560.43176,0.0,0.02097378,0.0,0.0,Aug,2,2,2,2,Returning_Visitor,False,False
0.0,0.0,0.0,0.0,17.0,358.06268,0.028571429,0.059698217,0.0,0.0,Aug,2,2,1,2,Returning_Visitor,False,False
1.0,26.151226,0.0,0.0,26.0,850.84393,0.005595229,0.02775931,0.0,0.0,Dec,2,2,4,2,Returning_Visitor,False,False
0.0,0.0,0.0,0.0,16.0,862.8743,0.0,0.028571429,0.0,0.0,Dec,2,4,6,2,Returning_Visitor,False,False
0.0,0.0,0.0,0.0,14.0,228.97585,0.0,0.035843648,0.0,0.0,Jul,2,5,7,1,Returning_Visitor,False,False
0.0,0.0,0.0,0.0,33.0,597.68536,0.0,0.025,0.0,0.0,Jul,2,2,1,3,Returning_Visitor,False,False
0.0,0.0,0.0,0.0,10.0,203.8018,0.0,0.02856134,0.0,0.0,Dec,2,2,1,1,Returning_Visitor,False,False
0.0,0.0,0.0,0.0,11.0,274.76666,0.025,0.05697567,0.0,0.0,Dec,1,1,1,3,Returning_Visitor,False,False
0.0,0.0,0.0,0.0,19.0,473.89584,0.0,0.023773499,0.0,0.0,Nov,2,2,1,1,Returning_Visitor,False,False
0.0,0.0,0.0,0.0,21.0,529.321,0.019094078,0.046234917,0.0,0.0,May,2,4,8,3,Returning_Visitor,False,False
3.0,42.259285,0.0,0.0,25.425873,701.07086,0.0072119087,0.022222223,0.0,0.0,Dec,2,2,1,2,Returning_Visitor,False,False
0.0,0.0,0.0,0.0,36.0,837.22943,0.0,0.018906066,0.0,0.0,Nov,2,2,1,13,Returning_Visitor,True,False
4.0,103.73409,0.0,0.0,52.0,1746.2783,0.0,0.014402269,0.0,0.0,Nov,2,2,1,2,Returning_Visitor,False,False
0.0,0.0,0.0,0.0,11.0,158.88374,0.02100783,0.05,0.0,0.0,Nov,2,2,9,1,Returning_Visitor,False,False
2.9035842,49.57044,0.0,0.0,23.361177,454.66992,0.010354269,0.026169412,0.0,0.0,Nov,2,2,1,1,Returning_Visitor,False,False
4.0,131.70668,0.0,0.0,37.0,1644.6179,0.0,0.019643571,7.5642347,0.0,Dec,6,2,2,1,Returning_Visitor,False,True
3.0,39.27062,0.0,0.0,38.46943,1348.9388,0.0,0.015462213,0.0,0.0,Dec,2,2,4,2,Returning_Visitor,False,False
0.0,0.0,0.0,0.0,10.0,230.91681,0.0,0.04251854,0.0,0.0,Aug,2,4,9,1,Returning_Visitor,False,False
0.0,0.0,0.0,0.0,30.0,580.42303,0.0,0.021403048,0.0,0.0,Nov,2,2,1,2,Returning_Visitor,False,False
0.0,0.0,0.0,0.0,11.4812765,442.1343,0.0,0.044613667,0.0,0.0,Sep,2,2,1,1,Returning_Visitor,False,False
4.0,101.87198,0.0,0.0,42.577118,931.9909,0.0,0.016666668,0.0,0.0,Aug,1,2,7,2,Returning_Visitor,False,False
3.0,32.45388,0.0,0.0,11.0,205.50934,0.0,0.025,0.0,0.0,Aug,2,2,1,2,Returning_Visitor,False,True
6.0,145.20871,2.0,104.80072,70.34081,2293.5881,0.0,0.016368661,0.0,0.0,Nov,2,2,1,2,Returning_Visitor,False,False
0.0,0.0,0.0,0.0,14.0,313.41095,0.033214655,0.05,0.0,0.0,Nov,3,2,8,1,Returning_Visitor,False,False
0.0,0.0,0.0,0.0,27.0,595.1654,0.0,0.020744525,0.0,0.0,Dec,4,2,1,13,Returning_Visitor,False,False
0.0,0.0,0.0,0.0,10.0,184.3837,0.037400626,0.05834812,0.0,0.0,Nov,1,1,1,1,Returning_Visitor,False,False
0.0,0.0,0.0,0.0,32.0,1387.2814,0.011936537,0.04288616,0.0,0.0,Aug,2,2,1,15,Returning_Visitor,False,False
0.0,0.0,0.0,0.0,9.0,163.71927,0.03333333,0.062091716,0.0,0.0,Dec,1,4,1,1,Returning_Visitor,False,False
2.0,43.876427,0.0,0.0,27.0,655.56793,0.0,0.014736341,0.0,0.0,Nov,2,2,6,1,Returning_Visitor,False,False
3.0,49.115593,0.0,0.0,13.920781,326.88953,0.0,0.027075004,0.0,0.0,Nov,4,1,1,8,Returning_Visitor,False,False
0.0,0.0,0.0,0.0,12.383047,286.70996,0.0,0.025755655,0.0,0.0,Dec,2,2,7,2,Returning_Visitor,False,False
2.0,23.976606,0.0,0.0,21.67313,349.34857,0.0067773787,0.028564772,0.0,0.0,Dec,2,2,6,13,Returning_Visitor,False,False
3.0,56.363277,0.0,0.0,55.260307,1695.9999,0.0054099965,0.02,0.0,0.0,Nov,2,2,1,1,Returning_Visitor,False,False
5.0,89.454346,0.0,0.0,39.0,1180.722,0.0,0.018076178,34.93228,0.0,Aug,4,2,1,2,Returning_Visitor,False,True
3.0,80.19339,0.0,0.0,45.0,1628.5383,0.0027823863,0.018998966,11.37384,0.0,Dec,4,1,1,2,Returning_Visitor,True,False
0.0,0.0,0.0,0.0,20.0,650.8432,0.0,0.02,0.0,0.0,Nov,2,2,1,1,Returning_Visitor,False,False
5.0,67.869736,0.0,0.0,20.0,402.25162,0.008314269,0.02471447,0.0,0.0,Dec,2,2,7,1,Returning_Visitor,False,False
0.0,0.0,0.0,0.0,21.0,539.525,0.0,0.023858067,0.0,0.0,Dec,2,2,1,1,Returning_Visitor,False,False
0.0,0.0,0.0,0.0,22.0,422.39594,0.0,0.019243414,0.0,0.0,Mar,2,4,3,1,Returning_Visitor,False,False
0.0,0.0,0.0,0.0,27.0,812.7648,0.0019791313,0.027796833,0.0,0.0,Nov,3,2,4,3,Returning_Visitor,False,False
0.0,0.0,0.0,0.0,37.0,765.6865,0.0,0.016442267,0.0,0.0,Nov,2,2,1,1,Returning_Visitor,False,True
5.0,151.44714,0.0,0.0,22.0,676.2629,0.0,0.008333333,0.0,0.0,Aug,2,2,1,2,New_Visitor,False,False
2.0,30.424318,0.0,0.0,28.863422,820.8748,0.0,0.011102682,0.0,0.0,Dec,2,2,1,13,Returning_Visitor,False,False
0.0,0.0,0.0,0.0,16.0,739.7973,0.0,0.025,0.0,0.0,Nov,4,1,4,2,Returning_Visitor,False,False
0.0,0.0,0.0,0.0,28.0,701.75714,0.013638809,0.03887669,0.0,0.0,Aug,2,2,7,1,Returning_Visitor,False,False
4.0,102.17198,0.0,0.0,72.36793,3271.6152,0.006666667,0.020258598,5.7190385,0.0,Nov,4,1,1,2,Returning_Visitor,False,False
0.0,0.0,0.0,0.0,9.0,307.98325,0.02689216,0.03999865,0.0,0.0,Nov,3,2,6,13,Returning_Visitor,False,False
0.0,0.0,0.0,0.0,21.0,338.97702,0.0,0.031094898,0.0,0.0,Dec,2,1,7,1,Returning_Visitor,False,True
4.0,62.500065,0.0,0.0,26.0,741.38464,0.005606859,0.020663846,0.0,0.0,Aug,1,1,2,2,Returning_Visitor,False,False
0.0,0.0,0.0,0.0,28.0,883.7432,0.008509832,0.03333333,0.0,0.0,Nov,4,1,4,2,Returning_Visitor,False,False
2.0,61.84808,0.0,0.0,28.0,709.75507,0.0073454096,0.018887049,0.0,0.0,Aug,1,1,1,1,Returning_Visitor,False,False
0.0,0.0,0.0,0.0,17.0,710.19305,0.0,0.019808147,0.0,0.0,Dec,2,2,3,2,Returning_Visitor,False,False
0.0,0.0,0.0,0.0,25.18756,463.55533,0.012774197,0.028571429,0.0,0.0,Nov,1,2,1,2,Returning_Visitor,False,False
1.0,0.0,0.0,0.0,21.0,554.57574,0.0,0.027243521,0.0,0.4,May,2,2,1,13,Returning_Visitor,False,False
4.0,67.64372,0.0,0.0,38.60865,781.17365,0.0,0.016666668,0.0,0.0,Nov,2,2,1,2,Returning_Visitor,False,False
0.0,0.0,0.0,0.0,14.653529,438.8807,0.02903194,0.045876957,0.0,0.0,Dec,3,2,1,1,Returning_Visitor,False,False
0.0,0.0,0.0,0.0,13.0,314.5469,0.0,0.019986572,0.0,0.0,Dec,1,4,9,2,Returning_Visitor,False,False
1.0,28.85996,0.0,0.0,40.047024,2088.1633,0.0069375765,0.02653068,0.0,0.0,Dec,2,2,4,2,Returning_Visitor,False,False
0.0,0.0,0.0,0.0,10.008012,234.53726,0.019939998,0.0526392,0.0,0.0,Dec,2,4,1,1,Returning_Visitor,False,False
0.0,0.0,0.0,0.0,25.0,655.6826,0.0,0.025,0.0,0.0,Sep,2,2,9,3,Returning_Visitor,False,False
0.0,0.0,0.0,0.0,13.0,227.80995,0.0,0.01655361,0.0,0.0,Aug,2,2,1,2,Returning_Visitor,False,False
0.0,0.0,0.0,0.0,23.0,652.4998,0.0,0.012470938,0.0,0.0,Nov,1,1,1,2,Returning_Visitor,False,False
0.0,0.0,0.0,0.0,25.0,666.015,0.013138637,0.032709032,0.0,0.0,Dec,4,1,2,1,Returning_Visitor,False,False
0.0,0.0,0.0,0.0,11.0,535.3891,0.0,0.04391892,0.0,0.0,Nov,2,2,4,2,Returning_Visitor,False,False
0.0,0.0,0.0,0.0,13.0,585.4425,0.0,0.032071646,0.0,0.0,Nov,1,2,3,1,Returning_Visitor,False,False
0.0,0.0,0.0,0.0,20.0,506.84042,0.0,0.030680448,0.0,0.0,Nov,2,2,9,1,Returning_Visitor,False,False
3.0,46.98831,0.0,0.0,12.772968,543.46515,0.0,0.016540533,0.0,0.0,Nov,2,2,1,1,Returning_Visitor,False,True
0.0,0.0,0.0,0.0,20.0,462.54422,0.012720738,0.04146276,0.0,0.0,Dec,2,2,1,1,Returning_Visitor,False,False
2.0,37.022404,0.0,0.0,24.0,645.7188,0.0,0.013789255,0.0,0.0,Dec,2,2,4,1,Returning_Visitor,False,False
0.0,0.0,0.0,0.0,46.0,1723.4531,0.0031346593,0.02263989,0.0,0.0,Dec,2,2,1,1,Returning_Visitor,False,False
0.0,0.0,0.0,0.0,17.0,475.42447,0.0,0.020830508,0.0,0.0,Aug,2,2,8,3,Returning_Visitor,False,False
0.0,0.0,0.0,0.0,46.67001,1275.2102,0.0022114983,0.023535632,0.0,0.0,Dec,2,2,1,1,Returning_Visitor,False,False
5.0,82.09093,0.0,0.0,43.0,1486.3818,0.0068631093,0.025,0.5834795,0.0,Nov,2,2,1,13,Returning_Visitor,False,False
3.0,50.635284,0.0,0.0,23.0,441.74664,0.0,0.022222223,0.0,0.0,Nov,2,2,1,1,Returning_Visitor,False,False
3.0,78.32184,0.0,0.0,52.889736,2128.4849,0.005932552,0.020020995,11.71868,0.0,Nov,1,1,1,8,Returning_Visitor,False,True
3.0,31.94467,0.0,0.0,20.0,1036.6547,0.0,0.015726201,0.0,0.0,Nov,2,2,1,2,Returning_Visitor,False,False
0.0,0.0,0.0,0.0,16.633278,448.41968,0.028571429,0.056824256,0.0,0.0,Dec,3,2,4,1,Returning_Visitor,False,False
0.0,0.0,0.0,0.0,24.0,684.0706,0.0,0.027720623,0.0,0.0,Nov,2,2,4,3,Returning_Visitor,False,False
0.0,0.0,0.0,0.0,11.0,217.58255,0.0,0.038233083,0.0,0.0,Dec,2,1,1,1,Returning_Visitor,False,False
3.0,99.563095,0.0,0.0,33.0,1069.6467,0.0125,0.0323158,0.0,0.0,Nov,1,2,1,1,Returning_Visitor,False,False
0.0,0.0,0.0,0.0,17.0,193.93974,0.010574358,0.04687941,0.0,0.0,Dec,2,2,1,3,Returning_Visitor,False,False
3.0,39.24996,0.0,0.0,24.0,741.78143,0.0,0.010474932,0.0,0.0,Dec,2,2,7,2,Returning_Visitor,False,False
4.0,92.41387,0.0,0.0,28.0,791.5503,0.0,0.015639534,0.0,0.0,Dec,2,2,1,2,Returning_Visitor,False,False
4.194609,70.112465,0.0,0.0,36.0,835.4374,0.0,0.016666668,0.0,0.0,Oct,2,2,7,13,Returning_Visitor,False,False
3.0,34.660225,0.0,0.0,30.0,707.05505,0.011086992,0.029123034,0.0,0.0,Aug,2,2,1,2,Returning_Visitor,False,False
2.0,36.836887,0.0,0.0,63.863605,2284.005,0.0036673283,0.019245187,0.0,0.0,Nov,2,2,1,1,Returning_Visitor,False,False
3.0,76.69039,0.0,0.0,29.0,582.52563,0.0,0.014285714,0.0,0.0,May,2,4,4,3,Returning_Visitor,False,False
0.0,0.0,0.0,0.0,24.0,605.73737,0.013255073,0.038825803,0.0,0.0,Jul,4,2,1,3,Returning_Visitor,False,False
1.0,14.576537,0.0,0.0,24.0,509.40256,0.0,0.014865915,0.0,0.0,Aug,4,2,1,2,Returning_Visitor,False,True
0.0,0.0,0.0,0.0,52.0,1391.5026,0.00524875,0.028033808,0.0,0.0,Aug,2,2,1,1,Returning_Visitor,False,False
0.0,0.0,0.0,0.0,30.0,747.48395,0.0,0.01245758,0.0,0.0,Nov,2,2,7,2,Returning_Visitor,False,False
1.0,0.0,0.0,0.0,8.0,163.91504,0.0,0.025817838,0.0,0.0,Dec,2,2,9,2,Returning_Visitor,False,False
0.0,0.0,0.0,0.0,7.0,116.84607,0.03333333,0.059874702,0.0,0.0,Dec,1,4,9,3,Returning_Visitor,False,False
0.0,0.0,0.0,0.0,16.0,339.1633,0.0,0.03333333,0.0,0.0,Nov,2,2,1,3,Returning_Visitor,False,False
0.0,0.0,0.0,0.0,25.0,529.8345,0.0,0.02,0.0,0.0,Nov,4,2,4,1,Returning_Visitor,False,False
1.0,0.0,0.0,0.0,29.0,507.49817,0.0,0.022568552,0.0,0.0,Dec,2,4,1,13,Returning_Visitor,False,False
0.0,0.0,0.0,0.0,14.0,332.30038,0.05798087,0.082518436,0.0,0.0,Nov,2,2,1,1,Returning_Visitor,False,False
7.0,130.26776,0.0,0.0,65.51794,1924.6293,0.0,0.015388543,6.977697,0.0,Dec,2,2,1,2,Returning_Visitor,False,True
4.0,78.94923,0.0,0.0,27.0,1197.6471,0.0,0.022731673,0.0,0.0,Aug,2,2,1,2,Returning_Visitor,False,False
0.0,0.0,0.0,0.0,27.0,676.29584,0.013333333,0.03605621,0.0,0.0,Jul,1,1,1,2,Returning_Visitor,False,False
0.0,0.0,0.0,0.0,16.0,255.59679,0.0065700454,0.04,0.0,0.0,Nov,2,4,1,3,Returning_Visitor,False,False
0.0,0.0,0.0,0.0,24.0,629.53375,0.011450163,0.03333333,0.0,0.0,Nov,1,2,1,3,Returning_Visitor,False,False
3.0,60.573254,0.0,0.0,24.6397,575.94556,0.011617259,0.02762943,0.0,0.0,Aug,4,1,7,1,Returning_Visitor,False,False
0.0,0.0,0.0,0.0,29.0,738.94037,0.0,0.022507537,0.0,0.0,Nov,2,2,3,1,Returning_Visitor,False,False
0.0,0.0,0.0,0.0,12.0,197.0967,0.023519065,0.04655676,0.0,0.0,Nov,1,1,9,3,Returning_Visitor,False,False
2.0,47.822178,0.0,0.0,30.0,959.84564,0.012523735,0.025,0.0,0.0,Dec,3,2,1,13,Returning_Visitor,False,False
0.0,0.0,0.0,0.0,7.0,202.73276,0.0,0.034756135,0.0,0.0,Dec,4,1,1,2,Returning_Visitor,False,False
3.0,57.500687,0.0,0.0,35.0,629.69434,0.0,0.011852573,0.0,0.0,Dec,1,2,1,1,Returning_Visitor,False,False
0.0,0.0,0.0,0.0,22.0,681.1279,0.0,0.021277392,0.0,0.0,Aug,1,1,9,14,Returning_Visitor,False,False
4.0,67.428085,0.0,0.0,22.0,467.52338,0.0049889022,0.025,0.0,0.0,Dec,4,2,1,9,Returning_Visitor,False,False
0.0,0.0,0.0,0.0,43.12817,815.357,0.0,0.0126554025,22.367304,0.0,Aug,4,4,1,1,Returning_Visitor,False,True
0.0,0.0,0.0,0.0,11.0,226.78903,0.0016735797,0.05,0.0,0.0,Dec,1,2,4,3,Returning_Visitor,False,False
0.0,0.0,0.0,0.0,27.311306,532.8168,0.0,0.022169715,0.0,0.0,Dec,3,2,1,1,Returning_Visitor,False,False
0.0,0.0,0.0,0.0,15.0,474.8426,0.0,0.034241877,0.0,0.0,Nov,2,2,1,2,Returning_Visitor,False,False
0.0,0.0,0.0,0.0,18.0,486.91827,0.0,0.018178672,0.0,0.0,Dec,2,2,1,3,Returning_Visitor,False,False
4.0,70.75236,0.0,0.0,23.0,575.0702,0.0,0.023027686,0.0,0.0,Dec,2,2,1,2,Returning_Visitor,False,False
0.0,0.0,0.0,0.0,31.0,1167.8949,0.0,0.017597785,0.0,0.0,Nov,2,2,9,2,Returning_Visitor,False,False
2.0,69.548836,0.0,0.0,41.479874,1320.229,0.0,0.016666668,12.146242,0.0,Jul,2,2,1,1,Returning_Visitor,False,False
4.0,94.52623,0.0,0.0,39.0,960.0479,0.0,0.014433901,0.0,0.0,Mar,1,4,1,2,Returning_Visitor,False,False
0.0,0.0,0.0,0.0,31.72525,1349.8011,0.010575074,0.03333333,0.0,0.0,Nov,2,2,1,2,Returning_Visitor,False,False
0.0,0.0,0.0,0.0,17.0,443.9083,0.02227197,0.04,0.0,0.0,Nov,3,2,1,1,Returning_Visitor,False,False
6.0,67.09043,0.0,0.0,37.0,1211.7977,0.0,0.016666668,0.0,0.0,Nov,2,2,3,13,Returning_Visitor,False,False
5.0,89.32333,0.0,0.0,42.0,1447.4978,0.0,0.016666668,0.0,0.0,Aug,2,2,1,9,Returning_Visitor,False,False
4.0,132.49301,0.0,0.0,43.0,1104.0243,0.007318723,0.025,0.0,0.0,Aug,2,2,4,1,Returning_Visitor,False,False
2.1744716,48.374603,0.0,0.0,48.809242,2420.9321,0.00742879,0.027237492,7.9340916,0.0,Jul,2,2,1,1,Returning_Visitor,False,False
0.0,0.0,0.0,0.0,19.0,559.88403,0.03686174,0.061036926,0.0,0.0,Nov,1,1,1,1,Returning_Visitor,False,False
0.0,0.0,0.0,0.0,4.313564,109.99602,0.0,0.05,0.0,0.0,Dec,2,2,4,2,Returning_Visitor,False,False
2.0,99.91203,0.0,0.0,27.667007,723.82574,0.021062192,0.02916409,0.0,0.0,Aug,3,2,1,13,Returning_Visitor,False,False
4.0,75.627655,0.0,0.0,14.0,518.73254,0.0,0.016078234,0.0,0.0,Aug,2,2,1,2,Returning_Visitor,False,False
0.0,0.0,0.0,0.0,13.0,555.76794,0.0,0.028571429,0.0,0.0,Nov,2,2,4,9,Returning_Visitor,False,False
0.0,0.0,0.0,0.0,2.0,0.0,0.2,0.2,0.0,0.0,Aug,3,2,1,1,Returning_Visitor,False,False
0.0,0.0,0.0,0.0,14.0,322.45828,0.004020464,0.040578336,0.0,0.0,Nov,1,1,6,3,Returning_Visitor,False,False
6.0,107.828606,1.0,0.0,42.0,1073.5638,0.0,0.011692769,0.0,0.0,Nov,2,2,3,2,Returning_Visitor,False,False
2.0,42.60849,0.0,0.0,13.0,338.49493,0.0,0.016259309,0.0,0.0,Aug,2,2,1,2,New_Visitor,False,False
0.0,0.0,0.0,0.0,46.101173,1055.679,0.022222223,0.04135694,0.0,0.0,Dec,3,2,1,1,Returning_Visitor,False,False
4.0,76.44682,0.0,0.0,41.0,2036.3679,0.0,0.015177896,26.264212,0.0,Dec,1,2,1,9,Returning_Visitor,False,False
0.0,0.0,0.0,0.0,43.0,865.33453,0.0,0.015780324,0.0,0.0,Dec,2,2,1,2,New_Visitor,False,False
1.0,38.913147,0.0,0.0,28.0,830.8527,0.0,0.012902416,0.0,0.0,Dec,1,1,1,15,Returning_Visitor,False,False
0.0,0.0,0.0,0.0,26.0,642.47955,0.013142784,0.02987899,0.0,0.0,Jul,4,2,4,1,Returning_Visitor,False,False
0.0,0.0,0.0,0.0,38.210773,882.7409,0.0,0.025,0.0,0.0,Nov,2,4,1,19,Returning_Visitor,False,False
5.0,86.26115,0.0,0.0,41.343502,1298.4465,0.004184707,0.023243695,0.0,0.0,Aug,2,2,1,13,Returning_Visitor,False,True
4.0,147.78047,0.0,0.0,37.91031,661.54034,0.0,0.012992275,0.0,0.0,Aug,1,4,3,2,Returning_Visitor,False,False
0.0,0.0,0.0,0.0,18.0,268.94174,0.0,0.031501785,0.0,0.0,Dec,1,2,1,1,Returning_Visitor,True,False
0.0,0.0,0.0,0.0,47.0,1707.8348,0.018181818,0.043391917,0.0,0.0,Dec,2,2,1,3,Returning_Visitor,False,False
3.0,46.086205,0.0,0.0,26.0,747.68445,0.0,0.015981331,10.104619,0.0,Nov,2,4,7,2,Returning_Visitor,False,False
0.0,0.0,0.0,0.0,14.0,278.975,0.0,0.04,0.0,0.0,Dec,1,1,1,1,Returning_Visitor,False,False
0.0,0.0,0.0,0.0,20.0,491.1263,0.0,0.023960916,0.0,0.0,Dec,2,2,1,2,Returning_Visitor,False,False
3.0,64.53673,0.0,0.0,18.0,582.0139,0.0,0.017824093,0.0,0.0,Dec,2,2,4,2,Returning_Visitor,False,False
0.0,0.0,0.0,0.0,25.0,733.6731,0.0,0.010017821,0.0,0.0,Dec,2,2,1,2,Returning_Visitor,False,False
0.0,0.0,0.0,0.0,43.0,1577.5316,0.008685729,0.030726824,0.0,0.0,Mar,2,2,1,1,Returning_Visitor,False,False
3.0,71.893074,0.0,0.0,29.0,1588.9302,0.0,0.012191354,13.946927,0.0,Dec,2,2,8,1,Returning_Visitor,False,True
0.0,0.0,0.0,0.0,23.0,728.79553,0.0,0.019804388,2.6851306,0.0,Dec,2,1,1,2,Returning_Visitor,False,True
0.0,0.0,0.0,0.0,29.019144,1353.0671,0.011927258,0.03333333,0.0,0.0,Aug,4,2,1,2,Returning_Visitor,False,False
2.0,36.099625,0.0,0.0,24.0,630.7243,0.0,0.025,0.0,0.0,Jul,2,2,6,4,Returning_Visitor,False,False
0.0,0.0,0.0,0.0,14.0,312.281,0.0,0.04,0.0,0.0,Nov,2,2,1,3,Returning_Visitor,False,False
0.0,0.0,0.0,0.0,19.0,601.566,0.021276554,0.05,0.0,0.0,Dec,2,2,4,1,Returning_Visitor,False,False
2.0,49.610966,0.0,0.0,28.0,894.8496,0.0,0.008476822,0.0,0.0,Dec,1,1,8,2,Returning_Visitor,False,False
0.0,0.0,0.0,0.0,23.0,518.45416,0.0,0.020875126,0.0,0.0,Aug,1,4,1,3,Returning_Visitor,False,False
0.0,0.0,0.0,0.0,42.830482,848.0156,0.0,0.016666668,0.0,0.0,Dec,2,2,3,2,Returning_Visitor,False,False
2.0,29.155428,0.0,0.0,28.0,1003.5376,0.0,0.011111111,0.0,0.0,Nov,2,4,1,2,Returning_Visitor,False,False
0.0,0.0,0.0,0.0,25.0,1305.293,0.0,0.031158732,0.0,0.0,Nov,2,2,8,1,Returning_Visitor,False,False
0.0,0.0,0.0,0.0,48.0,1177.6641,0.00558034,0.026175246,0.0,0.0,Dec,2,4,1,2,Returning_Visitor,True,False
0.0,0.0,0.0,0.0,14.0,350.54453,0.0,0.022644732,0.0,0.0,Nov,2,2,9,2,Returning_Visitor,False,False
0.0,0.0,0.0,0.0,11.0,221.02855,0.0,0.027313098,0.0,0.0,Nov,2,2,1,2,Returning_Visitor,False,False
5.0,67.649086,0.0,0.0,14.0,351.18976,0.0,0.01235558,0.0,0.0,Sep,2,2,1,2,Returning_Visitor,False,False
0.0,0.0,0.0,0.0,34.0,789.101,0.0031320907,0.016666668,0.0,0.0,Dec,2,4,1,2,Returning_Visitor,False,False
0.0,0.0,0.0,0.0,24.0,783.85046,0.0,0.027222043,0.0,0.0,Dec,4,2,1,2,Returning_Visitor,False,False
3.1899152,109.40216,0.0,0.0,19.0,407.66013,0.0,0.02,0.0,0.0,Dec,4,1,1,3,Returning_Visitor,False,False
0.0,0.0,0.0,0.0,17.0,537.1991,0.03900229,0.05428827,0.0,0.0,Mar,3,2,2,1,Returning_Visitor,False,False
0.0,0.0,0.0,0.0,28.0,597.5697,0.0,0.026360752,0.0,0.0,Aug,2,2,1,1,Returning_Visitor,False,False
0.0,0.0,0.0,0.0,20.0,518.40546,0.0,0.025,0.0,0.0,Nov,2,2,1,2,Returning_Visitor,True,False
2.0,48.255775,0.0,0.0,47.674534,1749.669,0.0017214855,0.015504305,0.0,0.0,Aug,2,2,4,2,Returning_Visitor,False,False
3.0,53.90273,0.0,0.0,35.0,625.5368,0.011111111,0.028571429,0.0,0.0,Nov,2,2,1,13,Returning_Visitor,False,False
3.0,60.32003,0.0,0.0,27.0,957.1072,0.011709352,0.02520453,0.0,0.0,May,1,1,4,2,Returning_Visitor,False,False
0.0,0.0,0.0,0.0,53.0,1423.225,0.015090231,0.03333333,0.0,0.0,Aug,2,2,4,3,Returning_Visitor,False,False
0.0,0.0,0.0,0.0,2.0,49.586044,0.0,0.076083556,0.0,0.0,Dec,2,2,7,3,Returning_Visitor,False,False
0.0,0.0,0.0,0.0,17.0,274.91196,0.017253669,0.048082564,0.0,0.0,Jul,2,4,7,2,Returning_Visitor,False,False
1.0,20.398602,0.0,0.0,19.0,353.3398,0.0,0.017161466,0.0,0.0,Dec,1,2,1,1,Returning_Visitor,False,False
2.0,34.970867,0.0,0.0,37.0,911.4291,0.006551991,0.0190687,0.0,0.0,Nov,2,2,6,2,Returning_Visitor,False,False
2.0,36.434242,0.0,0.0,15.0,602.23834,0.0,0.03126103,0.0,0.0,Aug,2,2,4,3,Returning_Visitor,False,False
2.0,40.26939,0.0,0.0,43.87671,1576.3542,0.009472404,0.025475796,9.248778,0.0,Nov,2,2,1,2,Returning_Visitor,False,True
0.0,0.0,0.0,0.0,25.0,698.4776,0.0033315234,0.028571429,6.4895873,0.0,Nov,2,2,2,1,Returning_Visitor,False,True
0.0,0.0,0.0,0.0,36.0,928.28595,0.0055398312,0.023758525,16.550915,0.0,Nov,2,4,1,1,Returning_Visitor,False,True
0.0,0.0,0.0,0.0,27.0,893.1865,0.0,0.022928523,0.0,0.0,Aug,2,1,9,2,Returning_Visitor,False,True
4.0,75.36255,0.0,0.0,38.59459,1597.217,0.0,0.016044432,11.215269,0.0,Dec,2,2,1,2,Returning_Visitor,False,False
3.0,29.617895,0.0,0.0,22.0,499.93155,0.0,0.016666668,0.0,0.0,Dec,4,2,4,2,Returning_Visitor,False,False
0.0,0.0,0.0,0.0,21.0,475.94482,0.0,0.019887608,0.0,0.0,Dec,1,2,1,3,Returning_Visitor,False,False
5.0,101.09134,0.0,0.0,44.0,2034.0736,0.0,0.007721035,28.024025,0.0,Aug,2,2,1,2,Returning_Visitor,False,True
0.0,0.0,0.0,0.0,31.0,809.8974,0.0,0.014458615,0.0,0.0,Nov,1,2,6,9,Returning_Visitor,False,False
4.0,64.70164,0.0,0.0,30.619968,674.8309,0.0,0.007818653,361.76373,0.0,Dec,2,2,1,2,Returning_Visitor,False,True
4.0,46.907787,0.0,0.0,7.0,115.616035,0.0,0.021260463,0.0,0.0,Sep,2,2,2,2,New_Visitor,False,False
2.0,28.775381,0.0,0.0,29.0,545.78564,0.007692308,0.020026255,0.0,0.0,Oct,2,2,3,3,Returning_Visitor,False,False
3.0,123.32455,0.0,0.0,41.0,1156.3442,0.0072532166,0.01822122,0.0,0.0,Dec,1,1,1,3,Returning_Visitor,False,False
3.0,58.58584,0.0,0.0,45.965557,1602.21,0.008832842,0.025,8.571659,0.0,Dec,4,1,1,20,Returning_Visitor,False,False
3.0,67.6581,0.0,0.0,35.0,1186.721,0.0072467886,0.02142731,20.77552,0.0,Nov,3,2,1,8,Returning_Visitor,False,False
3.0,63.893024,0.0,0.0,28.059418,651.38306,0.009303161,0.024556998,0.0,0.0,Aug,7,2,3,2,Returning_Visitor,False,False
0.0,0.0,0.0,0.0,15.0,276.04303,0.0,0.019870529,0.0,0.0,Aug,3,2,4,8,Returning_Visitor,False,False
0.0,0.0,0.0,0.0,26.0,560.1594,0.0,0.016103594,0.0,0.0,Nov,1,1,1,9,Returning_Visitor,False,False
4.0,106.75082,0.0,0.0,47.0,1516.6776,0.0,0.014285714,16.820793,0.0,Dec,2,2,1,2,Returning_Visitor,False,False
0.0,0.0,0.0,0.0,16.0,289.8765,0.0,0.030695232,0.0,0.0,Dec,2,2,1,1,Returning_Visitor,False,False
3.0,86.5664,0.0,0.0,79.430115,3149.835,0.0055330535,0.019954277,7.8124638,0.0,Nov,2,2,1,13,Returning_Visitor,False,False
0.0,0.0,0.0,0.0,23.0,464.1188,0.0,0.027959878,0.0,0.0,Aug,2,2,1,1,Returning_Visitor,False,False
3.0,25.242348,0.0,0.0,27.0,660.7056,0.0,0.01882417,0.0,0.0,June,2,2,3,1,Returning_Visitor,False,False
2.0,98.17467,0.0,0.0,41.11044,1711.5347,0.017872443,0.03281283,0.0,0.0,Aug,3,2,1,13,Returning_Visitor,False,False
6.0,83.59901,0.0,0.0,39.024338,1473.3422,0.0,0.015393227,0.0,0.0,Nov,2,2,1,1,Returning_Visitor,False,True
1.0,14.500395,0.0,0.0,23.895773,555.8437,0.006666667,0.02983172,0.0,0.0,Nov,2,2,1,1,Returning_Visitor,False,False
0.0,0.0,0.0,0.0,20.0,285.42877,0.0048423028,0.03333333,0.0,0.0,Dec,4,2,4,2,Returning_Visitor,False,False
4.0,57.505543,0.0,0.0,7.0,119.04084,0.0,0.033241358,0.0,0.0,Nov,4,4,6,1,Returning_Visitor,False,False
0.0,0.0,0.0,0.0,20.0,287.77097,0.004528783,0.024821451,0.0,0.0,Dec,3,2,1,3,Returning_Visitor,False,False
0.0,0.0,0.0,0.0,15.0,664.3037,0.018461652,0.042827357,0.0,0.0,Nov,2,2,9,3,Returning_Visitor,False,False
4.0,228.92604,0.0,0.0,28.0,619.13684,0.0,0.016666668,0.0,0.0,Dec,1,1,1,13,Returning_Visitor,False,False
2.0,46.33751,0.0,0.0,14.935536,591.0002,0.0,0.0077137435,0.0,0.0,Mar,2,2,7,1,Returning_Visitor,False,False
0.0,0.0,0.0,0.0,12.0,257.70474,0.0,0.03691704,0.0,0.0,Jul,3,2,1,1,Returning_Visitor,False,False
0.0,0.0,0.0,0.0,20.0,826.61707,0.0,0.025311546,0.0,0.0,Aug,4,2,1,2,Returning_Visitor,False,False
0.0,0.0,0.0,0.0,27.0,1036.5703,0.0,0.015595629,0.0,0.0,Nov,2,2,3,2,Returning_Visitor,False,False
3.0,71.6565,0.0,0.0,35.538868,1112.7637,0.010001963,0.024169577,11.939061,0.0,Jul,2,2,1,1,Returning_Visitor,False,False
4.0,73.94215,0.0,0.0,9.0,581.65607,0.0,0.02548975,0.0,0.0,Dec,2,2,1,2,Returning_Visitor,False,False
0.0,0.0,0.0,0.0,25.0,772.76404,0.007877074,0.025,0.0,0.0,Nov,4,1,1,8,Returning_Visitor,False,False
0.0,0.0,0.0,0.0,24.0,576.01794,0.0,0.017588206,0.0,0.0,Nov,2,2,1,1,Returning_Visitor,False,True
0.0,0.0,0.0,0.0,16.0,664.185,0.0,0.025460156,0.0,0.0,Nov,2,4,4,3,Returning_Visitor,False,False
0.0,0.0,0.0,0.0,17.0,625.2319,0.0,0.022682367,7.918862,0.0,Aug,2,2,1,2,Returning_Visitor,False,True
0.0,0.0,0.0,0.0,22.701405,588.80554,0.0,0.028571429,0.0,0.0,Aug,2,2,7,1,Returning_Visitor,False,False
0.0,0.0,0.0,0.0,18.0,260.81586,0.008333333,0.045515154,0.0,0.0,Jul,2,2,1,1,Returning_Visitor,False,False
0.0,0.0,0.0,0.0,3.0,63.497753,0.0,0.06616967,0.0,0.0,Dec,2,2,3,13,Returning_Visitor,False,False
0.0,0.0,0.0,0.0,8.0,127.49617,0.03511923,0.05431708,0.0,0.0,Nov,1,1,3,2,Returning_Visitor,False,False
0.0,0.0,0.0,0.0,12.0,276.1673,0.0,0.040124305,0.0,0.0,Aug,2,2,1,2,Returning_Visitor,False,False
4.0,67.94153,0.0,0.0,26.0,554.01746,0.010292876,0.03333333,0.0,0.0,Dec,2,2,1,2,Returning_Visitor,False,False
0.0,0.0,0.0,0.0,40.0,726.56726,0.0,0.018114021,0.0,0.0,Nov,2,2,1,9,Returning_Visitor,False,False
0.0,0.0,0.0,0.0,23.0,538.9325,0.0,0.031696197,0.0,0.0,Nov,4,1,1,2,Returning_Visitor,False,False
3.0,70.97956,0.0,0.0,23.862358,789.87317,0.0,0.023229206,0.0,0.0,Dec,2,2,8,13,Returning_Visitor,False,False
2.0,25.434174,0.0,0.0,25.0,594.2616,0.0084465565,0.022257714,0.0,0.0,Nov,4,2,1,2,Returning_Visitor,False,True
0.0,0.0,0.0,0.0,23.0,671.6298,0.011111111,0.029889535,0.0,0.0,Nov,4,1,1,3,Returning_Visitor,False,False
2.0,39.807102,0.0,0.0,30.245802,851.2009,0.0,0.019690657,0.0,0.0,Nov,1,2,1,2,Returning_Visitor,False,False
0.0,0.0,0.0,0.0,12.0,291.13416,0.028683593,0.05,0.0,0.0,Dec,1,2,2,2,Returning_Visitor,False,False
2.0,56.849007,0.0,0.0,36.0,794.16693,0.0,0.010116922,0.0,0.0,Nov,1,1,1,2,Returning_Visitor,False,False
0.0,0.0,0.0,0.0,42.05597,1636.212,0.0,0.012698937,0.0,0.0,Nov,2,2,4,2,Returning_Visitor,False,False
2.0,41.31775,0.0,0.0,28.0,606.9693,0.0031146316,0.018562583,0.0,0.0,Jul,2,2,1,1,Returning_Visitor,False,False
3.0,45.73828,0.0,0.0,32.0,845.9651,0.0,0.016348619,0.0,0.0,Nov,3,2,4,2,Returning_Visitor,False,False
3.0,67.51524,0.0,0.0,27.0,932.64294,0.010003181,0.03236526,0.0,0.0,Dec,4,1,9,1,Returning_Visitor,False,False
0.0,0.0,0.0,0.0,14.0,262.32535,0.0,0.009094954,0.0,0.0,Dec,2,2,7,2,Returning_Visitor,False,False
3.0,53.479862,0.0,0.0,25.0,663.30023,0.0,0.018167855,0.0,0.0,Nov,2,2,1,2,Returning_Visitor,False,False
7.0,118.799446,2.0,47.8128,45.0,1247.3578,0.0,0.016666668,0.0,0.0,Dec,2,2,7,8,Returning_Visitor,False,False
2.0,49.75804,0.0,0.0,19.91146,580.62164,0.0,0.0154311145,0.0,0.0,Nov,4,2,1,2,Returning_Visitor,False,False
0.0,0.0,0.0,0.0,16.0,525.82513,0.0,0.025400437,0.0,0.0,Nov,2,2,1,2,Returning_Visitor,False,False
2.0,38.825176,0.0,0.0,26.0,749.56537,0.013333333,0.027145645,0.0,0.0,Aug,3,2,1,2,Returning_Visitor,False,False
2.0,54.995438,0.0,0.0,47.04809,1682.5619,0.0,0.010517791,0.0,0.0,Aug,2,2,1,2,Returning_Visitor,False,False
3.0,48.627754,0.0,0.0,39.0,536.9,0.0127824275,0.03333333,0.0,0.0,Dec,4,2,1,13,Returning_Visitor,False,False
0.0,0.0,0.0,0.0,21.0,478.88803,0.0,0.016666668,0.0,0.0,Mar,4,3,9,3,Returning_Visitor,True,False
0.0,0.0,0.0,0.0,26.0,489.7205,0.0,0.025,0.0,0.0,Dec,4,1,1,1,Returning_Visitor,False,False
0.0,0.0,0.0,0.0,17.0,318.1964,0.007208968,0.035847604,0.0,0.0,Dec,2,2,1,1,Returning_Visitor,False,False
4.0,75.29389,0.0,0.0,72.73637,2351.8167,0.0,0.009968102,9.364709,0.0,Aug,2,2,3,8,Returning_Visitor,False,False
0.0,0.0,0.0,0.0,36.053593,757.2693,0.0,0.014285714,0.0,0.0,Nov,2,2,4,2,Returning_Visitor,False,False
0.0,0.0,0.0,0.0,15.0,288.73938,0.0,0.019766213,0.0,0.0,Aug,1,2,1,2,Returning_Visitor,False,False
2.0,43.700157,0.0,0.0,19.0,481.22977,0.010007812,0.016666668,0.0,0.0,Dec,1,1,6,2,Returning_Visitor,False,False
0.0,0.0,0.0,0.0,1.9586214,0.0,0.2,0.2,0.0,0.0,Nov,1,1,1,1,Returning_Visitor,False,False
0.0,0.0,0.0,0.0,37.0,1018.98456,0.006295952,0.027423779,0.0,0.0,Dec,2,2,1,13,Returning_Visitor,False,False
0.0,0.0,0.0,0.0,18.0,410.91513,0.009462325,0.043173477,0.0,0.0,Dec,2,2,9,1,Returning_Visitor,False,False
0.0,0.0,0.0,0.0,16.0,272.5693,0.016101656,0.034870453,0.0,0.0,Nov,3,2,7,13,Returning_Visitor,False,False
2.382114,52.77681,0.0,0.0,11.0,314.7118,0.0,0.01588962,0.0,0.0,Dec,2,2,7,2,Returning_Visitor,False,False
0.0,0.0,0.0,0.0,26.0,837.3262,0.0,0.017055105,0.0,0.0,Aug,2,2,4,1,Returning_Visitor,False,False
0.0,0.0,0.0,0.0,20.784021,668.4517,0.0,0.0152210165,0.0,0.0,Nov,2,4,1,2,Returning_Visitor,False,False
3.0,53.45621,0.0,0.0,25.416082,426.08212,0.0,0.01209037,0.0,0.0,Dec,4,2,4,2,Returning_Visitor,True,False
3.0,43.773804,0.0,0.0,32.797783,1467.8394,0.014823596,0.039655965,10.771222,0.0,Dec,4,1,1,1,Returning_Visitor,False,True
0.0,0.0,0.0,0.0,17.803768,260.79803,0.0,0.015799467,0.0,0.0,Aug,1,1,1,9,Returning_Visitor,True,False
0.0,0.0,0.0,0.0,16.0,333.44693,0.0,0.018214265,0.0,0.0,Mar,2,2,1,2,Returning_Visitor,False,False
0.0,0.0,0.0,0.0,19.356884,588.7789,0.0,0.026740972,0.0,0.0,Dec,2,2,4,1,Returning_Visitor,False,False
0.0,0.0,0.0,0.0,17.460352,488.63138,0.015861034,0.039105784,0.0,0.0,Nov,3,2,1,3,Returning_Visitor,False,False
4.0,94.67413,0.0,0.0,37.0,1842.5013,0.015643662,0.031770006,0.0,0.0,Dec,1,1,1,3,Returning_Visitor,False,False
2.0,53.836365,0.0,0.0,12.0,237.18439,0.0,0.023492977,0.0,0.0,Dec,1,2,4,2,Returning_Visitor,False,False
0.0,0.0,0.0,0.0,23.58811,696.1305,0.0,0.008015201,0.0,0.0,Nov,2,2,7,8,New_Visitor,False,False
4.0,60.185444,0.0,0.0,23.0,402.41284,0.0,0.017812995,0.0,0.0,Dec,2,2,1,2,Returning_Visitor,False,False
3.0,46.962875,0.0,0.0,45.0,1017.34973,0.0,0.015466048,0.0,0.0,Nov,2,2,7,2,Returning_Visitor,False,False
3.0,58.76,0.0,0.0,28.0,689.5683,0.009090909,0.025,64.21941,0.0,Dec,1,1,9,1,Returning_Visitor,True,False
2.0,32.75854,0.0,0.0,41.63198,1384.5774,0.0,0.018181818,0.0,0.0,Nov,2,2,4,1,Returning_Visitor,False,False
1.0,4.0,0.0,0.0,28.0,680.55707,0.0,0.018164024,35.854187,0.0,Dec,4,1,1,9,Returning_Visitor,False,True
3.0,35.850643,0.0,0.0,23.0,527.3838,0.0,0.019040678,0.0,0.0,Dec,2,2,1,3,Returning_Visitor,False,True
2.0,54.914204,0.0,0.0,10.0,181.54256,0.034318537,0.06379465,0.0,0.0,May,1,1,4,1,Returning_Visitor,False,False
4.0,93.80654,0.0,0.0,36.95844,1330.879,0.0,0.013333333,0.0,0.0,Aug,2,2,1,2,New_Visitor,False,False
0.0,0.0,0.0,0.0,10.0,394.97623,0.0,0.03728778,0.0,0.0,Nov,2,2,4,13,Returning_Visitor,False,False
0.0,0.0,0.0,0.0,26.0,767.3681,0.0,0.028722329,0.0,0.0,Dec,2,2,1,9,Returning_Visitor,False,False
0.0,0.0,0.0,0.0,16.0,296.65936,0.0,0.01761954,0.0,0.0,Nov,2,2,1,2,Returning_Visitor,False,False
0.0,0.0,0.0,0.0,30.0,573.36084,0.0,0.02,0.0,0.0,Dec,2,2,6,13,Returning_Visitor,False,False
2.0,32.27522,0.0,0.0,25.0,688.84717,0.0,0.010643995,0.0,0.0,Nov,2,2,4,9,Returning_Visitor,False,False
3.0,52.95148,0.0,0.0,42.599617,1568.1265,0.0057092863,0.0225366,0.0,0.0,Dec,2,2,4,1,Returning_Visitor,False,True
2.0,46.414497,0.0,0.0,30.815393,932.5333,0.00975461,0.028571429,0.0,0.0,Aug,2,2,9,1,Returning_Visitor,False,False
0.0,0.0,0.0,0.0,33.0,683.3886,0.0,0.02640437,0.0,0.0,Dec,2,2,4,1,Returning_Visitor,False,False
1.0,0.0,0.0,0.0,27.0,672.46655,0.0,0.022443423,0.0,0.0,Nov,2,2,4,3,Returning_Visitor,False,False
5.0,113.3318,0.0,0.0,26.321117,665.7442,0.0,0.017143976,0.0,0.0,Dec,4,2,1,1,Returning_Visitor,False,False
0.0,0.0,0.0,0.0,44.556675,692.31683,0.0028490091,0.018851403,0.0,0.0,Jul,2,2,1,13,Returning_Visitor,True,False
0.0,0.0,0.0,0.0,14.0,207.42647,0.0,0.05,0.0,0.0,Dec,2,2,1,3,Returning_Visitor,False,False
4.0,130.09427,0.0,0.0,70.25965,3567.977,0.0063506346,0.022566682,11.806033,0.0,Aug,4,1,1,2,Returning_Visitor,False,True
2.0,25.29276,0.0,0.0,34.0,1058.1641,0.0,0.017815517,0.0,0.0,Nov,2,2,1,2,Returning_Visitor,False,False
0.0,0.0,0.0,0.0,17.0,390.07224,0.0,0.022222223,0.0,0.0,Dec,2,2,1,1,Returning_Visitor,False,False
0.0,0.0,0.0,0.0,15.914989,255.29463,0.030640732,0.06477393,0.0,0.0,Dec,4,2,4,1,Returning_Visitor,False,False
0.0,0.0,0.0,0.0,39.0,984.76874,0.013090504,0.030882493,0.0,0.0,Nov,1,1,1,3,Returning_Visitor,False,False
4.0,157.32048,0.0,0.0,45.0,1685.5087,0.010582067,0.025,0.0,0.0,Aug,2,2,1,1,Returning_Visitor,False,False
2.0,51.84401,0.0,0.0,37.617085,674.06134,0.0,0.015985034,0.0,0.0,Dec,1,4,1,1,Returning_Visitor,False,False
0.0,0.0,0.0,0.0,19.842648,549.8409,0.0,0.016666668,0.0,0.0,Dec,1,2,1,2,Returning_Visitor,False,False
0.0,0.0,0.0,0.0,16.748972,279.49457,0.0064411275,0.03333333,0.0,0.0,Dec,1,2,7,2,Returning_Visitor,False,False
4.0,63.750072,0.0,0.0,35.322716,771.8184,0.009069971,0.020868054,0.0,0.0,Nov,3,2,1,2,Returning_Visitor,False,False
0.0,0.0,0.0,0.0,30.0,677.727,0.0,0.025,0.0,0.0,Nov,4,1,1,2,Returning_Visitor,False,False
0.0,0.0,0.0,0.0,30.61662,654.7576,0.0,0.026159065,0.0,0.0,Dec,2,2,7,3,Returning_Visitor,False,False
4.0,49.343292,0.0,0.0,23.0,546.7117,0.0,0.014240525,0.0,0.0,Nov,2,2,1,1,Returning_Visitor,False,False
0.0,0.0,0.0,0.0,6.116216,94.31346,0.03333333,0.06090829,0.0,0.0,Nov,2,2,1,13,Returning_Visitor,False,False
2.0,15.34395,0.0,0.0,13.0,208.2764,0.0,0.03882872,0.0,0.0,Dec,2,2,9,1,Returning_Visitor,False,False
0.0,0.0,0.0,0.0,17.0,274.56363,0.011963753,0.04411764,0.0,0.0,Jul,2,2,7,1,Returning_Visitor,False,False
0.0,0.0,0.0,0.0,20.0,672.6736,0.0,0.022222223,0.0,0.0,Dec,2,2,1,1,Returning_Visitor,False,False
3.0,94.15467,0.0,0.0,28.0,861.4385,0.0,0.021409042,0.0,0.0,Aug,2,2,1,10,Returning_Visitor,False,False
3.0,51.34514,0.0,0.0,16.0,352.83807,0.012453823,0.029536815,0.0,0.0,Dec,2,2,7,2,Returning_Visitor,False,False
1.0,9.751554,0.0,0.0,26.0,665.32587,0.0,0.02035929,0.0,0.0,Dec,2,2,4,1,Returning_Visitor,False,False
2.0,45.182823,1.0,0.0,25.0,591.36694,0.0011745547,0.026415749,0.0,0.0,Dec,2,2,3,2,Returning_Visitor,False,False
0.0,0.0,0.0,0.0,19.0,870.63983,0.031058747,0.053119984,0.0,0.0,Aug,1,1,2,1,Returning_Visitor,False,False
0.0,0.0,0.0,0.0,13.78855,330.34302,0.025,0.05,0.0,0.0,Dec,2,2,1,4,Returning_Visitor,False,False
0.0,0.0,0.0,0.0,28.0,627.3127,0.0,0.015683116,0.0,0.0,Aug,2,2,7,2,Returning_Visitor,False,False
3.0,37.566284,0.0,0.0,33.0,862.0963,0.0,0.0088739535,0.0,0.0,Dec,2,2,7,2,Returning_Visitor,False,False
0.0,0.0,0.0,0.0,25.887676,519.5541,0.0,0.016666668,0.0,0.0,Nov,2,2,1,13,Returning_Visitor,False,False
2.0,42.388557,0.0,0.0,8.385371,206.2822,0.028571429,0.06587714,0.0,0.0,Nov,2,2,1,2,Returning_Visitor,False,False
0.0,0.0,0.0,0.0,7.0,161.07707,0.0,0.05,0.0,0.0,Aug,2,2,1,3,Returning_Visitor,False,False
4.0,135.80087,0.0,0.0,37.0,935.40894,0.011774575,0.025037203,0.0,0.0,Dec,2,2,7,13,Returning_Visitor,False,False
2.0,61.518974,0.0,0.0,15.0,317.48013,0.0,0.013650591,0.0,0.0,Nov,7,2,1,20,Returning_Visitor,False,False
0.0,0.0,0.0,0.0,11.0,300.4681,0.0,0.02890544,0.0,0.0,Nov,1,1,1,8,Returning_Visitor,False,False
0.0,0.0,0.0,0.0,30.0,598.10443,0.0,0.028571429,0.0,0.0,Dec,4,2,1,3,Returning_Visitor,False,False
0.0,0.0,0.0,0.0,5.0,99.47135,0.0,0.03876031,0.0,0.0,Nov,1,2,1,9,Returning_Visitor,False,False
0.0,0.0,0.0,0.0,18.0,534.3639,0.0,0.02,0.0,0.0,Nov,2,2,4,13,Returning_Visitor,False,False
2.0,43.678417,0.0,0.0,15.714706,315.2844,0.0,0.013707869,0.0,0.0,Mar,2,2,1,2,New_Visitor,False,False
0.0,0.0,0.0,0.0,27.0,781.136,0.0,0.032563854,0.0,0.0,Dec,2,2,1,3,Returning_Visitor,False,False
5.0,89.63586,0.0,0.0,27.0,755.02466,0.006146895,0.023592932,0.0,0.0,Dec,2,2,3,1,Returning_Visitor,False,False
0.0,0.0,0.0,0.0,15.0,308.3561,0.0,0.029761165,0.0,0.0,Dec,2,2,1,2,Returning_Visitor,False,False
3.0,48.701344,0.0,0.0,16.0,277.80963,0.0,0.018322013,0.0,0.0,Dec,2,2,1,2,Returning_Visitor,False,False
0.0,0.0,0.0,0.0,27.0,1128.1659,0.0,0.008680858,55.316467,0.0,Nov,2,2,1,2,Returning_Visitor,False,True
4.0,78.342926,0.0,0.0,33.0,624.4861,0.0,0.014285714,0.0,0.0,Dec,2,2,9,2,Returning_Visitor,False,False
0.0,0.0,0.0,0.0,22.673061,490.2468,0.013436077,0.033769384,0.0,0.0,Dec,3,2,1,1,Returning_Visitor,False,False
0.0,0.0,0.0,0.0,13.0,541.9813,0.0,0.027844995,0.0,0.0,Mar,3,2,1,13,Returning_Visitor,False,False
0.0,0.0,0.0,0.0,42.0,1913.1688,0.007778717,0.03260972,0.0,0.0,May,2,2,1,1,Returning_Visitor,False,False
0.0,0.0,0.0,0.0,20.0,282.13943,0.0,0.04458212,0.0,0.0,Dec,2,2,1,1,Returning_Visitor,False,False
6.0,111.34109,0.0,0.0,99.44851,2905.145,0.005560594,0.018200044,7.0283537,0.0,Nov,2,2,1,13,Returning_Visitor,False,False
2.0,123.34948,0.0,0.0,32.0,747.8202,0.0,0.0106120985,0.0,0.0,Nov,1,2,1,2,Returning_Visitor,False,False
2.0,17.506954,0.0,0.0,16.0,383.4247,0.007837127,0.03464975,0.0,0.0,Dec,2,2,1,2,Returning_Visitor,False,False
0.0,0.0,0.0,0.0,21.521915,833.6153,0.0,0.013333333,0.0,0.0,Dec,2,4,1,1,Returning_Visitor,False,False
6.0,82.56751,2.0,99.843445,40.0,1197.3142,0.002284227,0.025,0.0,0.0,May,2,2,1,2,Returning_Visitor,False,False
0.0,0.0,0.0,0.0,10.0,249.46658,0.0,0.021720495,0.0,0.0,Nov,2,2,1,2,Returning_Visitor,False,False
0.0,0.0,0.0,0.0,33.0,884.1342,0.0074307853,0.021496905,0.0,0.0,Nov,2,2,1,13,Returning_Visitor,False,False
0.0,0.0,0.0,0.0,25.0,482.8335,0.0,0.025,0.0,0.0,Aug,2,2,1,13,Returning_Visitor,False,False
0.0,0.0,0.0,0.0,5.0,90.89782,0.03333333,0.08172038,0.0,0.0,Dec,2,2,1,3,Returning_Visitor,False,False
0.0,0.0,0.0,0.0,32.0,853.6953,0.0,0.016666668,0.0,0.0,Dec,2,1,7,2,Returning_Visitor,False,False
0.0,0.0,0.0,0.0,12.0,253.9316,0.0,0.04913305,0.0,0.0,Dec,4,1,9,3,Returning_Visitor,False,False
0.0,0.0,0.0,0.0,25.0,676.0684,0.009559122,0.031035863,0.0,0.0,Nov,2,2,1,13,Returning_Visitor,False,False
3.0,87.12549,0.0,0.0,58.76363,1760.104,0.0,0.01278389,0.0,0.0,Dec,2,2,4,2,Returning_Visitor,False,False
0.0,0.0,0.0,0.0,29.861473,541.8814,0.0,0.028517935,0.0,0.0,Jul,4,2,7,1,Returning_Visitor,False,False
0.0,0.0,0.0,0.0,10.0,286.6425,0.0,0.034437727,0.0,0.0,Aug,2,2,4,8,Returning_Visitor,False,False
5.0,94.11299,0.0,0.0,62.950283,2707.3267,0.0023121473,0.016666668,12.104775,0.0,Nov,4,4,1,2,Returning_Visitor,False,False
0.0,0.0,0.0,0.0,12.0,244.70976,0.0,0.04,0.0,0.0,Nov,1,1,1,3,Returning_Visitor,False,False
0.0,0.0,0.0,0.0,18.0,531.00446,0.0,0.029397564,0.0,0.0,Jul,2,2,7,1,Returning_Visitor,False,False
0.0,0.0,0.0,0.0,30.0,927.1778,0.0,0.0116581805,0.0,0.0,Nov,2,2,4,2,Returning_Visitor,False,False
4.189515,136.61774,0.0,0.0,28.0,720.0439,0.0076856287,0.018997166,0.0,0.0,Dec,1,1,1,2,Returning_Visitor,False,False
2.0,23.734753,0.0,0.0,14.0,499.921,0.0,0.017667778,0.0,0.0,Nov,2,2,7,1,Returning_Visitor,False,False
0.0,0.0,0.0,0.0,38.024544,1284.466,0.0057184007,0.02244634,22.098465,0.0,Dec,2,2,1,1,Returning_Visitor,False,False
0.0,0.0,0.0,0.0,14.0,285.05313,0.0,0.017732615,0.0,0.0,Nov,2,2,1,8,New_Visitor,True,False
0.0,0.0,0.0,0.0,24.0,399.0125,0.0,0.015384615,0.0,0.0,Aug,2,2,1,1,Returning_Visitor,False,False
0.0,0.0,0.0,0.0,46.0,2458.773,0.0,0.01635201,0.0,0.0,Aug,2,2,9,13,Returning_Visitor,False,False
0.0,0.0,0.0,0.0,21.0,351.36948,0.020997094,0.043197375,0.0,0.0,Dec,3,2,1,1,Returning_Visitor,False,False
0.0,0.0,0.0,0.0,18.0,520.24744,0.018329496,0.034669966,0.0,0.0,Dec,1,1,9,2,Returning_Visitor,False,False
0.0,0.0,0.0,0.0,22.0,689.8088,0.0,0.015880004,0.0,0.0,Jul,2,2,1,1,Returning_Visitor,False,False
0.0,0.0,0.0,0.0,16.0,672.63916,0.0,0.0320379,0.0,0.0,Dec,1,1,4,9,Returning_Visitor,False,False
0.0,0.0,0.0,0.0,15.0,286.1045,0.0,0.03333333,0.0,0.0,Jul,4,2,7,1,Returning_Visitor,False,False
1.0,5.0,0.0,0.0,35.0,927.4476,0.005569515,0.028692221,0.0,0.0,Jul,2,2,4,1,Returning_Visitor,False,False
0.0,0.0,0.0,0.0,11.0,335.87128,0.0,0.028571429,0.0,0.0,Dec,2,2,4,1,Returning_Visitor,False,False
2.0,27.095541,0.0,0.0,31.333143,1218.9209,0.0,0.018839376,0.0,0.0,Mar,2,2,3,1,Returning_Visitor,False,False
4.0,102.11287,0.0,0.0,56.0,1772.2853,0.0041245283,0.02081126,0.0,0.0,Dec,2,2,1,1,Returning_Visitor,False,False
2.0,29.626474,0.0,0.0,13.0,581.79614,0.0,0.016666668,0.0,0.0,Nov,2,2,1,2,Returning_Visitor,False,False
4.0,131.05489,0.0,0.0,20.982948,761.4749,0.0103497775,0.026795888,0.0,0.0,Dec,4,4,1,2,Returning_Visitor,False,False
0.0,0.0,0.0,0.0,10.0,219.48846,0.038143184,0.06070467,0.0,0.0,Dec,1,2,1,4,Returning_Visitor,False,False
2.0,21.72879,0.0,0.0,16.0,295.90717,0.013333333,0.04,0.0,0.0,Aug,2,2,6,13,Returning_Visitor,False,False
4.0,88.14986,4.0,172.50362,56.85773,1859.349,0.0,0.01196449,0.0,0.0,Dec,2,2,1,13,Returning_Visitor,False,False
0.0,0.0,0.0,0.0,27.0,812.2014,0.0,0.012969488,0.0,0.0,Dec,1,2,1,2,Returning_Visitor,False,False
0.0,0.0,0.0,0.0,2.0,0.0,0.2,0.2,0.0,0.0,Dec,1,1,2,3,Returning_Visitor,False,False
0.0,0.0,0.0,0.0,33.0,756.15796,0.0049525565,0.024770379,0.0,0.0,Nov,2,2,1,13,Returning_Visitor,False,False
0.0,0.0,0.0,0.0,8.0,201.07428,0.0,0.0431821,0.0,0.0,Nov,1,4,6,15,Returning_Visitor,False,False
5.0,101.804565,0.0,0.0,31.0,828.3741,0.0,0.011111111,0.0,0.0,Nov,1,2,3,9,Returning_Visitor,False,False
0.0,0.0,0.0,0.0,24.0,947.43494,0.026813341,0.057048906,0.0,0.0,Dec,2,2,4,1,Returning_Visitor,False,False
3.0,45.541264,0.0,0.0,33.0,836.40686,0.0084079625,0.027864035,17.051775,0.0,Dec,2,2,1,1,Returning_Visitor,False,False
0.0,0.0,0.0,0.0,25.0,517.5133,0.004105235,0.027286144,0.0,0.0,Aug,2,2,1,13,Returning_Visitor,False,False
6.0,200.51988,0.0,0.0,52.0,2117.394,0.004220809,0.016666668,12.001109,0.0,Nov,1,1,7,2,Returning_Visitor,False,False
5.0,152.24484,0.0,0.0,45.0,1371.0007,0.008690331,0.025668368,6.8406467,0.0,Aug,1,1,7,1,Returning_Visitor,False,False
2.0,32.002014,0.0,0.0,28.0,706.7051,0.016572995,0.025,0.0,0.0,Nov,3,2,1,19,Returning_Visitor,False,False
0.0,0.0,0.0,0.0,18.0,715.15155,0.0,0.03333333,0.0,0.0,Dec,2,2,6,1,Returning_Visitor,False,False
0.0,0.0,0.0,0.0,17.0,545.1876,0.0,0.026555382,0.0,0.0,Mar,2,2,1,1,Returning_Visitor,False,False
0.0,0.0,0.0,0.0,22.0,657.888,0.0,0.013754501,0.0,0.0,Nov,2,2,4,13,Returning_Visitor,False,False
0.0,0.0,0.0,0.0,26.176096,687.1086,0.0,0.026721159,0.0,0.0,Dec,2,2,3,3,Returning_Visitor,False,False
4.0,84.56293,0.0,0.0,40.97523,1364.1688,0.003237872,0.020419648,0.0,0.0,Aug,2,2,2,2,Returning_Visitor,False,False
3.0,90.710144,0.0,0.0,23.0,493.94974,0.0,0.016666668,0.0,0.0,Dec,1,1,1,2,Returning_Visitor,False,False
0.0,0.0,0.0,0.0,19.0,470.27338,0.0,0.022214983,0.0,0.0,Aug,2,2,1,2,New_Visitor,False,False
0.0,0.0,0.0,0.0,27.0,1119.1763,0.009090909,0.03636873,0.0,0.0,Dec,2,2,1,1,Returning_Visitor,False,False
0.0,0.0,0.0,0.0,30.0,860.96,0.0,0.022222223,0.0,0.0,Dec,2,2,3,2,Returning_Visitor,False,False
0.0,0.0,0.0,0.0,18.0,823.01227,0.02,0.03652538,0.0,0.0,Nov,3,2,2,1,Returning_Visitor,False,False
3.0,100.218475,0.0,0.0,32.367718,1153.1011,0.0,0.016073521,0.0,0.0,Dec,2,2,3,9,Returning_Visitor,False,False
2.0,36.95638,0.0,0.0,27.0,591.0233,0.0,0.017547665,0.0,0.0,Aug,3,2,1,2,Returning_Visitor,False,False
0.0,0.0,0.0,0.0,19.874105,664.9488,0.0,0.011111111,23.349102,0.0,Nov,2,2,1,2,New_Visitor,False,True
3.0,85.87922,0.0,0.0,32.0,2078.1824,0.0,0.013641694,0.0,0.0,Dec,2,2,4,1,Returning_Visitor,False,False
2.0,45.393024,0.0,0.0,24.0,385.97427,0.0,0.01577844,0.0,0.0,Jul,4,1,1,13,Returning_Visitor,False,False
0.0,0.0,0.0,0.0,15.0,331.86584,0.0,0.040977348,0.0,0.0,Aug,4,2,1,1,Returning_Visitor,False,False
0.0,0.0,0.0,0.0,46.0,1163.0503,0.007873833,0.028570551,0.0,0.0,Nov,2,2,1,1,Returning_Visitor,False,False
0.0,0.0,0.0,0.0,11.0,387.5554,0.0,0.03333333,0.0,0.0,Nov,2,2,1,1,Returning_Visitor,False,False
0.0,0.0,0.0,0.0,22.0,475.74664,0.0,0.009525088,0.0,0.0,Nov,1,2,6,1,Returning_Visitor,True,False
0.0,0.0,0.0,0.0,19.0,322.68167,0.021282818,0.034104694,0.0,0.0,Dec,1,4,1,13,Returning_Visitor,False,False
4.0,97.290115,0.0,0.0,31.0,952.17004,0.0,0.0077232537,0.0,0.0,Dec,2,2,7,19,Returning_Visitor,False,False
0.0,0.0,0.0,0.0,12.0,620.0537,0.0,0.023512298,0.0,0.0,Dec,2,2,9,2,Returning_Visitor,False,False
0.0,0.0,0.0,0.0,2.0,0.0,0.2,0.2,0.0,0.0,Nov,1,1,1,2,Returning_Visitor,False,False
0.0,0.0,0.0,0.0,26.0,662.1686,0.0,0.023483254,0.0,0.0,Dec,2,2,1,2,Returning_Visitor,False,False
0.0,0.0,0.0,0.0,32.0,809.1356,0.0,0.014279483,0.0,0.0,Dec,4,4,1,13,Returning_Visitor,False,False
0.0,0.0,0.0,0.0,24.0,565.6761,0.0,0.029343316,0.0,0.0,Nov,4,2,4,2,Returning_Visitor,False,False
0.0,0.0,0.0,0.0,30.0,868.36774,0.010005327,0.02,0.0,0.0,Dec,1,1,1,13,Returning_Visitor,False,False
0.0,0.0,0.0,0.0,24.0,527.2476,0.0,0.01903178,0.0,0.0,Dec,2,2,7,13,Returning_Visitor,False,False
0.0,0.0,0.0,0.0,19.530006,500.2968,0.024870811,0.05,0.0,0.0,May,2,2,1,3,Returning_Visitor,False,False
0.0,0.0,0.0,0.0,19.0,543.68066,0.0,0.016468504,0.0,0.0,Nov,1,1,7,3,Returning_Visitor,False,False
4.0,61.81844,0.0,0.0,39.0,986.76776,0.0,0.02,0.0,0.0,May,2,2,4,3,Returning_Visitor,False,False
0.0,0.0,0.0,0.0,16.0,484.79678,0.0,0.022478333,0.0,0.0,Dec,2,2,1,2,Returning_Visitor,False,False
0.0,0.0,1.0,0.0,46.90191,2228.7603,0.005125302,0.026116326,0.0,0.0,Nov,2,2,1,2,Returning_Visitor,False,False
0.0,0.0,0.0,0.0,30.0,1332.5234,0.0,0.026626728,0.0,0.0,Aug,2,2,1,2,Returning_Visitor,False,False
0.0,0.0,0.0,0.0,27.0,614.9183,0.0,0.022990875,0.0,0.0,Dec,2,2,9,2,Returning_Visitor,False,True
0.0,0.0,0.0,0.0,41.192665,1052.6877,0.010562895,0.0302557,0.0,0.0,Sep,2,4,1,1,Returning_Visitor,False,False
4.0,77.69763,0.0,0.0,29.0,835.4024,0.0,0.016666668,0.0,0.0,Nov,1,1,7,2,Returning_Visitor,False,False
4.0,293.69995,0.0,0.0,34.0,958.65216,0.0,0.019825224,0.0,0.0,Nov,2,2,4,13,Returning_Visitor,False,False
0.0,0.0,0.0,0.0,15.0,386.7176,0.0,0.016666668,0.0,0.0,Dec,1,1,3,2,Returning_Visitor,False,False
0.0,0.0,0.0,0.0,26.0,833.20496,0.0,0.025325878,0.0,0.0,Nov,2,2,1,2,Returning_Visitor,False,False
3.0,69.772835,0.0,0.0,31.0,662.3399,0.0,0.016666668,0.0,0.0,Nov,2,2,4,3,Returning_Visitor,False,False
0.0,0.0,0.0,0.0,22.0,656.3129,0.0,0.023776853,0.0,0.0,Dec,2,2,3,2,Returning_Visitor,False,False
3.0,75.64782,0.0,0.0,34.48755,1002.15515,0.0,0.016106293,0.0,0.0,Dec,1,1,1,3,Returning_Visitor,False,False
0.0,0.0,0.0,0.0,25.985231,632.8243,0.018761238,0.050589655,0.0,0.0,Dec,2,2,1,1,Returning_Visitor,False,False
4.0,86.87994,0.0,0.0,40.29628,1744.3081,0.0125,0.023430701,14.19785,0.0,Nov,3,2,1,13,Returning_Visitor,True,False
0.0,0.0,0.0,0.0,13.0,279.0916,0.0,0.02417209,0.0,0.0,Mar,2,2,3,13,Returning_Visitor,False,False
5.0,64.455765,0.0,0.0,28.0,802.64984,0.01072738,0.03696957,0.0,0.0,Dec,2,2,1,2,Returning_Visitor,False,False
6.0,127.64282,0.0,0.0,37.0,728.7626,0.0,0.015982464,0.0,0.0,Dec,2,2,1,2,Returning_Visitor,False,False
0.0,0.0,0.0,0.0,24.59823,613.3224,0.0117627075,0.03333333,0.0,0.0,Dec,2,2,9,1,Returning_Visitor,False,False
0.0,0.0,0.0,0.0,21.0,510.95984,0.0,0.028562214,0.0,0.0,Dec,2,2,1,1,Returning_Visitor,False,False
3.0,68.35218,0.0,0.0,31.0,649.5748,0.015574391,0.028555466,0.0,0.0,Aug,3,2,1,1,Returning_Visitor,False,False
0.0,0.0,0.0,0.0,12.0,274.24353,0.0,0.021266472,0.0,0.0,Aug,2,2,7,3,Returning_Visitor,False,False
0.0,0.0,0.0,0.0,27.0,588.271,0.0125,0.025144061,0.0,0.0,Dec,4,1,1,1,Returning_Visitor,False,False
2.0,45.18633,0.0,0.0,33.0,1124.0157,0.0,0.01817856,14.460987,0.0,Dec,2,2,9,2,Returning_Visitor,False,False
0.0,0.0,0.0,0.0,18.0,269.591,0.0,0.018203463,0.0,0.0,Dec,1,2,7,2,Returning_Visitor,False,False
0.0,0.0,0.0,0.0,12.182649,239.94228,0.0,0.042740706,0.0,0.0,Nov,4,4,3,1,Returning_Visitor,False,False
0.0,0.0,0.0,0.0,28.0,780.2244,0.0125,0.03423598,0.0,0.0,Nov,2,2,1,2,Returning_Visitor,False,False
0.0,0.0,0.0,0.0,16.0,364.43594,0.009038341,0.029151846,0.0,0.0,Dec,1,4,1,2,Returning_Visitor,False,False
0.0,0.0,0.0,0.0,27.014862,973.40344,0.0,0.016623462,0.0,0.0,Aug,3,2,1,2,Returning_Visitor,False,False
0.0,0.0,0.0,0.0,21.786154,377.71783,0.0,0.017609289,0.0,0.0,Aug,4,2,1,3,Returning_Visitor,True,False
6.0,160.89885,0.0,0.0,39.0,779.8128,0.0,0.009525757,0.0,0.0,Oct,2,2,7,2,Returning_Visitor,False,False
0.0,0.0,0.0,0.0,11.0,217.21053,0.0,0.027248414,0.0,0.0,Dec,2,2,1,1,Returning_Visitor,False,False
0.0,0.0,0.0,0.0,10.0,217.80736,0.0,0.037156727,0.0,0.0,Dec,2,2,3,2,Returning_Visitor,False,False
0.0,0.0,0.0,0.0,21.0,542.4362,0.0,0.028571429,0.0,0.0,Jul,3,2,1,13,Returning_Visitor,False,False
0.0,0.0,0.0,0.0,23.349876,530.91943,0.0,0.016666668,0.0,0.0,Dec,1,1,8,3,Returning_Visitor,False,False
4.0,45.60586,0.0,0.0,33.0,1509.1202,0.0,0.011929197,22.86357,0.0,Mar,2,2,1,2,Returning_Visitor,False,True
0.0,0.0,0.0,0.0,10.883596,163.55443,0.041506574,0.09254661,0.0,0.0,Aug,2,2,1,3,Returning_Visitor,False,False
3.0,147.84543,0.0,0.0,15.0,270.96872,0.0,0.013538165,0.0,0.0,Nov,4,1,7,2,New_Visitor,False,False
0.0,0.0,0.0,0.0,20.0,653.6384,0.01779652,0.041065045,0.0,0.0,Nov,1,1,1,3,Returning_Visitor,False,False
5.0,109.989,0.0,0.0,42.0,1658.3854,0.0,0.017546978,14.022656,0.0,Aug,2,2,4,2,Returning_Visitor,False,False
0.0,0.0,0.0,0.0,14.229372,548.93225,0.0,0.018146582,0.0,0.0,Dec,2,2,1,2,Returning_Visitor,False,False
4.0,132.06696,0.0,0.0,40.0,945.20197,0.0054676477,0.022252394,0.0,0.0,Dec,2,2,1,13,Returning_Visitor,False,False
3.0,60.214886,0.0,0.0,42.0,1421.0118,0.0053139864,0.016666668,0.0,0.0,Dec,1,2,9,2,Returning_Visitor,False,False
0.0,0.0,0.0,0.0,31.0,683.39545,0.0,0.009693795,0.0,0.0,Dec,4,2,1,2,Returning_Visitor,False,False
2.0,71.35059,0.0,0.0,35.0,1115.1722,0.0,0.02,0.0,0.0,Aug,2,4,9,3,Returning_Visitor,False,False
0.0,0.0,0.0,0.0,15.0,537.19354,0.0,0.026062384,0.0,0.0,Dec,2,4,1,2,Returning_Visitor,False,False
0.0,0.0,0.0,0.0,20.0,621.0312,0.010669634,0.030045027,0.0,0.0,Nov,2,2,8,19,Returning_Visitor,False,False
1.0,20.35573,0.0,0.0,24.517778,718.9919,0.0,0.025,0.0,0.0,Nov,2,2,8,2,Returning_Visitor,False,False
2.0,45.463585,0.0,0.0,37.0,1254.341,0.0115809785,0.032461073,0.0,0.0,Dec,2,2,1,1,Returning_Visitor,False,False
0.0,0.0,0.0,0.0,23.0,808.2183,0.018115658,0.04599833,0.0,0.0,Dec,2,4,7,13,Returning_Visitor,False,False
0.0,0.0,0.0,0.0,8.0,150.38466,0.0,0.038136743,0.0,0.0,Dec,2,2,1,2,Returning_Visitor,False,False
5.0,118.665085,0.0,0.0,37.62575,872.14166,0.0,0.016666668,0.0,0.0,Dec,1,2,1,2,Returning_Visitor,False,False
0.0,0.0,0.0,0.0,27.0,925.564,0.0,0.02134168,0.0,0.0,Nov,2,2,9,2,Returning_Visitor,False,False
0.0,0.0,0.0,0.0,16.0,359.7693,0.0,0.020863777,0.0,0.0,Aug,2,2,9,13,New_Visitor,False,False
4.0,85.22374,0.0,0.0,40.910995,1453.3506,0.0,0.013076711,0.0,0.0,Dec,2,2,1,2,Returning_Visitor,False,False
4.865149,72.80953,0.0,0.0,22.0,425.9363,0.0,0.028571429,0.0,0.0,Aug,2,2,1,2,Returning_Visitor,False,False
0.0,0.0,0.0,0.0,22.0,559.0777,0.0,0.0248792,0.0,0.0,Nov,1,1,1,3,Returning_Visitor,False,False
0.0,0.0,0.0,0.0,11.0,224.9716,0.0,0.035309546,0.0,0.0,Dec,2,2,1,8,Returning_Visitor,False,False
3.0,39.75949,0.0,0.0,42.567806,1772.0621,0.0,0.022583343,0.0,0.0,Nov,2,2,1,2,Returning_Visitor,False,False
0.0,0.0,0.0,0.0,7.0,189.80632,0.0,0.04,0.0,0.0,Dec,2,2,7,13,Returning_Visitor,False,False
0.0,0.0,0.0,0.0,24.036808,631.471,0.008853237,0.028571429,0.0,0.0,Dec,2,2,1,13,Returning_Visitor,False,False
0.0,0.0,0.0,0.0,10.716333,310.9759,0.0,0.028571429,0.0,0.0,Mar,2,2,1,3,Returning_Visitor,False,False
0.0,0.0,0.0,0.0,13.0,623.78564,0.0,0.03168075,0.0,0.0,Nov,2,1,1,3,Returning_Visitor,False,False
4.0,67.62072,0.0,0.0,44.0,1944.8379,0.004795086,0.018549366,24.847656,0.0,Nov,4,2,1,2,Returning_Visitor,False,False
0.0,0.0,0.0,0.0,8.0,107.53784,0.028571429,0.055550806,0.0,0.0,Dec,2,2,2,2,Returning_Visitor,False,False
0.0,0.0,1.0,0.0,84.4767,2263.7075,0.0071480204,0.019206883,0.0,0.0,Nov,1,1,1,2,Returning_Visitor,False,False
2.0,43.609802,0.0,0.0,10.0,256.75278,0.0,0.024575906,0.0,0.0,Dec,2,2,2,1,Returning_Visitor,False,False
0.0,0.0,0.0,0.0,23.0,602.09143,0.0,0.03019241,0.0,0.0,Dec,2,2,1,1,Returning_Visitor,False,False
3.0,76.465355,0.0,0.0,36.004112,678.45404,0.0,0.011764706,0.0,0.0,Dec,4,1,1,2,Returning_Visitor,False,False
0.0,0.0,0.0,0.0,17.0,287.24033,0.0,0.03065957,0.0,0.0,Dec,1,1,1,9,Returning_Visitor,False,False
4.0,138.25366,0.0,0.0,38.54909,932.70996,0.008573377,0.023534417,0.0,0.0,Nov,1,1,1,13,Returning_Visitor,False,False
0.0,0.0,0.0,0.0,21.0,542.9518,0.0,0.03333333,0.0,0.0,Dec,4,2,1,1,Returning_Visitor,False,False
3.0,54.265087,0.0,0.0,34.30933,778.5956,0.0,0.016008794,0.0,0.0,Jul,2,2,1,1,Returning_Visitor,False,False
5.0,76.35901,0.0,0.0,42.0,2070.2463,0.008306114,0.025,0.0,0.0,Nov,4,2,1,9,Returning_Visitor,False,False
0.0,0.0,0.0,0.0,18.0,536.1237,0.0,0.03112059,0.0,0.0,Aug,2,2,1,2,Returning_Visitor,False,False
0.0,0.0,0.0,0.0,14.332303,399.66962,0.0,0.023792611,0.0,0.0,Dec,2,2,1,2,Returning_Visitor,False,False
0.0,0.0,0.0,0.0,6.0,102.25854,0.06666667,0.1,0.0,0.0,Nov,2,2,1,1,Returning_Visitor,False,False
0.8708019,0.0,0.0,0.0,47.83283,1595.6053,0.013453385,0.03555508,0.0,0.0,Aug,2,2,1,1,Returning_Visitor,False,False
0.0,0.0,0.0,0.0,8.91221,247.32588,0.0,0.046270743,0.0,0.0,Nov,4,2,1,3,Returning_Visitor,False,False
0.0,0.0,0.0,0.0,16.0,612.9329,0.0,0.026385175,0.0,0.0,Nov,1,1,4,2,Returning_Visitor,False,False
0.0,0.0,0.0,0.0,15.0,275.2462,0.0,0.027061364,0.0,0.0,Nov,4,2,1,2,Returning_Visitor,False,False
0.0,0.0,0.0,0.0,27.0,885.8263,0.00436478,0.027833793,0.0,0.0,Dec,1,2,4,3,Returning_Visitor,False,False
0.0,0.0,0.0,0.0,13.641634,313.12653,0.0,0.030716812,0.0,0.0,Aug,2,2,7,3,Returning_Visitor,False,False
0.0,0.0,0.0,0.0,26.0,635.9416,0.0,0.032516576,0.0,0.0,Dec,1,2,1,1,Returning_Visitor,False,False
0.0,0.0,0.0,0.0,20.0,316.84814,0.013503919,0.034678824,0.0,0.0,Dec,4,2,4,3,Returning_Visitor,False,False
0.0,0.0,0.0,0.0,20.0,513.48047,0.0,0.02142922,0.0,0.0,Aug,1,2,1,2,Returning_Visitor,False,False
2.0,67.29972,0.0,0.0,55.98917,2149.8052,0.007692308,0.025,0.0,0.0,Dec,4,2,4,2,Returning_Visitor,False,False
0.0,0.0,0.0,0.0,10.123408,178.4846,0.0,0.05,0.0,0.0,Nov,3,2,1,19,Returning_Visitor,False,False
0.0,0.0,0.0,0.0,17.0,277.67587,0.0038435382,0.03333333,0.0,0.0,Aug,3,2,1,3,Returning_Visitor,False,False
2.0,37.74975,0.0,0.0,36.0,734.34064,0.0,0.022261359,0.0,0.0,Dec,2,2,6,3,Returning_Visitor,False,False
0.0,0.0,0.0,0.0,8.0,241.5302,0.0,0.028559644,0.0,0.0,Nov,2,2,9,2,Returning_Visitor,False,False
0.0,0.0,0.0,0.0,18.0,586.09845,0.017410135,0.03999367,0.0,0.0,Aug,2,12,1,4,Returning_Visitor,False,False
5.0,83.85008,0.0,0.0,42.801712,1710.185,0.0057277954,0.02,19.60272,0.0,Jul,2,2,1,2,Returning_Visitor,False,False
2.0,36.304253,0.0,0.0,28.0,672.7293,0.004573483,0.022898328,0.0,0.0,Nov,2,4,4,2,Returning_Visitor,False,False
2.0,51.356537,0.0,0.0,25.348131,406.84274,0.0,0.014832742,0.0,0.0,Aug,1,1,9,2,New_Visitor,True,False
0.0,0.0,0.0,0.0,17.648495,481.63892,0.020259388,0.05,0.0,0.0,Dec,2,2,1,1,Returning_Visitor,False,False
0.0,0.0,0.0,0.0,31.0,695.62994,0.007827673,0.025,0.0,0.0,Feb,2,4,4,8,Returning_Visitor,False,False
4.0,102.010345,0.0,0.0,18.0,534.0577,0.0,0.017875697,0.0,0.0,Dec,2,4,1,2,Returning_Visitor,False,False
0.0,0.0,0.0,0.0,27.0,952.8946,0.0,0.029658524,0.0,0.0,Aug,2,2,1,2,Returning_Visitor,False,False
4.0,98.64079,0.0,0.0,28.0,977.32794,0.0,0.021088315,0.0,0.0,Dec,4,2,4,1,Returning_Visitor,False,False
2.0,61.593002,0.0,0.0,21.0,551.1038,0.0,0.014870871,0.0,0.0,Nov,1,1,1,8,Returning_Visitor,False,False
2.0,61.609776,0.0,0.0,37.075455,1804.2253,0.0,0.015762141,11.795898,0.0,Dec,2,2,9,13,Returning_Visitor,False,True
0.0,0.0,0.0,0.0,19.631634,502.94778,0.016666668,0.039390802,0.0,0.0,Nov,2,2,2,3,Returning_Visitor,False,False
0.0,0.0,0.0,0.0,12.0,262.80496,0.0,0.03333333,0.0,0.0,Dec,2,2,1,13,Returning_Visitor,False,False
2.6836066,47.957825,0.0,0.0,20.0,727.321,0.0,0.017101966,0.0,0.0,Dec,2,2,1,1,Returning_Visitor,False,False
2.0,70.68489,0.0,0.0,8.990046,257.34506,0.03333333,0.05,0.0,0.0,Aug,3,2,4,3,Returning_Visitor,False,False
3.0,89.26806,0.0,0.0,9.0,264.5169,0.0,0.015401831,0.0,0.0,Nov,3,2,1,3,Returning_Visitor,False,False
0.0,0.0,0.0,0.0,24.0,767.8623,0.019989872,0.044444446,0.0,0.0,Dec,1,4,7,1,Returning_Visitor,False,False
0.0,0.0,0.0,0.0,28.0,1691.7843,0.0,0.020451818,0.0,0.0,Dec,2,2,1,2,Returning_Visitor,False,False
3.0,66.31087,0.0,0.0,60.0,2098.1946,0.0,0.01566596,0.0,0.0,Nov,2,2,7,2,Returning_Visitor,False,False
0.0,0.0,0.0,0.0,18.0,554.03656,0.0,0.022763522,0.0,0.0,Dec,2,2,4,2,Returning_Visitor,False,False
2.0,39.87095,0.0,0.0,40.07833,1362.7738,0.0,0.017342087,0.0,0.0,Dec,2,2,4,2,Returning_Visitor,False,False
2.0,40.678017,0.0,0.0,20.0,422.1953,0.0,0.03575611,0.0,0.0,Dec,2,2,1,1,Returning_Visitor,False,False
2.0,40.812096,0.0,0.0,38.0,825.5602,0.0051113623,0.018230785,0.0,0.0,Aug,2,2,9,2,Returning_Visitor,False,False
4.0,139.46506,0.0,0.0,57.75483,1860.6029,0.009991232,0.022935532,0.0,0.0,Aug,4,2,6,13,Returning_Visitor,False,False
0.0,0.0,0.0,0.0,26.0,411.03543,0.0026904752,0.026759338,0.0,0.0,Nov,2,2,1,3,Returning_Visitor,False,False
0.0,0.0,0.0,0.0,9.0,189.3673,0.0,0.026741717,0.0,0.0,Dec,2,2,4,3,Returning_Visitor,False,False
0.0,0.0,0.0,0.0,13.0,278.77747,0.0,0.03566924,0.0,0.0,Dec,2,10,7,1,Returning_Visitor,False,False
3.0,76.032906,0.0,0.0,25.0,658.43024,0.0,0.014276181,0.0,0.0,Nov,1,2,1,2,Returning_Visitor,False,False
0.0,0.0,0.0,0.0,17.586334,653.5491,0.022547998,0.045932494,0.0,0.0,Dec,1,2,7,1,Returning_Visitor,False,False
3.0,56.144253,0.0,0.0,39.0,1000.4447,0.004170002,0.015186635,17.636276,0.0,Aug,2,2,9,2,Returning_Visitor,False,True
3.0,66.69484,0.0,0.0,25.0,582.2749,0.0,0.019305628,0.0,0.0,Sep,3,2,1,2,Returning_Visitor,False,False
0.0,0.0,0.0,0.0,29.0,920.5531,0.0,0.022748264,0.0,0.0,Dec,2,2,2,1,Returning_Visitor,False,False
3.0,82.25425,0.0,0.0,8.0,122.9353,0.0,0.0282936,0.0,0.0,Nov,1,1,1,8,Returning_Visitor,False,False
0.0,0.0,0.0,0.0,28.0,685.61566,0.0,0.013333333,0.0,0.0,Nov,2,2,4,2,Returning_Visitor,False,False
3.0,56.599377,0.0,0.0,50.021683,1423.3132,0.0060384497,0.027694626,0.0,0.0,Dec,2,4,1,1,Returning_Visitor,False,False
0.0,0.0,0.0,0.0,38.0,892.47046,0.0072347247,0.02,0.0,0.0,Dec,2,2,7,1,Returning_Visitor,False,False
4.0,88.95812,0.0,0.0,48.0,1302.4829,0.0,0.015954182,0.0,0.0,Nov,1,1,6,4,Returning_Visitor,False,False
3.0,103.168106,0.0,0.0,25.0,570.918,0.011933009,0.026969438,0.0,0.0,Nov,1,1,7,2,Returning_Visitor,False,False
3.0,56.222572,0.0,0.0,55.70015,1684.8606,0.0026854468,0.02029607,0.0,0.0,Aug,2,2,1,1,Returning_Visitor,False,False
0.0,0.0,0.0,0.0,24.0,629.35675,0.0,0.025,0.0,0.0,Aug,2,2,1,2,Returning_Visitor,False,False
0.0,0.0,0.0,0.0,24.0,553.7819,0.0,0.032736592,0.0,0.0,Jul,2,2,1,13,Returning_Visitor,False,False
2.0,31.995544,0.0,0.0,26.0,775.0816,0.0040113125,0.02796879,0.0,0.0,Nov,2,2,4,2,Returning_Visitor,False,False
0.0,0.0,0.0,0.0,17.0,467.0679,0.0,0.025536893,0.0,0.0,Nov,4,2,1,2,Returning_Visitor,False,False
0.0,0.0,0.0,0.0,10.0,184.31854,0.0,0.029886637,0.0,0.0,Aug,2,2,1,1,Returning_Visitor,False,False
0.0,0.0,0.0,0.0,10.0,302.0562,0.024566188,0.05,0.0,0.0,Nov,2,2,3,3,Returning_Visitor,False,False
4.0,63.144775,0.0,0.0,20.0,448.01797,0.0,0.02144913,0.0,0.0,Aug,2,2,7,1,Returning_Visitor,False,False
2.0,43.157845,0.0,0.0,24.354204,771.9267,0.0,0.0125,12.212537,0.0,Dec,2,2,1,2,Returning_Visitor,False,False
0.0,0.0,0.0,0.0,30.0,552.20624,0.0,0.015508589,0.0,0.0,Aug,1,2,9,2,Returning_Visitor,False,False
0.0,0.0,0.0,0.0,7.0,328.8591,0.0,0.04728665,0.0,0.0,Dec,2,2,1,2,Returning_Visitor,False,False
0.0,0.0,0.0,0.0,22.0,664.7985,0.006841915,0.027978456,0.0,0.0,Nov,2,2,1,2,Returning_Visitor,False,False
0.0,0.0,0.0,0.0,29.0,809.4569,0.0,0.020190809,0.0,0.0,Aug,3,2,4,2,Returning_Visitor,False,False
0.0,0.0,0.0,0.0,23.0,439.16208,0.0155055355,0.02773821,0.0,0.0,Dec,4,2,6,3,Returning_Visitor,False,False
2.0,34.213345,0.0,0.0,12.0,273.3633,0.0,0.03325735,0.0,0.0,Aug,2,2,1,2,Returning_Visitor,False,False
5.0,114.56835,0.0,0.0,60.0,2193.919,0.008737465,0.025,0.0,0.0,Aug,2,2,4,2,Returning_Visitor,False,False
0.0,0.0,0.0,0.0,13.0,263.09534,0.0,0.03762217,0.0,0.0,Nov,2,2,1,13,Returning_Visitor,False,False
0.0,0.0,0.0,0.0,21.0,347.10434,0.0,0.030954944,0.0,0.0,Nov,1,4,1,3,Returning_Visitor,False,False
3.0,59.441525,0.0,0.0,37.0,1840.3385,0.0,0.019574987,17.332695,0.0,Nov,2,4,9,9,Returning_Visitor,False,True
0.0,0.0,0.0,0.0,27.0,669.64325,0.0,0.011595089,0.0,0.0,Nov,2,2,7,13,Returning_Visitor,False,False
0.0,0.0,0.0,0.0,19.0,650.23883,0.013883405,0.044066116,0.0,0.0,Dec,2,2,1,2,Returning_Visitor,False,False
0.0,0.0,0.0,0.0,19.0,461.5576,0.0,0.016666668,0.0,0.0,Dec,2,2,1,8,Returning_Visitor,False,False
4.0,80.85295,0.0,0.0,25.0,582.405,0.0125,0.03230375,0.0,0.0,Dec,3,2,1,3,Returning_Visitor,False,False
0.0,0.0,0.0,0.0,12.0,264.9803,0.0097430125,0.04836997,0.0,0.0,Dec,3,2,1,1,Returning_Visitor,False,False
1.0,25.31902,0.0,0.0,18.0,290.79266,0.0,0.01,0.0,0.0,Dec,1,1,9,8,Returning_Visitor,False,False
0.0,0.0,0.0,0.0,16.0,641.32404,0.0,0.032389116,0.0,0.0,Aug,1,4,9,2,Returning_Visitor,False,False
3.0,47.988205,0.0,0.0,43.082253,1588.5616,0.010271626,0.025073815,0.0,0.0,Mar,1,1,3,2,Returning_Visitor,False,False
4.0,95.61903,1.0,0.0,45.59043,1858.0957,0.0,0.018001854,12.572616,0.0,Nov,2,2,1,2,Returning_Visitor,False,True
0.0,0.0,0.0,0.0,24.0,522.3016,0.0,0.017814625,0.0,0.0,Dec,2,2,1,2,Returning_Visitor,False,False
0.0,0.0,0.0,0.0,28.0,1170.3815,0.0,0.01707378,0.0,0.0,Nov,4,1,9,9,Returning_Visitor,True,False
0.0,0.0,0.0,0.0,39.0,1655.4418,0.011390994,0.03333333,0.0,0.0,Dec,4,2,1,1,Returning_Visitor,False,False
0.0,0.0,0.0,0.0,15.0,276.61832,0.034087583,0.06645564,0.0,0.0,Dec,2,2,1,1,Returning_Visitor,False,False
0.0,0.0,0.0,0.0,26.0,790.44745,0.011653151,0.037807796,0.0,0.0,Aug,2,4,3,1,Returning_Visitor,False,False
0.0,0.0,0.0,0.0,31.348427,793.3472,0.0038484419,0.028881239,0.0,0.0,Dec,2,2,1,13,Returning_Visitor,False,False
0.0,0.0,0.0,0.0,12.0,290.04703,0.0,0.025373323,0.0,0.0,Dec,2,2,4,8,Returning_Visitor,False,False
3.0,56.387882,0.0,0.0,26.0,680.6966,0.0,0.02669789,0.0,0.0,Dec,2,4,9,2,Returning_Visitor,False,False
0.0,0.0,0.0,0.0,37.0,701.53217,0.0,0.018181818,0.0,0.0,Dec,4,2,1,13,Returning_Visitor,False,False
2.0,68.29516,0.0,0.0,24.0,545.433,0.0,0.017576067,0.0,0.0,Dec,4,2,7,2,Returning_Visitor,False,False
2.0,63.763775,0.0,0.0,36.04416,1445.4142,0.010124329,0.029149836,0.0,0.0,Aug,2,2,1,1,Returning_Visitor,False,False
0.0,0.0,0.0,0.0,23.444372,717.2332,0.024358476,0.044444446,0.0,0.0,Sep,1,4,9,1,Returning_Visitor,False,False
3.0,77.53178,0.0,0.0,39.95642,1418.2269,0.003144176,0.021472583,0.0,0.0,Nov,1,1,1,1,Returning_Visitor,False,False
2.0,53.233395,0.0,0.0,28.0,566.5186,0.0,0.013333333,0.0,0.0,Dec,2,2,6,13,Returning_Visitor,False,False
0.0,0.0,0.0,0.0,27.0,723.0052,0.0,0.025,0.0,0.0,Dec,2,1,1,1,Returning_Visitor,False,False
0.0,0.0,0.0,0.0,7.0,163.68907,0.0,0.04498303,0.0,0.0,Dec,2,2,1,1,Returning_Visitor,False,False
4.0,65.61412,0.0,0.0,24.0,594.1078,0.0,0.021457145,0.0,0.0,Dec,1,1,1,2,Returning_Visitor,False,False
4.0,75.9868,0.0,0.0,33.0,1137.2,0.0,0.017167054,11.072577,0.0,May,2,1,6,2,Returning_Visitor,False,False
0.0,0.0,0.0,0.0,16.0,650.3935,0.0,0.027468048,0.0,0.0,Dec,2,2,1,2,Returning_Visitor,False,False
0.0,0.0,0.0,0.0,25.0,746.38885,0.0,0.016125318,0.0,0.0,Dec,1,2,1,2,Returning_Visitor,False,False
2.0,23.03222,0.0,0.0,24.0,581.16626,0.0,0.01673316,0.0,0.0,Aug,2,2,4,2,Returning_Visitor,False,False
0.0,0.0,0.0,0.0,19.0,435.72394,0.014285714,0.044548675,0.0,0.0,Aug,1,2,1,2,Returning_Visitor,False,False
0.0,0.0,0.0,0.0,30.0,728.9577,0.018110786,0.03304986,0.0,0.0,Aug,2,2,1,1,Returning_Visitor,False,False
0.0,0.0,0.0,0.0,15.0,674.1732,0.0,0.010528345,36.64307,0.0,Dec,2,2,1,1,Returning_Visitor,False,True
2.0,40.40008,0.0,0.0,37.0,1155.9897,0.0,0.015384615,0.0,0.0,Nov,3,2,1,2,Returning_Visitor,False,False
0.0,0.0,0.0,0.0,15.0,363.412,0.0,0.023874404,0.0,0.0,Dec,2,2,7,2,Returning_Visitor,False,False
2.0,40.953842,0.0,0.0,45.480747,1191.2435,0.00166435,0.016666668,0.0,0.0,Dec,2,2,7,8,Returning_Visitor,False,False
4.0,94.80325,0.0,0.0,32.0,620.8877,0.0,0.015693722,0.0,0.0,Dec,1,1,1,2,Returning_Visitor,False,False
0.0,0.0,0.0,0.0,19.0,477.99362,0.0,0.018164864,0.0,0.0,Dec,2,2,1,10,Returning_Visitor,False,False
0.0,0.0,0.0,0.0,10.0,167.57703,0.0,0.037481423,0.0,0.0,Dec,2,2,7,2,Returning_Visitor,False,False
2.0,61.2339,0.0,0.0,51.52217,2090.541,0.0056968373,0.022222223,13.347249,0.0,Dec,2,2,1,2,Returning_Visitor,False,False
1.0,0.0,0.0,0.0,27.327507,1049.7402,0.0,0.012796232,0.0,0.0,Nov,4,2,1,9,Returning_Visitor,False,False
3.0,71.32453,0.0,0.0,41.0,724.6697,0.0038723364,0.016666668,0.0,0.0,Dec,1,1,1,1,Returning_Visitor,False,False
0.0,0.0,0.0,0.0,17.0,401.18866,0.0,0.012714025,0.0,0.0,Nov,2,2,4,3,Returning_Visitor,False,True
0.0,0.0,0.0,0.0,16.0,351.74106,0.0,0.024459451,0.0,0.0,Nov,2,2,4,1,Returning_Visitor,False,False
3.0,54.83991,0.0,0.0,44.01526,1975.4711,0.0076194075,0.016321342,0.0,0.0,Nov,2,2,3,2,Returning_Visitor,False,False
3.0,67.00196,0.0,0.0,38.0,1300.8828,0.0,0.014483843,0.0,0.0,Dec,1,2,4,2,Returning_Visitor,False,False
2.0,25.983576,0.0,0.0,42.0,1301.2146,0.006449253,0.025,0.0,0.0,Dec,2,2,1,2,Returning_Visitor,False,False
0.0,0.0,0.0,0.0,13.0,275.00803,0.0,0.044444446,0.0,0.0,Aug,3,2,7,3,Returning_Visitor,False,False
0.0,0.0,0.0,0.0,19.0,702.7311,0.02726609,0.058037184,0.0,0.0,Aug,1,1,4,3,Returning_Visitor,False,False
0.0,0.0,0.0,0.0,17.0,561.16296,0.015052902,0.028437749,0.0,0.0,Nov,1,1,3,2,Returning_Visitor,False,False
6.0,131.42276,0.0,0.0,56.817585,2173.1562,0.005683279,0.02,11.358783,0.0,Nov,3,2,1,2,Returning_Visitor,False,False
4.0,68.24157,0.0,0.0,29.0,644.8052,0.0,0.02,0.0,0.0,Dec,2,2,1,2,Returning_Visitor,False,False
0.0,0.0,0.0,0.0,31.0,969.4418,0.022935288,0.05,0.0,0.0,Dec,2,2,4,1,Returning_Visitor,False,False
3.0,47.080994,0.0,0.0,16.0,407.14224,0.0,0.024615299,0.0,0.0,Aug,2,2,1,8,Returning_Visitor,False,False
3.0,56.360996,0.0,0.0,18.0,499.08633,0.0,0.014370477,0.0,0.0,Sep,2,2,1,14,Returning_Visitor,False,False
0.0,0.0,0.0,0.0,15.333184,610.5231,0.0,0.025632659,0.0,0.0,Mar,4,1,1,1,Returning_Visitor,False,False
0.0,0.0,0.0,0.0,8.0,182.11287,0.05,0.06642447,0.0,0.0,Dec,3,2,1,3,Returning_Visitor,False,False
0.0,0.0,0.0,0.0,22.699844,647.5555,0.010927645,0.02665412,0.0,0.0,Nov,1,1,3,2,Returning_Visitor,False,False
4.0,89.745834,0.0,0.0,25.0,411.62115,0.0,0.01100553,0.0,0.0,Aug,1,2,1,2,Returning_Visitor,False,True
0.0,0.0,0.0,0.0,20.0,425.392,0.0,0.021984491,0.0,0.0,Nov,2,2,9,2,Returning_Visitor,True,False
2.0,32.92478,0.0,0.0,30.22008,786.28394,0.0,0.015384615,0.0,0.0,Aug,2,2,1,2,Returning_Visitor,True,False
0.0,0.0,0.0,0.0,26.193504,759.4698,0.0,0.022076624,0.0,0.0,Nov,1,2,4,2,Returning_Visitor,False,False
0.0,0.0,0.0,0.0,28.929657,659.62787,0.0073415716,0.025,0.0,0.0,Nov,3,2,7,2,Returning_Visitor,False,False
0.0,0.0,0.0,0.0,13.0,244.18277,0.0,0.022222223,0.0,0.0,Dec,4,8,3,3,Returning_Visitor,False,False
5.0,77.099625,0.0,0.0,22.0,574.61584,0.008635206,0.028595705,0.0,0.0,Aug,2,2,4,1,Returning_Visitor,False,False
0.0,0.0,0.0,0.0,21.0,442.19412,0.0,0.018576464,0.0,0.0,Nov,1,1,7,3,Returning_Visitor,False,False
2.0,55.836662,0.0,0.0,43.240433,1251.997,0.0022673865,0.02261761,0.0,0.0,Jul,2,2,1,1,Returning_Visitor,False,False
2.0,34.19181,0.0,0.0,49.189205,1574.4939,0.0,0.016666668,0.0,0.0,Dec,2,2,4,2,Returning_Visitor,False,False
0.0,0.0,0.0,0.0,15.0,272.6521,0.025,0.053044625,0.0,0.0,Dec,4,1,1,2,Returning_Visitor,False,False
2.0,32.426872,0.0,0.0,30.0,989.1864,0.0073025576,0.028957248,0.0,0.0,Dec,2,2,4,2,Returning_Visitor,False,False
4.0,50.428223,0.0,0.0,24.0,805.9085,0.0,0.013082032,0.0,0.0,Dec,4,1,7,2,Returning_Visitor,False,False
3.0,45.579605,0.0,0.0,34.006676,1475.0448,0.0,0.011764706,8.624361,0.0,Dec,2,2,1,2,Returning_Visitor,False,False
0.0,0.0,0.0,0.0,27.221117,926.47327,0.0,0.022432948,0.0,0.0,Jul,2,2,4,1,Returning_Visitor,False,False
0.0,0.0,0.0,0.0,34.0,1026.4219,0.0,0.016666668,0.0,0.0,Mar,2,2,1,1,Returning_Visitor,False,False
0.0,0.0,0.0,0.0,10.0,190.95265,0.0,0.032336347,0.0,0.0,Dec,2,2,1,1,Returning_Visitor,False,False
0.0,0.0,0.0,0.0,10.0,204.87045,0.04,0.06666667,0.0,0.0,Dec,2,2,1,1,Returning_Visitor,False,False
0.0,0.0,0.0,0.0,28.0,691.8053,0.0,0.017534675,0.0,0.0,Dec,2,2,1,2,Returning_Visitor,False,False
3.0,77.08789,0.0,0.0,15.0,330.7414,0.0,0.021333082,0.0,0.0,Aug,2,2,1,13,Returning_Visitor,False,False
2.0,56.185352,0.0,0.0,29.0,589.70703,0.0,0.020632295,0.0,0.0,Dec,2,2,4,1,Returning_Visitor,False,False
0.0,0.0,0.0,0.0,18.554422,264.52545,0.016666668,0.037274312,0.0,0.0,Dec,3,2,4,3,Returning_Visitor,False,False
0.0,0.0,0.0,0.0,15.0,507.6327,0.025,0.05199088,0.0,0.0,Dec,1,2,4,1,Returning_Visitor,False,False
2.0,52.85696,0.0,0.0,23.59642,638.02216,0.014273241,0.027095558,0.0,0.0,Dec,6,2,1,2,Returning_Visitor,False,False
0.0,0.0,0.0,0.0,17.0,606.1515,0.0,0.025752911,0.0,0.0,Nov,3,2,1,3,Returning_Visitor,False,False
4.0,64.47944,0.0,0.0,31.0,717.7832,0.0,0.007928211,0.0,0.0,Dec,2,2,9,1,Returning_Visitor,False,False
0.0,0.0,0.0,0.0,39.0,952.3625,0.018181818,0.039987914,0.0,0.0,Aug,1,2,7,1,Returning_Visitor,False,False
3.0,112.150604,0.0,0.0,35.13833,721.87933,0.0041997046,0.009914651,0.0,0.0,Dec,3,2,7,2,New_Visitor,False,False
0.0,0.0,0.0,0.0,11.0,212.24062,0.0,0.03416603,0.0,0.0,Dec,2,2,9,2,Returning_Visitor,False,False
5.0,69.72138,0.0,0.0,55.23873,1994.8024,0.006162071,0.020501003,10.073372,0.0,Nov,2,2,3,2,Returning_Visitor,False,True
0.0,0.0,0.0,0.0,17.020689,310.0887,0.0,0.023502203,0.0,0.0,Dec,1,2,1,2,Returning_Visitor,False,False
4.0,71.51813,0.0,0.0,35.0,674.2107,0.0,0.008818826,0.0,0.0,Dec,1,2,1,2,Returning_Visitor,False,False
0.0,0.0,0.0,0.0,26.306503,701.1908,0.0,0.03333333,0.0,0.0,Dec,2,2,1,13,Returning_Visitor,False,False
0.0,0.0,0.0,0.0,15.0,298.24374,0.0,0.02,0.0,0.0,Dec,4,1,1,1,Returning_Visitor,False,False
2.0,102.90687,0.0,0.0,14.0,344.98404,0.0,0.015473914,0.0,0.0,Aug,1,2,7,2,Returning_Visitor,False,False
0.0,0.0,0.0,0.0,15.0,575.6897,0.0,0.026678616,0.0,0.0,Nov,2,4,1,2,Returning_Visitor,False,False
0.0,0.0,0.0,0.0,27.0,670.3163,0.0041199387,0.028558835,0.0,0.0,Dec,2,2,6,13,Returning_Visitor,False,False
0.0,0.0,0.0,0.0,9.0,160.99733,0.0,0.05,0.0,0.0,Nov,4,2,1,1,Returning_Visitor,False,False
0.0,0.0,0.0,0.0,12.0,230.89261,0.030128302,0.062175333,0.0,0.0,May,2,2,4,3,Returning_Visitor,False,False
6.0,132.50621,3.0,164.2666,125.52719,5013.338,0.0055858046,0.019662691,7.6865687,0.0,Nov,2,2,1,2,Returning_Visitor,False,False
1.0,0.0,0.0,0.0,22.0,568.92084,0.0,0.0125,0.0,0.0,May,1,2,1,13,Returning_Visitor,False,False
3.0,60.684494,0.0,0.0,26.0,604.6254,0.0073826136,0.02,0.0,0.0,Aug,1,2,4,2,Returning_Visitor,False,False
4.0,72.48096,0.0,0.0,29.0,722.4694,0.0,0.014285714,0.0,0.0,Nov,2,2,1,13,Returning_Visitor,False,False
0.0,0.0,0.0,0.0,14.0,492.37817,0.0,0.025,0.0,0.0,Nov,2,2,3,2,Returning_Visitor,False,False
4.0,67.73177,0.0,0.0,33.0,569.8336,0.0,0.012461412,0.0,0.0,Dec,2,2,1,13,Returning_Visitor,False,False
0.0,0.0,0.0,0.0,28.0,781.8872,0.0,0.016599713,0.0,0.0,Feb,2,4,7,13,Returning_Visitor,False,False
0.0,0.0,0.0,0.0,16.25504,703.8384,0.0,0.024079405,0.0,0.0,Nov,2,4,1,1,Returning_Visitor,False,False
2.0,42.589134,0.0,0.0,27.0,649.39166,0.0062459186,0.018181818,0.0,0.0,Nov,2,2,1,1,Returning_Visitor,False,False
0.0,0.0,0.0,0.0,16.584776,357.73227,0.0,0.033011816,0.0,0.0,Nov,3,2,4,3,Returning_Visitor,False,False
6.0,102.73177,0.0,0.0,72.21603,2658.4255,0.0,0.013021854,6.9119053,0.0,Dec,2,2,1,2,Returning_Visitor,False,False
3.0,24.574947,0.0,0.0,14.0,547.4245,0.0,0.022222223,0.0,0.0,Nov,2,2,7,2,Returning_Visitor,False,False
0.0,0.0,0.0,0.0,12.396193,366.7245,0.017245501,0.05,0.0,0.0,Dec,4,2,1,1,Returning_Visitor,False,False
4.0,68.978096,0.0,0.0,30.0,397.2893,0.0,0.02029355,0.0,0.0,Sep,4,2,1,3,Returning_Visitor,False,False
0.0,0.0,0.0,0.0,22.0,627.67914,0.0,0.025548872,0.0,0.0,Aug,2,2,7,8,Returning_Visitor,False,False
1.0,0.0,0.0,0.0,37.0,982.49927,0.006666667,0.02579608,0.0,0.0,Dec,4,2,3,2,Returning_Visitor,False,False
0.0,0.0,0.0,0.0,10.0,183.79716,0.05,0.072584555,0.0,0.0,May,3,2,9,13,Returning_Visitor,False,False
2.0,70.19105,0.0,0.0,76.50762,2616.627,0.0017657204,0.014476422,0.0,0.0,Dec,2,2,9,1,Returning_Visitor,False,False
0.0,0.0,0.0,0.0,24.0,687.4335,0.008265826,0.037406154,0.0,0.0,Aug,4,2,1,20,Returning_Visitor,False,False
3.0,76.878044,0.0,0.0,26.0,592.15594,0.0049047037,0.016795764,0.0,0.0,Dec,1,1,1,2,Returning_Visitor,False,False
0.0,0.0,0.0,0.0,19.473356,331.01553,0.0,0.02,0.0,0.0,Nov,2,2,1,1,Returning_Visitor,False,False
1.0,14.130273,0.0,0.0,27.684916,866.567,0.013694418,0.030906575,0.0,0.0,Aug,1,2,4,3,Returning_Visitor,False,False
2.0,26.414066,0.0,0.0,16.0,538.4258,0.0,0.01845103,0.0,0.0,Nov,2,2,7,1,Returning_Visitor,False,False
3.0,46.423748,0.0,0.0,66.43386,2125.9434,0.0048143603,0.017146965,0.0,0.0,Nov,2,2,1,2,Returning_Visitor,False,False
0.0,0.0,0.0,0.0,10.0,419.31137,0.05599224,0.08831497,0.0,0.0,Dec,3,2,1,3,Returning_Visitor,False,False
5.0,138.67834,0.0,0.0,39.0,840.41797,0.002730761,0.011768731,0.0,0.0,Dec,4,2,3,2,Returning_Visitor,False,False
0.0,0.0,0.0,0.0,26.0,562.25415,0.009805989,0.025796244,0.0,0.0,Dec,4,2,7,1,Returning_Visitor,False,False
0.0,0.0,0.0,0.0,17.64646,346.8199,0.0,0.02708099,0.0,0.0,Mar,3,2,1,13,Returning_Visitor,True,False
5.0,103.42909,0.0,0.0,41.330254,889.90186,0.0,0.025,0.0,0.0,Dec,2,2,1,3,Returning_Visitor,False,False
0.0,0.0,0.0,0.0,64.14286,1774.4937,0.0048599946,0.023439003,0.0,0.0,Aug,2,2,1,2,Returning_Visitor,False,False
0.0,0.0,0.0,0.0,20.0,725.90656,0.0,0.021322016,0.0,0.0,Nov,2,2,2,10,Returning_Visitor,False,False
0.0,0.0,0.0,0.0,23.0,679.3391,0.0,0.022674175,0.0,0.0,Dec,2,2,1,9,Returning_Visitor,False,False
3.0544434,57.42194,0.0,0.0,38.48445,1976.6459,0.005989678,0.022675121,0.0,0.0,Jul,2,2,1,2,Returning_Visitor,False,False
0.0,0.0,0.0,0.0,27.0,667.7998,0.0,0.017775716,0.0,0.0,Dec,1,1,1,2,Returning_Visitor,False,False
0.0,0.0,0.0,0.0,25.0,658.1879,0.019977769,0.04,0.0,0.0,Nov,1,1,7,1,Returning_Visitor,False,False
3.0,81.46881,0.0,0.0,24.0,318.22433,0.0,0.016666668,0.0,0.0,Aug,1,2,9,9,Returning_Visitor,False,False
0.0,0.0,0.0,0.0,18.0,273.9424,0.0,0.028571429,0.0,0.0,Dec,2,2,1,8,Returning_Visitor,False,False
0.0,0.0,0.0,0.0,22.0,578.5254,0.0,0.03333333,0.0,0.0,Dec,1,1,7,2,Returning_Visitor,False,False
2.0,29.582495,0.0,0.0,17.0,333.3696,0.0,0.029595345,0.0,0.0,Dec,2,2,7,2,Returning_Visitor,False,False
0.0,0.0,0.0,0.0,14.0,338.87378,0.0,0.025,0.0,0.0,Mar,1,1,1,1,Returning_Visitor,False,False
1.0,6.644726,0.0,0.0,24.0,495.70148,0.016596567,0.04,0.0,0.0,Dec,2,2,1,1,Returning_Visitor,False,False
0.0,0.0,0.0,0.0,22.0,576.33887,0.0,0.017213397,0.0,0.0,Aug,2,2,3,2,Returning_Visitor,False,False
0.0,0.0,0.0,0.0,20.0,538.991,0.0,0.02353282,0.0,0.0,Dec,4,1,1,2,Returning_Visitor,False,False
2.0,37.118824,0.0,0.0,20.0,657.84326,0.012412265,0.027348528,0.0,0.0,Nov,2,2,4,2,Returning_Visitor,False,False
0.0,0.0,0.0,0.0,8.0,185.06955,0.0,0.03333333,0.0,0.0,Nov,2,2,1,13,Returning_Visitor,False,False
0.0,0.0,0.0,0.0,28.0,825.57355,0.014166923,0.035893496,0.0,0.0,Dec,2,2,7,3,Returning_Visitor,False,False
1.0,0.0,0.0,0.0,11.0,222.2682,0.0,0.02691659,0.0,0.0,Aug,4,2,4,2,Returning_Visitor,False,False
3.0,38.862083,0.0,0.0,58.829124,1829.741,0.0,0.014656575,0.0,0.0,Nov,2,2,7,2,Returning_Visitor,False,True
3.0,46.867268,0.0,0.0,39.0,1045.5209,0.0,0.011699297,0.0,0.0,Dec,2,2,1,2,Returning_Visitor,False,False
0.0,0.0,0.0,0.0,13.0,198.83618,0.0,0.04204491,0.0,0.0,Dec,1,1,1,3,Returning_Visitor,False,False
0.0,0.0,0.0,0.0,13.0,246.39569,0.0,0.023079557,0.0,0.0,May,1,2,1,1,Returning_Visitor,False,False
0.0,0.0,0.0,0.0,19.0,560.6921,0.0,0.027266309,0.0,0.0,Aug,2,2,4,3,Returning_Visitor,False,False
2.0,11.608251,0.0,0.0,8.0,128.92206,0.0,0.03333333,0.0,0.0,Dec,2,2,4,3,Returning_Visitor,False,False
0.0,0.0,0.0,0.0,38.0,1727.7435,0.0,0.020527527,0.0,0.0,Dec,2,2,4,3,Returning_Visitor,False,False
3.0,49.741924,0.0,0.0,44.811172,1247.3492,0.0051288083,0.016666668,0.0,0.0,Aug,2,2,1,13,Returning_Visitor,False,False
0.0,0.0,0.0,0.0,9.0,115.153725,0.05920173,0.1,0.0,0.2,May,2,2,1,1,Returning_Visitor,False,False
1.0,25.859055,0.0,0.0,41.234474,1196.9237,0.005907084,0.016666668,0.0,0.0,Nov,3,2,1,1,Returning_Visitor,False,False
3.0,90.333405,0.0,0.0,55.624638,2156.8762,0.0028907782,0.016574731,6.714921,0.0,Aug,2,2,1,1,Returning_Visitor,False,False
0.0,0.0,0.0,0.0,43.0,1474.4578,0.0024598965,0.02077645,12.688979,0.0,Nov,2,2,1,2,Returning_Visitor,False,False
4.0,75.80593,0.0,0.0,42.549812,1674.6704,0.0040294733,0.019146107,0.0,0.0,Nov,4,2,1,2,Returning_Visitor,False,False
0.0,0.0,0.0,0.0,24.0,727.2918,0.0,0.016005758,0.0,0.0,Dec,1,2,1,2,New_Visitor,True,False
0.0,0.0,0.0,0.0,23.0,538.7918,0.020718861,0.039806902,0.0,0.0,Dec,2,2,1,3,Returning_Visitor,False,False
0.0,0.0,0.0,0.0,15.0,259.5705,0.0037272435,0.022222223,0.0,0.0,Aug,2,2,6,13,Returning_Visitor,False,False
3.0,74.344345,0.0,0.0,14.0,355.55383,0.0125,0.027450964,0.0,0.0,Dec,4,1,3,8,Returning_Visitor,False,False
0.0,0.0,0.0,0.0,15.0,445.9876,0.0,0.017427916,0.0,0.0,Dec,2,2,7,1,Returning_Visitor,False,False
0.0,0.0,0.0,0.0,24.0,676.9365,0.008497277,0.026810525,0.0,0.0,Nov,1,2,6,1,Returning_Visitor,False,False
3.0,57.152843,0.0,0.0,42.576878,886.4475,0.0,0.009937572,19.481665,0.0,Nov,4,2,6,1,Returning_Visitor,False,True
2.0,33.946774,0.0,0.0,53.0,1773.7079,0.005726733,0.019231439,0.0,0.0,Aug,2,2,4,8,Returning_Visitor,False,False
4.0,74.692604,0.0,0.0,78.67073,2873.4062,0.0034143482,0.017777199,0.0,0.0,Nov,2,2,7,13,Returning_Visitor,False,False
4.0,99.93309,0.0,0.0,21.0,521.65436,0.002807008,0.016666668,0.0,0.0,Dec,3,2,1,2,Returning_Visitor,False,False
0.0,0.0,0.0,0.0,16.0,389.0006,0.0,0.010059276,0.0,0.0,Dec,3,2,1,8,New_Visitor,False,False
0.0,0.0,0.0,0.0,15.0,363.5555,0.0,0.020197567,0.0,0.0,Nov,2,2,1,2,Returning_Visitor,False,False
0.0,0.0,0.0,0.0,22.0,673.06256,0.0,0.025887663,0.0,0.0,Dec,2,2,1,2,Returning_Visitor,False,False
2.0,45.926865,0.0,0.0,15.0,314.9348,0.0129170455,0.032473262,0.0,0.0,Nov,3,2,4,1,Returning_Visitor,False,False
1.0,10.754615,0.0,0.0,22.0,560.7864,0.0,0.02662091,0.0,0.0,Aug,4,1,3,3,Returning_Visitor,False,False
4.0,73.98886,0.0,0.0,67.35786,2380.727,0.006666667,0.0215504,0.0,0.0,Dec,2,2,1,2,Returning_Visitor,False,False
2.0,47.903557,0.0,0.0,18.0,548.391,0.0,0.013877084,0.0,0.0,Dec,2,2,9,2,Returning_Visitor,False,False
0.0,0.0,0.0,0.0,26.0,372.16125,0.008272412,0.027095672,0.0,0.0,Jul,1,1,4,1,Returning_Visitor,False,False
5.0,88.64978,0.0,0.0,24.0,317.2491,0.005022678,0.028141506,0.0,0.0,Dec,4,2,1,3,Returning_Visitor,False,False
4.0,70.99428,0.0,0.0,39.0,931.5641,0.016625352,0.026956886,0.0,0.0,Nov,3,2,1,1,Returning_Visitor,False,False
0.0,0.0,0.0,0.0,28.0,1273.168,0.03333333,0.055067666,0.0,0.0,Dec,2,2,1,1,Returning_Visitor,False,False
0.0,0.0,0.0,0.0,18.0,357.18246,0.014757877,0.039206848,0.0,0.0,Nov,2,2,7,1,Returning_Visitor,False,False
1.0,18.703934,0.0,0.0,28.0,726.2688,0.0,0.023137031,0.0,0.0,Dec,2,2,1,1,Returning_Visitor,False,False
3.0,36.062572,0.0,0.0,25.0,778.6649,0.0,0.01825386,0.0,0.0,Nov,2,2,1,13,Returning_Visitor,False,True
0.0,0.0,0.0,0.0,33.0,754.05615,0.0125,0.03333333,0.0,0.0,Dec,3,2,4,1,Returning_Visitor,False,False
0.0,0.0,0.0,0.0,7.0,118.74378,0.030606288,0.06181392,0.0,0.0,Dec,3,2,1,2,Returning_Visitor,False,False
0.0,0.0,0.0,0.0,10.0,215.05069,0.013596303,0.05,0.0,0.0,Nov,4,1,1,2,Returning_Visitor,False,False
0.0,0.0,0.0,0.0,6.0,129.78346,0.08209577,0.1,0.0,0.0,Dec,1,1,1,1,Returning_Visitor,False,False
0.0,0.0,0.0,0.0,27.553768,885.1534,0.0,0.0154986,24.752712,0.0,Dec,2,2,1,19,Returning_Visitor,False,False
0.0,0.0,0.0,0.0,11.0,253.87566,0.0,0.03333333,0.0,0.0,Dec,2,2,1,2,Returning_Visitor,False,False
0.0,0.0,0.0,0.0,26.0,672.72675,0.0,0.029383518,0.0,0.0,Nov,2,2,4,1,Returning_Visitor,False,False
2.0,46.732685,0.0,0.0,36.0,1046.5491,0.011111111,0.025,0.0,0.0,Nov,1,4,4,2,Returning_Visitor,False,False
4.0,119.58508,0.0,0.0,23.0,410.39008,0.0,0.022222223,0.0,0.0,Oct,1,2,1,13,Returning_Visitor,False,False
4.0,117.27781,0.0,0.0,37.299347,789.22455,0.009090909,0.026269536,0.0,0.0,Jul,4,2,9,1,Returning_Visitor,False,False
0.0,0.0,0.0,0.0,23.0,368.63043,0.005042952,0.03333333,0.0,0.0,Dec,2,2,7,9,Returning_Visitor,False,False
0.0,0.0,0.0,0.0,22.0,501.76138,0.0142282145,0.02889881,0.0,0.0,Dec,3,2,1,13,Returning_Visitor,False,False
3.0,57.1695,0.0,0.0,38.341866,1026.0475,0.0,0.018168507,0.0,0.0,Dec,2,2,7,1,Returning_Visitor,False,False
4.0,70.41873,0.0,0.0,15.0,444.42184,0.0,0.024672179,0.0,0.0,Nov,4,1,3,2,Returning_Visitor,False,False
2.0,20.06751,0.0,0.0,30.0,867.42664,0.0,0.0170333,0.0,0.0,Nov,4,2,4,2,Returning_Visitor,False,True
4.0,62.05383,0.0,0.0,28.0,654.3254,0.0,0.020002171,0.0,0.0,Dec,2,2,9,2,Returning_Visitor,False,False
3.0,102.71271,0.0,0.0,30.0,867.12146,0.0,0.015457088,0.0,0.0,Jul,1,2,4,1,Returning_Visitor,False,False
5.0,67.57826,0.0,0.0,40.0,876.73816,0.0,0.016666668,0.0,0.0,Nov,2,2,1,8,Returning_Visitor,False,False
2.0,34.25236,0.0,0.0,31.0,656.55817,0.0,0.016666668,0.0,0.0,Dec,2,2,4,2,Returning_Visitor,False,False
0.0,0.0,0.0,0.0,21.151596,580.8038,0.0,0.024418412,0.0,0.0,Aug,2,2,6,9,Returning_Visitor,False,False
1.0,2.52991,0.0,0.0,17.0,1428.762,0.0,0.022929637,0.0,0.0,Nov,2,2,4,9,Returning_Visitor,False,False
8.0,152.03589,0.0,0.0,45.14134,1382.2394,0.0044542626,0.01683,8.301011,0.0,Mar,4,1,1,2,Returning_Visitor,False,True
0.0,0.0,0.0,0.0,28.566088,581.0876,0.016478619,0.035617523,0.0,0.0,Aug,1,1,1,3,Returning_Visitor,False,False
2.0,34.16787,0.0,0.0,11.0,289.78568,0.0,0.030447891,0.0,0.0,Dec,2,2,1,1,Returning_Visitor,False,False
0.0,0.0,0.0,0.0,11.0,183.1256,0.0,0.028679127,0.0,0.0,Dec,4,2,1,10,Returning_Visitor,False,False
2.0,31.967215,0.0,0.0,33.0,1492.9813,0.011317846,0.031139033,0.0,0.0,Dec,3,2,4,13,Returning_Visitor,False,False
0.0,0.0,0.0,0.0,49.0,1946.9309,0.0,0.020302037,0.0,0.0,Dec,2,2,7,1,Returning_Visitor,False,False
2.0,22.274723,0.0,0.0,37.0,957.9201,0.0010687006,0.025018366,0.0,0.0,Dec,4,2,6,2,Returning_Visitor,False,False
0.0,0.0,0.0,0.0,33.0,1386.847,0.01880416,0.05,0.0,0.0,Dec,2,2,1,1,Returning_Visitor,False,False
0.0,0.0,0.0,0.0,25.0,645.91046,0.0,0.020483864,0.0,0.0,Nov,2,2,1,2,New_Visitor,False,False
0.0,0.0,0.0,0.0,39.0,1060.164,0.0,0.02,0.0,0.0,Aug,4,1,9,2,Returning_Visitor,False,False
3.0,60.27133,0.0,0.0,37.47261,618.69446,0.013333333,0.024362829,0.0,0.0,Dec,2,2,1,1,Returning_Visitor,False,False
0.0,0.0,0.0,0.0,6.0,204.93138,0.0,0.0365974,0.0,0.0,Nov,4,2,4,13,Returning_Visitor,False,False
0.0,0.0,0.0,0.0,18.0,314.32794,0.0,0.02753693,0.0,0.0,Aug,2,4,1,2,Returning_Visitor,False,False
3.0,65.496284,0.0,0.0,23.0,425.2416,0.0,0.020411769,0.0,0.0,Dec,1,2,4,2,Returning_Visitor,False,False
0.0,0.0,0.0,0.0,38.0,1006.52954,0.0048721186,0.029301468,0.0,0.0,Dec,2,2,1,2,Returning_Visitor,False,False
0.0,0.0,0.0,0.0,12.0,362.96835,0.0,0.029433504,0.0,0.0,Dec,2,2,7,1,New_Visitor,False,False
3.0,82.85471,0.0,0.0,20.0,505.9384,0.0,0.020299086,0.0,0.0,Dec,1,1,3,13,Returning_Visitor,True,True
0.0,0.0,0.0,0.0,16.0,400.98547,0.0,0.01720607,0.0,0.0,Aug,2,2,1,2,Returning_Visitor,False,False
0.0,0.0,0.0,0.0,49.129898,1499.0835,0.013658508,0.027633946,9.501669,0.0,Aug,3,2,1,13,Returning_Visitor,False,False
0.0,0.0,0.0,0.0,12.0,222.03214,0.0,0.03333333,0.0,0.0,Nov,2,2,1,3,Returning_Visitor,False,False
0.0,0.0,0.0,0.0,7.0,188.86617,0.04261723,0.07240559,0.0,0.0,Dec,1,2,1,13,Returning_Visitor,False,False
0.0,0.0,0.0,0.0,27.0,642.68286,0.015533889,0.04,0.0,0.0,Dec,7,2,1,2,Returning_Visitor,False,False
4.0,86.18394,0.0,0.0,56.813755,1721.4817,0.002992182,0.016666668,0.0,0.0,Dec,2,2,7,2,Returning_Visitor,False,False
0.0,0.0,0.0,0.0,20.764856,525.63855,0.0,0.022222223,0.0,0.0,Dec,4,2,7,4,Returning_Visitor,False,False
3.0,95.68526,0.0,0.0,28.0,687.9421,0.012082177,0.027260086,0.0,0.0,Dec,3,2,9,9,Returning_Visitor,False,False
0.0,0.0,0.0,0.0,17.0,599.6575,0.0,0.015759783,0.0,0.0,Aug,4,2,4,9,Returning_Visitor,False,False
3.0,93.32811,0.0,0.0,41.621857,1602.0073,0.011417271,0.028571429,0.0,0.0,Aug,2,2,7,13,Returning_Visitor,False,False
0.0,0.0,0.0,0.0,22.0,631.127,0.0068203616,0.020885916,0.0,0.0,Mar,2,2,1,10,Returning_Visitor,False,False
0.0,0.0,0.0,0.0,21.0,680.9862,0.0,0.02263211,0.0,0.0,Nov,2,2,1,2,Returning_Visitor,False,False
0.0,0.0,0.0,0.0,14.036532,572.46576,0.0,0.0153147895,0.0,0.0,Nov,2,2,9,8,Returning_Visitor,False,False
0.0,0.0,0.0,0.0,29.0,704.2641,0.0,0.015384615,0.0,0.0,Nov,2,2,1,3,Returning_Visitor,False,False
0.0,0.0,0.0,0.0,15.0,325.61554,0.0,0.020897698,0.0,0.0,Dec,2,2,7,1,Returning_Visitor,False,False
0.0,0.0,0.0,0.0,13.0,556.61224,0.0,0.019282563,0.0,0.0,Mar,1,1,7,2,Returning_Visitor,False,False
3.0,53.330864,0.0,0.0,43.064064,1047.7433,0.007940034,0.020476783,0.0,0.0,Aug,2,2,1,2,Returning_Visitor,False,False
1.0,6.204421,0.0,0.0,28.0,884.562,0.014812715,0.033879366,0.0,0.0,Dec,2,2,4,3,Returning_Visitor,False,False
4.0,71.027054,0.0,0.0,30.637857,706.6556,0.0,0.01093427,0.0,0.0,May,2,2,3,3,Returning_Visitor,False,False
0.0,0.0,0.0,0.0,11.0,250.74765,0.0,0.027250344,0.0,0.0,Nov,1,4,1,2,Returning_Visitor,False,False
3.0,74.85864,0.0,0.0,27.0,547.00183,0.0072454284,0.016666668,0.0,0.0,Nov,3,2,1,2,Returning_Visitor,False,False
0.0,0.0,0.0,0.0,20.0,336.82617,0.0,0.032008257,0.0,0.0,Dec,4,4,1,8,Returning_Visitor,False,False
0.0,0.0,0.0,0.0,20.0,656.5913,0.0024209803,0.03767643,0.0,0.0,Nov,2,2,1,3,Returning_Visitor,False,False
2.0,57.010323,0.0,0.0,52.398636,2086.3818,0.0033231317,0.016420282,13.558613,0.0,Nov,2,2,9,2,Returning_Visitor,False,True
3.0,76.02786,0.0,0.0,29.0,815.52155,0.0,0.016666668,0.0,0.0,Dec,3,2,1,2,Returning_Visitor,False,False
0.0,0.0,0.0,0.0,22.0,402.2076,0.0049076034,0.03307086,0.0,0.0,Dec,1,2,1,2,Returning_Visitor,True,False
0.0,0.0,0.0,0.0,26.0,1057.5729,0.0,0.022728873,0.0,0.0,Dec,1,2,1,2,Returning_Visitor,False,False
2.0,46.081764,0.0,0.0,56.008465,1672.5612,0.013627316,0.030826673,0.0,0.0,Aug,2,2,1,1,Returning_Visitor,False,False
0.0,0.0,0.0,0.0,12.0,307.04858,0.0,0.016403766,0.0,0.0,Dec,2,2,7,1,Returning_Visitor,False,False
0.0,0.0,0.0,0.0,36.0,1117.524,0.007690794,0.02,0.0,0.0,Nov,3,2,6,2,Returning_Visitor,False,False
0.0,0.0,0.0,0.0,19.0,328.20346,0.024735965,0.05,0.0,0.0,Dec,1,2,4,2,Returning_Visitor,False,False
0.0,0.0,0.0,0.0,31.0,880.8501,0.0,0.017321248,0.0,0.0,Dec,2,2,1,2,Returning_Visitor,False,False
3.0,46.084103,0.0,0.0,28.920755,723.9486,0.0,0.0074617835,7.858473,0.0,Aug,2,2,7,2,Returning_Visitor,False,True
3.0,59.942787,0.0,0.0,24.0,506.3023,0.008828214,0.03333333,0.0,0.0,Jul,2,2,1,3,Returning_Visitor,False,False
0.0,0.0,0.0,0.0,37.797016,785.9696,0.005477601,0.020768099,0.0,0.0,Dec,2,2,1,1,Returning_Visitor,False,False
3.0,63.899582,0.0,0.0,43.018208,1311.1831,0.0,0.015521485,0.0,0.0,Nov,2,2,1,2,Returning_Visitor,False,False
3.0,76.15036,0.0,0.0,34.0,791.51434,0.0,0.015118089,0.0,0.0,Dec,2,2,3,13,Returning_Visitor,False,False
0.0,0.0,0.0,0.0,29.0,666.32434,0.00261924,0.02,0.0,0.0,Dec,1,2,1,3,Returning_Visitor,False,False
2.0,33.249554,0.0,0.0,22.0,515.63983,0.0,0.016666668,0.0,0.0,Dec,2,2,1,2,Returning_Visitor,False,False
0.0,0.0,0.0,0.0,20.477457,1262.2422,0.0,0.021769052,0.0,0.0,Nov,2,2,1,9,Returning_Visitor,False,False
0.0,0.0,0.0,0.0,26.0,817.1489,0.0,0.02003244,0.0,0.0,Nov,2,2,1,1,Returning_Visitor,False,False
2.0,40.41081,0.0,0.0,31.0,980.2362,0.0,0.011079373,29.204882,0.0,Jul,2,2,1,2,Returning_Visitor,False,True
0.0,0.0,0.0,0.0,24.0,613.15265,0.011111111,0.025781522,0.0,0.0,May,4,2,1,2,Returning_Visitor,False,False
0.0,0.0,0.0,0.0,9.357515,162.89864,0.0,0.05,0.0,0.0,Dec,1,1,9,10,Returning_Visitor,False,False
0.0,0.0,0.0,0.0,18.949856,604.6328,0.0,0.026216099,0.0,0.0,Dec,1,1,1,2,Returning_Visitor,False,False
2.0,42.602314,0.0,0.0,26.0,643.6034,0.0,0.023869373,0.0,0.0,Nov,2,2,1,1,Returning_Visitor,False,False
0.0,0.0,0.0,0.0,17.0,291.1577,0.0,0.026604135,0.0,0.0,Nov,1,1,1,10,Returning_Visitor,False,False
0.0,0.0,0.0,0.0,45.617504,1604.7113,0.012350155,0.025162453,0.0,0.0,Nov,3,2,1,13,Returning_Visitor,False,False
0.0,0.0,0.0,0.0,22.0,344.50388,0.0,0.027691126,0.0,0.0,Dec,1,1,1,10,Returning_Visitor,False,False
4.0,71.9008,0.0,0.0,15.0,245.72383,0.0026129966,0.03333333,0.0,0.0,Sep,2,2,7,13,Returning_Visitor,False,False
4.0,84.935524,0.0,0.0,39.0,750.9103,0.009594116,0.029507933,0.0,0.0,Sep,4,2,1,1,Returning_Visitor,False,False
3.0,42.887085,0.0,0.0,11.0,382.46,0.0,0.016666668,0.0,0.0,Aug,2,2,1,2,Returning_Visitor,True,False
0.0,0.0,0.0,0.0,20.0,492.98022,0.021812698,0.03406201,0.0,0.0,Nov,3,2,9,1,Returning_Visitor,False,False
2.0,23.262232,0.0,0.0,22.0,561.6439,0.011330848,0.025031982,0.0,0.0,Dec,2,2,1,2,Returning_Visitor,False,False
4.0,83.94789,0.0,0.0,29.275063,1389.8723,0.0,0.022996962,14.599606,0.0,Dec,2,2,1,2,Returning_Visitor,False,False
2.0,37.362103,0.0,0.0,59.76479,2317.598,0.0056193387,0.018436048,11.791613,0.0,Nov,4,1,4,9,Returning_Visitor,False,False
4.793074,115.30588,0.0,0.0,30.11635,886.1488,0.0043924795,0.02321048,0.0,0.0,Nov,2,2,4,2,Returning_Visitor,False,False
0.0,0.0,0.0,0.0,16.0,552.67773,0.0,0.028571429,0.0,0.0,Aug,2,2,9,3,Returning_Visitor,False,False
0.0,0.0,0.0,0.0,56.8452,1290.5541,0.0,0.016141089,0.0,0.0,Nov,1,1,1,2,Returning_Visitor,False,False
0.0,0.0,0.0,0.0,16.0,526.57465,0.0,0.0251832,0.0,0.0,Nov,2,4,1,15,Returning_Visitor,False,False
0.0,0.0,0.0,0.0,34.215225,1236.402,0.0056212354,0.03366743,0.0,0.0,Aug,2,2,1,2,Returning_Visitor,False,False
3.0,69.197235,0.0,0.0,40.721157,1473.2086,0.0,0.018191928,16.19344,0.0,Dec,3,2,1,1,Returning_Visitor,False,False
0.0,0.0,0.0,0.0,17.0,419.0092,0.023341589,0.05,0.0,0.0,Dec,1,1,7,1,Returning_Visitor,False,False
2.0,106.01384,0.0,0.0,37.0,1082.1967,0.0,0.011764706,0.0,0.0,Aug,1,1,9,1,Returning_Visitor,False,False
0.0,0.0,0.0,0.0,28.898005,654.365,0.0032406594,0.022552023,0.0,0.0,Sep,2,2,1,1,Returning_Visitor,False,False
2.0,46.241238,0.0,0.0,36.10507,750.4499,0.011111111,0.025,0.0,0.0,Dec,2,2,3,1,Returning_Visitor,False,False
0.0,0.0,0.0,0.0,9.0,157.93546,0.0,0.03543646,0.0,0.0,Dec,2,2,1,3,Returning_Visitor,False,False
4.0,54.799507,0.0,0.0,28.40681,518.3715,0.0,0.016598215,0.0,0.0,Aug,2,2,1,2,Returning_Visitor,False,False
4.0,99.15315,0.0,0.0,25.0,652.15326,0.013040566,0.028922232,0.0,0.0,Dec,1,2,4,1,Returning_Visitor,False,False
0.0,0.0,0.0,0.0,24.332796,826.5037,0.01060932,0.03456959,0.0,0.0,Aug,2,2,3,13,Returning_Visitor,False,False
0.0,0.0,0.0,0.0,22.0,456.4083,0.016666668,0.03768016,0.0,0.0,Dec,1,1,1,3,Returning_Visitor,False,False
0.0,0.0,0.0,0.0,21.0,441.64053,0.0103924945,0.031111114,0.0,0.0,Dec,3,2,1,1,Returning_Visitor,False,False
1.0,9.819936,0.0,0.0,44.0,1172.4825,0.0,0.0125,0.0,0.0,Nov,4,2,1,3,Returning_Visitor,False,False
2.0,46.37817,0.0,0.0,45.0,1798.4022,0.0,0.015753994,12.401449,0.0,Nov,2,2,1,2,Returning_Visitor,False,False
4.0,125.08999,0.0,0.0,27.0,796.4759,0.0,0.014024316,0.0,0.0,Dec,3,2,1,2,Returning_Visitor,False,False
0.0,0.0,0.0,0.0,47.0,1826.4913,0.0090035265,0.025207857,0.0,0.0,Nov,2,2,1,1,Returning_Visitor,False,False
4.0,75.02885,0.0,0.0,82.28354,2900.2087,0.0040383763,0.011721198,9.095336,0.0,Nov,2,2,1,2,Returning_Visitor,False,True
3.0,48.686394,0.0,0.0,20.0,432.04315,0.0,0.015674442,0.0,0.0,Nov,2,2,1,2,Returning_Visitor,False,False
3.0,54.661457,0.0,0.0,27.0,696.54236,0.0,0.02,0.0,0.0,Dec,2,2,8,2,Returning_Visitor,False,False
2.0,36.956963,0.0,0.0,31.378708,746.8702,0.0,0.016147658,0.0,0.0,Aug,2,2,9,2,Returning_Visitor,False,False
0.0,0.0,0.0,0.0,16.0,341.54727,0.012743609,0.03748127,0.0,0.0,Aug,4,2,9,9,Returning_Visitor,False,False
0.0,0.0,0.0,0.0,14.0,299.1282,0.0,0.014951536,0.0,0.0,Aug,2,2,7,2,Returning_Visitor,False,False
0.0,0.0,0.0,0.0,9.619401,281.54218,0.0,0.03333333,0.0,0.0,Nov,2,2,1,3,Returning_Visitor,False,False
0.0,0.0,0.0,0.0,12.0,514.2079,0.0,0.02727263,0.0,0.0,Nov,2,2,4,2,Returning_Visitor,False,False
3.0,72.27782,2.0,3.7139204,63.927444,2239.3237,0.0,0.012971384,0.0,0.0,Dec,2,4,7,13,Returning_Visitor,False,False
3.0,79.20521,0.0,0.0,53.0,1973.8928,0.004829351,0.020113705,0.0,0.0,Nov,2,2,1,1,Returning_Visitor,False,False
2.0,37.930183,0.0,0.0,11.0,353.3835,0.0,0.018813815,0.0,0.0,Dec,2,2,9,2,Returning_Visitor,False,False
1.0,0.0,0.0,0.0,22.0,523.95966,0.0,0.02815429,0.0,0.0,Dec,2,2,1,2,Returning_Visitor,False,False
0.0,0.0,0.0,0.0,24.0,650.13715,0.0,0.017091343,0.0,0.0,Nov,2,2,1,2,Returning_Visitor,False,False
0.0,0.0,0.0,0.0,41.0,1475.0978,0.0125,0.03333333,0.0,0.0,Nov,2,2,4,1,Returning_Visitor,False,False
0.0,0.0,0.0,0.0,9.0,138.79291,0.0,0.027973384,0.0,0.0,Dec,2,2,2,3,Returning_Visitor,False,False
0.0,0.0,0.0,0.0,21.299124,801.2002,0.022738982,0.05,0.0,0.0,Sep,2,2,1,1,Returning_Visitor,False,False
0.0,0.0,0.0,0.0,10.0,309.88248,0.0,0.04,0.0,0.0,Nov,2,2,7,1,Returning_Visitor,False,False
2.0,30.82991,0.0,0.0,18.0,1256.2126,0.0,0.01351692,0.0,0.0,Dec,2,2,7,1,Returning_Visitor,False,False
0.0,0.0,0.0,0.0,20.0,577.07007,0.023096006,0.03333333,0.0,0.0,Aug,3,2,4,13,Returning_Visitor,False,False
2.0,11.612413,0.0,0.0,15.0,249.27199,0.0,0.022171,0.0,0.0,Nov,4,1,1,2,Returning_Visitor,False,False
3.983101,99.40174,0.0,0.0,27.0,666.4775,0.010622517,0.031174526,0.0,0.0,Jul,2,2,1,13,Returning_Visitor,False,False
3.0,34.683975,0.0,0.0,22.0,510.43646,0.0,0.025,0.0,0.0,Nov,4,2,7,2,Returning_Visitor,False,False
0.0,0.0,0.0,0.0,22.0,275.99298,0.0,0.019012753,0.0,0.0,Jul,3,2,7,3,Returning_Visitor,False,False
0.0,0.0,0.0,0.0,32.0,781.2179,0.0038280017,0.029067127,0.0,0.0,Aug,2,2,1,1,Returning_Visitor,False,False
0.0,0.0,0.0,0.0,31.0,675.3748,0.0051986235,0.036857888,0.0,0.0,Dec,2,2,1,1,Returning_Visitor,False,False
0.0,0.0,0.0,0.0,20.0,570.1554,0.008333333,0.034544766,0.0,0.0,Nov,7,2,1,2,Returning_Visitor,False,False
4.0,82.25603,0.0,0.0,28.402782,643.77734,0.0,0.01563,0.0,0.0,Dec,4,2,1,3,Returning_Visitor,False,False
0.0,0.0,0.0,0.0,46.396122,1802.202,0.0019973938,0.023599366,0.0,0.0,Nov,2,2,1,2,Returning_Visitor,False,True
0.0,0.0,0.0,0.0,21.0,746.8239,0.0,0.009090909,0.0,0.0,Nov,3,2,1,2,Returning_Visitor,True,False
0.0,0.0,0.0,0.0,28.51267,598.05743,3.3091008e-05,0.022222223,0.0,0.0,Nov,2,2,7,3,Returning_Visitor,False,False
0.0,0.0,0.0,0.0,42.0,1496.6036,0.0046205586,0.022046294,0.0,0.0,Nov,4,2,1,2,Returning_Visitor,False,False
0.0,0.0,0.0,0.0,16.0,257.19952,0.0,0.04,0.0,0.0,Dec,2,2,7,3,Returning_Visitor,False,False
3.0,59.091843,0.0,0.0,11.437041,418.3907,0.0,0.029766336,0.0,0.0,Mar,2,4,1,13,Returning_Visitor,False,False
0.0,0.0,0.0,0.0,29.0,756.3067,0.0,0.014647804,0.0,0.0,Aug,2,2,1,2,Returning_Visitor,False,False
0.0,0.0,0.0,0.0,16.916403,311.22092,0.009603359,0.04,0.0,0.0,Aug,1,1,1,10,Returning_Visitor,False,False
3.0,34.244022,0.0,0.0,24.0,669.6958,0.0,0.02,0.0,0.0,Dec,2,2,7,1,Returning_Visitor,False,False
0.0,0.0,0.0,0.0,27.0,690.941,0.0,0.02,0.0,0.0,Nov,2,2,1,2,Returning_Visitor,False,False
0.0,0.0,0.0,0.0,25.325108,487.8768,0.012453569,0.03333333,0.0,0.0,Dec,3,2,1,2,Returning_Visitor,False,False
0.0,0.0,0.0,0.0,28.0,980.97595,0.0,0.025,0.0,0.0,Aug,7,2,1,2,Returning_Visitor,False,False
1.0,3.6871614,0.0,0.0,68.516945,2139.1086,0.005415983,0.02,11.242376,0.0,Nov,2,2,4,1,Returning_Visitor,False,False
0.0,0.0,0.0,0.0,20.0,768.4882,0.0,0.02,0.0,0.0,Nov,2,2,1,2,Returning_Visitor,False,False
3.0,53.472534,0.0,0.0,43.269283,1847.9021,0.006060344,0.022222223,0.0,0.0,Nov,4,2,1,2,Returning_Visitor,False,False
3.0,67.05315,0.0,0.0,20.0,478.0792,0.0,0.015397302,0.0,0.0,Mar,3,2,4,2,New_Visitor,False,False
0.0,0.0,0.0,0.0,10.0,286.82635,0.0,0.036088318,0.0,0.0,Mar,2,2,7,13,Returning_Visitor,False,False
0.0,0.0,0.0,0.0,11.0,184.44461,0.0,0.023585973,0.0,0.0,Dec,1,2,7,2,Returning_Visitor,False,False
4.0,72.37953,0.0,0.0,43.43427,1789.0817,0.0,0.015222321,0.0,0.0,Nov,2,2,1,13,Returning_Visitor,False,True
3.0,54.413925,0.0,0.0,40.503536,1324.1858,0.0027670334,0.025443112,0.0,0.0,Nov,2,2,4,10,Returning_Visitor,False,False
0.0,0.0,0.0,0.0,9.0,269.98602,0.0,0.049344283,0.0,0.0,Nov,2,2,1,2,Returning_Visitor,False,False
3.0,56.30629,0.0,0.0,27.0,689.1409,0.0,0.018382948,0.0,0.0,Dec,2,2,1,2,Returning_Visitor,False,False
3.0,59.28786,0.0,0.0,23.0,595.72906,0.002495801,0.028105356,0.0,0.0,Nov,2,2,1,2,Returning_Visitor,False,False
0.0,0.0,0.0,0.0,26.399612,697.6405,0.013333333,0.029370746,0.0,0.0,Dec,3,2,1,3,Returning_Visitor,False,False
0.0,0.0,0.0,0.0,20.0,524.62646,0.0,0.018007752,0.0,0.0,Aug,2,2,1,2,Returning_Visitor,False,True
3.0,53.925076,0.0,0.0,34.0,644.75476,0.0,0.014652944,0.0,0.0,Dec,2,2,7,2,Returning_Visitor,False,False
0.0,0.0,0.0,0.0,20.0,473.99435,0.017195763,0.03333333,0.0,0.0,Nov,1,1,7,10,Returning_Visitor,False,True
0.0,0.0,0.0,0.0,22.0,442.02042,0.0,0.018145775,6.740872,0.0,Nov,4,2,4,13,Returning_Visitor,True,True
5.0,103.3866,0.0,0.0,37.698788,1124.3976,0.009090909,0.025202654,0.0,0.0,Nov,4,2,4,13,Returning_Visitor,False,False
1.0,14.3857975,0.0,0.0,12.0,230.28476,0.0,0.026669983,0.0,0.0,Dec,3,2,1,2,New_Visitor,False,False
4.0,85.68358,0.0,0.0,50.79822,1979.8477,0.0043576644,0.013622163,0.0,0.0,Dec,2,2,1,1,Returning_Visitor,False,False
0.0,0.0,0.0,0.0,23.0,408.66025,0.0,0.025733916,0.0,0.0,Dec,4,2,6,1,Returning_Visitor,False,False
0.0,0.0,0.0,0.0,21.0,497.03445,0.0,0.024232415,0.0,0.0,Nov,2,2,7,8,Returning_Visitor,False,False
0.0,0.0,0.0,0.0,22.035322,694.92194,0.0,0.015863067,0.0,0.0,Aug,1,2,9,2,Returning_Visitor,False,False
0.0,0.0,0.0,0.0,29.0,846.69836,0.014019105,0.034231856,0.0,0.0,Dec,3,2,7,1,Returning_Visitor,False,False
4.0,46.524124,0.0,0.0,24.0,656.1697,0.0,0.017872518,0.0,0.0,Nov,2,2,1,2,Returning_Visitor,False,False
0.0,0.0,0.0,0.0,11.0,201.09914,0.0,0.026258992,0.0,0.0,Dec,2,2,7,2,Returning_Visitor,False,False
0.0,0.0,0.0,0.0,13.0,232.76964,0.010311807,0.05864982,0.0,0.0,Dec,2,6,1,1,Returning_Visitor,False,False
0.0,0.0,0.0,0.0,16.0,355.63278,0.014351867,0.03275338,0.0,0.0,Aug,2,2,1,9,Returning_Visitor,False,False
2.0,32.6648,0.0,0.0,22.0,353.10782,0.005242328,0.023970922,0.0,0.0,May,2,2,7,1,Returning_Visitor,False,False
3.0,67.74593,0.0,0.0,29.69237,939.07983,0.010580273,0.028938914,0.0,0.0,Nov,2,2,7,2,Returning_Visitor,False,False
0.0,0.0,0.0,0.0,11.0,238.92577,0.0,0.01994917,0.0,0.0,Dec,1,2,1,2,Returning_Visitor,False,False
3.0,58.416298,0.0,0.0,44.0,1365.4448,0.0,0.011291153,0.0,0.0,Dec,2,2,3,2,Returning_Visitor,False,False
0.0,0.0,0.0,0.0,25.933134,703.3757,0.0,0.020871334,0.0,0.0,Dec,2,2,1,1,Returning_Visitor,False,False
0.0,0.0,0.0,0.0,13.0,266.51685,0.027053764,0.04236871,0.0,0.0,Nov,3,2,1,2,Returning_Visitor,True,False
4.0,44.93165,0.0,0.0,18.0,474.72327,0.0,0.026618348,0.0,0.0,Aug,2,2,1,2,Returning_Visitor,False,False
2.0,33.58813,0.0,0.0,38.0,1437.3678,0.009090909,0.028272454,0.0,0.0,Dec,2,2,1,2,Returning_Visitor,False,False
0.0,0.0,0.0,0.0,15.0,305.47363,0.0,0.03333333,0.0,0.0,Nov,2,2,2,20,Returning_Visitor,False,False
2.0,40.318428,0.0,0.0,31.0,618.54047,0.007692308,0.018509753,0.0,0.0,Dec,2,2,1,2,New_Visitor,False,False
0.0,0.0,0.0,0.0,26.0,705.7232,0.0,0.031398155,0.0,0.0,Nov,2,2,1,1,Returning_Visitor,False,False
0.0,0.0,0.0,0.0,21.183672,774.0101,0.022866342,0.042267658,0.0,0.0,Sep,4,2,1,1,Returning_Visitor,False,False
0.0,0.0,0.0,0.0,16.0,280.08127,0.012490439,0.04458224,0.0,0.0,Dec,3,2,9,2,Returning_Visitor,False,False
3.0,76.27623,0.0,0.0,50.0,2344.705,0.0028436042,0.025,14.245248,0.0,Dec,4,2,1,2,Returning_Visitor,False,False
0.0,0.0,0.0,0.0,20.0,314.41342,0.0,0.021380808,0.0,0.0,Aug,1,2,1,2,Returning_Visitor,False,False
2.0,40.724815,0.0,0.0,45.0549,1832.1826,0.0125,0.03152116,0.0,0.0,Nov,2,2,3,3,Returning_Visitor,False,False
0.0,0.0,0.0,0.0,39.76027,866.689,0.0,0.005712732,42.13382,0.0,Aug,2,2,1,2,Returning_Visitor,False,True
0.0,0.0,0.0,0.0,46.707645,1051.2086,0.0,0.014404632,0.0,0.0,Dec,1,1,3,2,Returning_Visitor,False,False
0.0,0.0,0.0,0.0,9.0,211.3561,0.0,0.03333333,0.0,0.0,Dec,2,2,1,1,Returning_Visitor,False,False
0.0,0.0,0.0,0.0,14.0,296.70898,0.0,0.017741513,0.0,0.0,Nov,2,2,1,1,Returning_Visitor,False,False
3.0,66.03014,3.0,138.04521,29.0,1214.8605,0.0,0.019177057,24.215528,0.0,Dec,2,2,1,2,Returning_Visitor,False,False
3.0,49.86001,0.0,0.0,24.0,650.0995,0.011179172,0.029755294,0.0,0.0,Nov,2,2,1,2,Returning_Visitor,False,False
0.0,0.0,0.0,0.0,17.0,409.0848,0.0,0.030165887,0.0,0.0,Dec,2,2,1,2,Returning_Visitor,False,False
0.0,0.0,0.0,0.0,31.0,572.1745,0.0,0.016125368,0.0,0.0,Aug,4,2,1,2,Returning_Visitor,False,False
5.0,96.97964,0.0,0.0,101.49402,2132.6687,0.0,0.010180539,0.0,0.0,Dec,2,2,7,1,Returning_Visitor,False,False
0.0,0.0,0.0,0.0,16.0,241.14493,0.0,0.037658338,0.0,0.0,Dec,2,2,4,1,Returning_Visitor,False,False
4.0,91.55155,0.0,0.0,33.724747,782.10675,0.0,0.01048339,0.0,0.0,Aug,3,2,1,2,Returning_Visitor,False,False
0.0,0.0,0.0,0.0,24.0,779.37866,0.010291642,0.031000393,0.0,0.0,Nov,3,2,3,8,Returning_Visitor,False,False
0.0,0.0,0.0,0.0,10.0,363.81277,0.0,0.03278567,0.0,0.0,Dec,2,2,1,1,Returning_Visitor,False,False
0.0,0.0,0.0,0.0,8.461539,253.62271,0.0,0.03333333,0.0,0.0,Dec,2,2,4,2,Returning_Visitor,False,False
0.0,0.0,0.0,0.0,26.0,579.3448,0.004026417,0.025,6.15604,0.0,Mar,2,2,1,1,Returning_Visitor,True,True
2.0,49.885494,0.0,0.0,50.0,1450.9462,0.0,0.011741662,8.799333,0.0,Dec,2,2,1,2,Returning_Visitor,False,False
0.0,0.0,0.0,0.0,18.0,357.144,0.0094910115,0.034419503,0.0,0.0,Aug,2,2,7,1,Returning_Visitor,False,False
3.0,69.01937,0.0,0.0,22.0,443.8663,0.004905331,0.020709304,0.0,0.0,Aug,1,4,6,2,Returning_Visitor,False,False
0.0,0.0,0.0,0.0,18.138668,514.58435,0.016666668,0.04381122,0.0,0.0,Sep,2,2,1,1,Returning_Visitor,False,False
0.0,0.0,0.0,0.0,16.393074,357.33273,0.02252537,0.037334014,0.0,0.0,Dec,3,2,1,13,Returning_Visitor,False,False
3.0,60.0629,0.0,0.0,47.0,2191.4114,0.0057885945,0.023799056,0.0,0.0,Dec,2,2,4,2,Returning_Visitor,False,False
0.0,0.0,0.0,0.0,27.0,1554.4003,0.01662492,0.039980162,0.0,0.0,Dec,2,2,7,1,Returning_Visitor,False,False
0.0,0.0,0.0,0.0,13.0,330.72763,0.0,0.025991952,0.0,0.0,Dec,2,2,4,13,New_Visitor,False,False
5.0,103.724785,0.0,0.0,43.517635,2160.9067,0.0,0.012919452,9.492549,0.0,Dec,2,2,7,2,Returning_Visitor,False,False
1.0,2.7280352,0.0,0.0,28.0,1098.7523,0.0,0.01877841,0.0,0.0,Aug,3,2,9,2,Returning_Visitor,False,False
3.0,34.274395,0.0,0.0,28.0,655.4834,0.0,0.015181212,0.0,0.0,Aug,2,2,7,13,Returning_Visitor,False,False
4.0,117.64855,0.0,0.0,16.0,366.20517,0.0,0.025,0.0,0.0,Dec,1,2,4,2,Returning_Visitor,False,False
3.0,49.785786,0.0,0.0,32.8293,786.3414,0.0,0.014554535,0.0,0.0,Nov,2,2,1,2,Returning_Visitor,False,True
0.0,0.0,0.0,0.0,36.0,648.71686,0.013959391,0.036479786,0.0,0.0,Jul,2,2,1,13,Returning_Visitor,False,False
0.0,0.0,0.0,0.0,28.865257,1151.2292,0.0,0.024657566,0.0,0.0,Aug,2,4,9,9,Returning_Visitor,False,False
3.0,59.578323,0.0,0.0,9.84771,224.74332,0.0,0.018728366,0.0,0.0,Nov,4,2,2,2,Returning_Visitor,False,False
1.0,11.542994,0.0,0.0,25.276815,471.19284,0.015383245,0.039770883,0.0,0.0,Dec,1,1,1,8,Returning_Visitor,False,False
3.0,53.330116,0.0,0.0,41.0,1371.2148,0.013333333,0.03464779,0.0,0.0,Dec,2,2,1,1,Returning_Visitor,False,False
0.0,0.0,0.0,0.0,27.0,680.5761,0.007439939,0.03333333,0.0,0.0,Dec,2,2,9,1,Returning_Visitor,False,False
3.0,29.48698,0.0,0.0,20.51509,571.4967,0.0,0.023593018,0.0,0.0,Dec,2,2,1,3,Returning_Visitor,False,False
0.0,0.0,0.0,0.0,16.374666,346.62378,0.0,0.025372451,0.0,0.0,Mar,2,2,1,3,Returning_Visitor,False,False
2.0,39.987194,0.0,0.0,21.0,615.60284,0.0,0.0068070693,0.0,0.0,Nov,2,2,6,2,New_Visitor,False,False
0.0,0.0,0.0,0.0,30.0,693.8816,0.0,0.027844382,0.0,0.0,Dec,2,2,9,1,Returning_Visitor,False,False
2.0,56.960903,0.0,0.0,12.427648,282.12402,0.0,0.03333333,0.0,0.0,Mar,1,1,1,1,Returning_Visitor,False,False
2.0,36.042473,0.0,0.0,23.0,539.2072,0.0,0.016228598,0.0,0.0,Nov,4,2,1,1,Returning_Visitor,False,False
1.0,0.0,0.0,0.0,21.913649,453.39096,0.0,0.026347287,0.0,0.0,May,2,2,4,8,Returning_Visitor,False,False
0.0,0.0,0.0,0.0,7.0,116.46221,0.0,0.03999568,0.0,0.0,Nov,2,2,1,2,Returning_Visitor,False,False
0.0,0.0,0.0,0.0,24.0,602.45703,0.0,0.01912534,0.0,0.0,May,2,2,7,1,Returning_Visitor,False,False
4.0,75.3043,0.0,0.0,55.124622,2013.6024,0.0,0.0125,6.7790165,0.0,Nov,2,2,8,2,Returning_Visitor,False,False
0.0,0.0,0.0,0.0,21.0,646.6669,0.0,0.016318278,0.0,0.0,Nov,2,2,1,1,Returning_Visitor,False,False
3.0,39.390373,0.0,0.0,28.0,803.3875,0.01021174,0.031255398,0.0,0.0,Aug,2,2,1,1,Returning_Visitor,False,False
0.0,0.0,0.0,0.0,21.0,473.1313,0.0,0.011896388,0.0,0.0,Nov,1,1,4,8,Returning_Visitor,False,False
0.0,0.0,0.0,0.0,19.0,366.90683,0.0109673515,0.04874219,0.0,0.0,Dec,4,1,4,13,Returning_Visitor,False,False
0.0,0.0,0.0,0.0,18.0,350.58218,0.013333333,0.0461207,0.0,0.0,Dec,2,2,1,2,Returning_Visitor,False,False
0.0,0.0,0.0,0.0,12.0,561.46875,0.036419444,0.05,0.0,0.0,Nov,1,4,2,13,Returning_Visitor,False,False
0.0,0.0,0.0,0.0,17.0,678.7227,0.0,0.024654433,0.0,0.0,Aug,2,2,1,2,Returning_Visitor,False,False
0.0,0.0,0.0,0.0,23.0,649.99744,0.0,0.0074566687,0.0,0.0,Dec,2,4,1,1,Returning_Visitor,False,False
0.0,0.0,0.0,0.0,21.544928,527.01886,0.010453805,0.033133604,0.0,0.0,Aug,4,2,8,8,Returning_Visitor,False,False
0.0,0.0,0.0,0.0,22.0,672.14264,0.0,0.017615171,0.0,0.0,Dec,2,2,4,2,Returning_Visitor,True,False
0.0,0.0,0.0,0.0,46.97193,1293.171,0.005429901,0.019045983,0.0,0.0,Dec,4,1,3,3,Returning_Visitor,False,False
2.0,30.605772,0.0,0.0,42.583332,1173.0686,0.008932717,0.025,0.0,0.0,Nov,2,2,3,1,Returning_Visitor,False,False
0.0,0.0,0.0,0.0,23.0,533.18414,0.0,0.020381818,0.0,0.0,Dec,1,2,1,2,Returning_Visitor,False,False
0.0,0.0,0.0,0.0,24.0,437.3488,0.01145535,0.04,0.0,0.0,Aug,2,2,1,1,Returning_Visitor,False,False
0.0,0.0,0.0,0.0,27.50676,807.1814,0.018181818,0.04,0.0,0.0,Aug,2,2,1,1,Returning_Visitor,False,False
3.0,43.768307,0.0,0.0,26.0,752.7227,0.0,0.012612997,0.0,0.0,Dec,4,2,1,2,Returning_Visitor,False,False
0.0,0.0,0.0,0.0,28.0,1147.8215,0.0,0.029838359,0.0,0.0,Dec,2,5,1,13,Returning_Visitor,False,False
3.0,46.358864,0.0,0.0,22.0,684.42377,0.0,0.019795956,0.0,0.0,Dec,2,2,1,13,Returning_Visitor,False,False
0.0,0.0,0.0,0.0,11.0,216.85506,0.0,0.02,0.0,0.0,Nov,1,2,3,9,Returning_Visitor,False,False
3.0,87.21428,0.0,0.0,24.765747,559.9503,0.013333333,0.029828979,0.0,0.0,Dec,3,2,4,13,Returning_Visitor,False,False
3.0,50.357304,0.0,0.0,29.0,752.11383,0.0,0.015944378,9.618847,0.0,Dec,2,2,4,2,Returning_Visitor,False,False
0.0,0.0,0.0,0.0,29.0,720.0219,0.014285714,0.026379243,0.0,0.0,Dec,3,2,6,2,Returning_Visitor,True,False
2.0,19.997215,0.0,0.0,24.0,496.7874,0.0,0.014955311,0.0,0.0,Nov,2,2,3,3,Returning_Visitor,False,False
0.0,0.0,0.0,0.0,13.0,413.84302,0.0,0.023428932,0.0,0.0,Dec,2,2,9,13,Returning_Visitor,False,False
0.0,0.0,0.0,0.0,14.0,450.09378,0.01761244,0.048664276,0.0,0.0,Nov,2,2,1,3,Returning_Visitor,False,False
0.0,0.0,0.0,0.0,21.779194,519.74695,0.0,0.02,0.0,0.0,Dec,1,2,6,2,Returning_Visitor,False,False
4.0,79.409744,0.0,0.0,31.0,751.8371,0.0,0.015536881,0.0,0.0,Dec,2,2,7,2,Returning_Visitor,False,False
0.0,0.0,0.0,0.0,16.0,232.55585,0.0,0.034395304,0.0,0.0,Aug,2,2,1,8,Returning_Visitor,False,False
0.0,0.0,0.0,0.0,27.0,889.60333,0.022490356,0.04,0.0,0.0,Dec,1,1,9,1,Returning_Visitor,False,False
2.0,33.660393,0.0,0.0,25.0,861.2542,0.0,0.023575108,0.0,0.0,Dec,2,2,1,1,Returning_Visitor,False,False
0.0,0.0,0.0,0.0,7.0,184.97646,0.0,0.03333333,0.0,0.0,Nov,2,2,1,4,Returning_Visitor,False,False
0.0,0.0,0.0,0.0,13.0,380.74133,0.0,0.028571429,0.0,0.0,Aug,2,2,4,1,Returning_Visitor,False,False
0.0,0.0,0.0,0.0,9.0,362.0073,0.0,0.034100413,0.0,0.0,Nov,2,2,9,13,Returning_Visitor,False,False
0.0,0.0,0.0,0.0,15.0,270.29987,0.0110956505,0.03333333,0.0,0.0,Aug,2,2,1,1,Returning_Visitor,False,False
0.0,0.0,0.0,0.0,37.0,1297.5106,0.00792704,0.027082754,0.0,0.0,Dec,2,2,9,1,Returning_Visitor,False,False
2.0,32.78269,0.0,0.0,27.0,752.38947,0.0,0.013522201,0.0,0.0,Dec,2,2,1,2,Returning_Visitor,False,False
0.0,0.0,0.0,0.0,20.0,350.76517,0.0,0.020550767,0.0,0.0,Aug,4,2,7,3,Returning_Visitor,True,False
0.0,0.0,0.0,0.0,12.0,541.005,0.0,0.02,0.0,0.0,Dec,4,2,4,2,Returning_Visitor,False,False
4.0,74.57328,0.0,0.0,44.057198,1772.1973,0.0042903568,0.02114599,0.0,0.0,Dec,2,4,1,2,Returning_Visitor,False,False
0.0,0.0,0.0,0.0,18.0,551.35925,0.0,0.017686972,0.0,0.0,Jul,2,4,7,2,Returning_Visitor,False,True
0.0,0.0,0.0,0.0,14.0,226.55379,0.0,0.03333333,0.0,0.0,Dec,1,2,1,1,Returning_Visitor,False,False
0.0,0.0,0.0,0.0,34.889572,1433.9696,0.006158037,0.028571429,0.0,0.0,Dec,4,2,6,1,Returning_Visitor,False,False
0.0,0.0,0.0,0.0,24.0,593.3385,0.006175656,0.015303093,0.0,0.0,Dec,4,2,1,2,Returning_Visitor,False,False
0.0,0.0,0.0,0.0,28.0,825.8526,0.015020023,0.03281518,13.881079,0.0,Dec,2,2,7,13,Returning_Visitor,False,False
0.0,0.0,0.0,0.0,16.0,218.77538,0.022093521,0.04447064,0.0,0.0,May,1,2,7,13,Returning_Visitor,False,False
0.0,0.0,0.0,0.0,32.0,881.79175,0.0,0.027452411,0.0,0.0,Dec,2,2,1,13,Returning_Visitor,False,False
0.0,0.0,0.0,0.0,10.0,324.47607,0.0,0.02674153,0.0,0.0,Nov,2,2,1,2,Returning_Visitor,False,False
0.0,0.0,0.0,0.0,39.08164,1044.2598,0.0,0.02081776,0.0,0.0,Dec,2,4,1,2,Returning_Visitor,False,False
0.0,0.0,0.0,0.0,8.611795,271.4102,0.04,0.064105354,0.0,0.0,Aug,1,4,3,1,Returning_Visitor,False,False
4.0,77.08048,0.0,0.0,23.0,466.16724,0.0087852795,0.019507619,0.0,0.0,Dec,1,2,3,2,New_Visitor,False,False
1.0,0.0,0.0,0.0,39.0,1224.4645,0.00073567644,0.02,0.0,0.0,Nov,2,2,7,1,Returning_Visitor,True,False
0.0,0.0,0.0,0.0,20.0,494.02325,0.0,0.024148868,0.0,0.0,Dec,2,2,1,8,Returning_Visitor,False,True
5.0,159.57158,0.0,0.0,78.66615,2604.4114,0.0045466414,0.012739767,15.256815,0.0,Aug,2,2,4,2,Returning_Visitor,False,False
1.0,11.779017,0.0,0.0,24.0,577.79504,0.013198307,0.031785,0.0,0.0,Dec,1,2,6,9,Returning_Visitor,False,False
3.0,60.125175,0.0,0.0,39.0,950.92914,0.004235145,0.022439212,0.0,0.0,Nov,2,2,1,1,Returning_Visitor,False,False
3.0,46.51408,0.0,0.0,24.0,524.36176,0.0,0.014963834,0.0,0.0,Nov,2,4,1,9,Returning_Visitor,False,False
0.0,0.0,0.0,0.0,26.0,547.99335,0.015133398,0.032195706,0.0,0.0,May,3,2,1,1,Returning_Visitor,False,False
0.0,0.0,0.0,0.0,2.0,0.0,0.2,0.2,0.0,0.0,Aug,4,2,1,1,Returning_Visitor,False,False
0.0,0.0,0.0,0.0,26.0,453.80484,0.0,0.029381843,0.0,0.0,Nov,3,2,6,3,Returning_Visitor,False,False
0.0,0.0,0.0,0.0,16.0,379.76666,0.0,0.020225428,0.0,0.0,Aug,2,4,1,1,Returning_Visitor,False,False
2.0,49.99461,0.0,0.0,39.0,1032.3807,0.005215921,0.026977982,0.0,0.0,Nov,2,2,1,15,Returning_Visitor,False,False
2.0,51.59491,0.0,0.0,23.0,506.2509,0.0,0.011111111,0.0,0.0,Nov,1,1,2,2,Returning_Visitor,False,False
0.0,0.0,0.0,0.0,21.0,606.7192,0.0,0.017251844,0.0,0.0,Nov,2,2,7,2,Returning_Visitor,False,True
4.0,54.426502,0.0,0.0,13.0,317.05826,0.0,0.01569622,0.0,0.0,Sep,2,2,1,2,Returning_Visitor,False,False
0.0,0.0,0.0,0.0,19.0,537.59814,0.023015022,0.05,0.0,0.0,Nov,2,2,1,3,Returning_Visitor,False,False
0.0,0.0,0.0,0.0,27.807827,817.6884,0.0,0.023514869,0.0,0.0,Aug,1,2,1,1,Returning_Visitor,False,False
5.0,73.34419,0.0,0.0,22.0,459.89084,0.0,0.023775548,0.0,0.0,Dec,2,2,1,3,Returning_Visitor,False,False
3.0,112.36837,0.0,0.0,28.0,618.79596,0.00396221,0.02,0.0,0.0,Nov,1,2,7,2,Returning_Visitor,False,False
0.0,0.0,0.0,0.0,28.0,679.3712,0.0,0.01852292,0.0,0.0,Dec,2,2,9,2,Returning_Visitor,False,False
3.0,68.87069,0.0,0.0,35.829258,1474.5996,0.0,0.022557171,0.0,0.0,Dec,2,2,7,2,Returning_Visitor,False,False
0.0,0.0,0.0,0.0,38.960102,1392.782,0.0,0.016856303,0.0,0.0,Nov,4,2,1,2,Returning_Visitor,True,True
0.0,0.0,0.0,0.0,12.0,193.60695,0.0,0.04,0.0,0.0,Dec,1,2,4,3,Returning_Visitor,False,False
0.0,0.0,0.0,0.0,25.0,360.919,0.0,0.026754761,0.0,0.0,Sep,2,2,7,1,Returning_Visitor,False,False
3.0,72.41665,0.0,0.0,76.54317,2505.3972,0.004534294,0.016666668,0.0,0.0,Nov,2,2,1,2,Returning_Visitor,False,False
0.0,0.0,0.0,0.0,21.0,648.9912,0.0,0.01924524,0.0,0.0,Dec,2,2,3,8,Returning_Visitor,False,False
3.0,46.50513,0.0,0.0,43.0,872.3646,0.0046278522,0.017504906,0.0,0.0,Nov,2,2,1,15,Returning_Visitor,False,False
0.0,0.0,0.0,0.0,19.827688,455.0323,0.0,0.028568422,0.0,0.0,Dec,2,2,1,13,Returning_Visitor,False,False
2.0,54.58706,0.0,0.0,26.272049,977.80927,0.0055785556,0.028916132,0.0,0.0,Nov,1,2,8,2,Returning_Visitor,False,False
0.0,0.0,0.0,0.0,15.0,284.7375,0.0,0.04275484,0.0,0.0,Dec,2,5,9,3,Returning_Visitor,False,False
0.0,0.0,0.0,0.0,22.0,627.66046,0.0,0.016666668,40.16528,0.0,Dec,2,2,9,19,Returning_Visitor,False,True
2.0,22.109,0.0,0.0,31.0,1542.7443,0.0,0.014889786,6.8634152,0.0,Dec,2,2,1,2,Returning_Visitor,False,False
0.0,0.0,0.0,0.0,33.591377,809.09705,0.015381939,0.043746363,0.0,0.0,Nov,4,2,1,1,Returning_Visitor,False,False
0.0,0.0,0.0,0.0,20.0,488.918,0.0,0.016865836,0.0,0.0,May,2,2,8,2,Returning_Visitor,False,False
3.0,98.1379,0.0,0.0,16.0,288.53586,0.014725617,0.023084959,0.0,0.0,Dec,1,4,1,19,Returning_Visitor,False,False
0.0,0.0,0.0,0.0,11.0,225.33592,0.0,0.042827446,0.0,0.0,Dec,2,2,6,9,Returning_Visitor,False,False
0.0,0.0,0.0,0.0,22.0,607.32007,0.0,0.02,0.0,0.0,Dec,3,2,1,2,Returning_Visitor,False,False
5.0,105.0632,0.0,0.0,43.0,1570.2167,0.011004648,0.031632483,0.0,0.0,May,2,2,3,1,Returning_Visitor,False,False
0.0,0.0,0.0,0.0,16.0,313.19177,0.0,0.033992384,0.0,0.0,Dec,2,2,1,3,Returning_Visitor,False,False
0.0,0.0,0.0,0.0,22.843506,603.6331,0.014208069,0.04,0.0,0.0,Nov,2,2,1,1,Returning_Visitor,False,False
0.0,0.0,0.0,0.0,32.01555,793.69586,0.0,0.014285714,0.0,0.0,Dec,2,2,1,13,Returning_Visitor,False,False
0.0,0.0,0.0,0.0,22.0,544.73035,0.0,0.016666668,0.0,0.0,Jul,1,2,1,4,Returning_Visitor,False,False
0.0,0.0,0.0,0.0,33.0,1009.85645,0.010665257,0.020435117,0.0,0.0,Nov,3,2,7,13,Returning_Visitor,False,False
6.0,136.05548,0.0,0.0,41.371006,1475.9695,0.0038239483,0.017169112,0.0,0.0,Nov,1,4,1,9,Returning_Visitor,False,True
2.0,59.538395,0.0,0.0,13.0,467.3712,0.0,0.019965585,0.0,0.0,Dec,2,4,7,2,Returning_Visitor,False,False
0.0,0.0,0.0,0.0,6.0,96.04133,0.05,0.09938326,0.0,0.0,Jul,1,2,4,1,Returning_Visitor,False,False
0.0,0.0,0.0,0.0,20.0,353.44965,0.005407105,0.027886357,0.0,0.0,Dec,3,2,1,2,Returning_Visitor,False,False
5.0,91.927574,0.0,0.0,16.0,334.3944,0.0,0.0226574,0.0,0.0,Nov,4,1,1,15,Returning_Visitor,False,False
2.0,23.16486,0.0,0.0,25.567095,751.0189,0.0,0.018488992,0.0,0.0,Nov,2,2,4,1,Returning_Visitor,True,False
0.0,0.0,0.0,0.0,37.656178,682.8224,0.0,0.021490911,0.0,0.0,Dec,2,2,1,1,Returning_Visitor,False,False
3.0,29.28694,0.0,0.0,12.0,265.82025,0.0,0.02213432,0.0,0.0,Nov,2,2,4,2,Returning_Visitor,False,False
0.0,0.0,0.0,0.0,33.0,1066.1412,0.0,0.015384615,15.200888,0.0,Nov,2,2,1,2,Returning_Visitor,False,False
0.0,0.0,0.0,0.0,33.0,685.92377,0.0,0.018764166,0.0,0.0,Aug,2,2,1,2,Returning_Visitor,False,False
0.0,0.0,0.0,0.0,8.0,116.97982,0.0,0.06121615,0.0,0.0,Dec,2,2,1,1,Returning_Visitor,False,False
0.0,0.0,0.0,0.0,39.69077,872.7899,0.009368199,0.037462812,0.0,0.0,May,2,2,1,1,Returning_Visitor,False,False
2.0,70.75856,0.0,0.0,36.0,756.2538,0.0,0.020570008,0.0,0.0,Jul,1,1,1,1,Returning_Visitor,False,False
0.0,0.0,0.0,0.0,25.0,554.7149,0.0,0.025454326,0.0,0.0,Nov,2,2,7,1,Returning_Visitor,False,False
0.0,0.0,0.0,0.0,15.0,433.90994,0.0,0.03333333,0.0,0.0,Nov,2,2,1,2,Returning_Visitor,False,False
0.0,0.0,0.0,0.0,34.0,662.4051,0.005417461,0.016666668,0.0,0.0,Oct,1,2,9,2,Returning_Visitor,False,False
5.0,156.13571,0.0,0.0,78.53325,2107.6382,0.009002989,0.026574858,0.0,0.0,Jul,2,2,4,1,Returning_Visitor,False,False
0.0,0.0,0.0,0.0,17.0,385.782,0.0,0.04,0.0,0.0,Aug,1,1,1,1,Returning_Visitor,False,False
2.0,49.16256,0.0,0.0,16.0,286.1479,0.0,0.01831737,0.0,0.0,Dec,4,2,1,3,Returning_Visitor,False,False
0.0,0.0,0.0,0.0,32.826878,973.169,0.0,0.029601986,0.0,0.0,Aug,2,2,1,13,Returning_Visitor,True,False
0.0,0.0,0.0,0.0,13.0,354.08096,0.0,0.029920895,0.0,0.0,Nov,2,2,1,2,Returning_Visitor,False,False
0.0,0.0,0.0,0.0,33.0,664.43066,0.013333333,0.027007146,0.0,0.0,Dec,1,2,1,1,Returning_Visitor,False,False
4.0,85.20512,0.0,0.0,32.21116,1302.4207,0.0,0.0098584825,361.76373,0.0,Aug,2,2,1,2,Returning_Visitor,False,False
0.0,0.0,0.0,0.0,47.0,1564.1211,0.0,0.017543644,0.0,0.0,Nov,2,2,1,13,Returning_Visitor,False,False
4.0,50.326744,0.0,0.0,22.0,563.0541,0.0,0.011135683,0.0,0.0,Dec,2,4,1,3,Returning_Visitor,False,False
0.0,0.0,0.0,0.0,18.785017,474.88284,0.0,0.025797784,0.0,0.0,Dec,2,2,1,8,Returning_Visitor,False,False
0.0,0.0,0.0,0.0,24.963577,1068.2898,0.015384615,0.04303878,0.0,0.0,Dec,2,2,9,2,Returning_Visitor,False,False
3.0,56.23164,0.0,0.0,37.442055,795.94385,0.0,0.013103669,1.9425604,0.0,Aug,2,2,3,2,Returning_Visitor,False,False
0.0,0.0,0.0,0.0,17.0,325.4592,0.0,0.03333333,0.0,0.0,Nov,1,1,3,1,Returning_Visitor,False,False
4.0,91.10558,0.0,0.0,65.07785,2415.7324,0.0038023808,0.014990807,0.0,0.0,Nov,2,4,1,13,Returning_Visitor,False,False
0.0,0.0,0.0,0.0,28.0,1240.354,0.0,0.018836379,0.0,0.0,Dec,4,2,9,2,Returning_Visitor,False,False
6.2389994,106.95149,0.0,0.0,55.42474,1899.2151,0.0,0.016666668,0.0,0.0,Nov,2,5,1,13,Returning_Visitor,False,False
4.0,79.749435,0.0,0.0,42.0,1369.1337,0.0,0.008451506,0.0,0.0,Nov,2,2,1,2,Returning_Visitor,True,False
3.0,96.730484,0.0,0.0,40.0,2040.0957,0.0039797197,0.020431072,0.0,0.0,Nov,2,2,9,1,Returning_Visitor,False,False
0.0,0.0,0.0,0.0,15.0,366.60693,0.03285644,0.060350984,0.0,0.0,Dec,3,2,2,2,Returning_Visitor,False,False
3.0,56.23876,0.0,0.0,29.667362,788.2768,0.0,0.016737845,0.0,0.0,Nov,2,2,2,2,Returning_Visitor,False,False
0.0,0.0,0.0,0.0,16.0,309.99796,0.0,0.03333333,0.0,0.0,Dec,2,2,1,19,Returning_Visitor,False,False
2.0,56.06329,0.0,0.0,33.0,727.67694,0.008979266,0.018256053,0.0,0.0,Aug,4,2,1,13,Returning_Visitor,False,False
0.0,0.0,0.0,0.0,14.859604,242.45038,0.0,0.032498866,0.0,0.0,Dec,2,2,1,1,Returning_Visitor,False,False
0.0,0.0,0.0,0.0,7.0,210.93727,0.0,0.043584093,0.0,0.0,Dec,2,2,1,2,Returning_Visitor,False,False
0.0,0.0,0.0,0.0,13.0,699.7454,0.030940684,0.05,0.0,0.0,Nov,3,2,1,1,Returning_Visitor,False,False
0.0,0.0,0.0,0.0,2.0,0.0,0.2,0.2,0.0,0.0,Nov,1,1,1,3,Returning_Visitor,False,False
3.0,77.10111,0.0,0.0,38.0,1195.4221,0.013763355,0.028571429,0.0,0.0,Dec,1,2,1,13,Returning_Visitor,False,False
5.0,228.32547,0.0,0.0,45.0,1561.5444,0.005253933,0.016752847,0.0,0.0,Aug,1,2,1,2,Returning_Visitor,False,False
6.0,173.21803,0.0,0.0,48.24891,1471.6776,0.0,0.011111111,0.0,0.0,Nov,2,2,7,2,Returning_Visitor,False,True
0.0,0.0,0.0,0.0,17.0,509.3613,0.0,0.04,0.0,0.0,Nov,2,2,1,1,Returning_Visitor,False,False
2.0,29.47356,0.0,0.0,21.0,748.16907,0.0,0.009524732,0.0,0.0,Mar,2,2,1,9,Returning_Visitor,False,False
4.0,99.99518,0.0,0.0,37.521088,1041.8296,0.0125,0.0323708,0.0,0.0,Dec,4,2,4,13,Returning_Visitor,False,False
0.0,0.0,0.0,0.0,26.0,691.0785,0.004108955,0.03333333,0.0,0.0,Nov,2,2,1,1,Returning_Visitor,False,False
4.0,50.410683,0.0,0.0,43.0,1242.4501,0.008410676,0.025,0.0,0.0,Nov,2,2,1,1,Returning_Visitor,False,False
0.0,0.0,0.0,0.0,34.0,879.9651,0.0,0.023932876,0.0,0.0,Jul,2,2,1,13,Returning_Visitor,False,False
4.0,98.990395,0.0,0.0,43.0,1564.2926,0.0085601015,0.028571429,0.0,0.0,Dec,2,2,7,2,Returning_Visitor,False,False
2.0,81.88014,0.0,0.0,39.0,1741.2677,0.009899436,0.028570125,0.0,0.0,Aug,4,2,3,2,Returning_Visitor,False,False
0.0,0.0,0.0,0.0,20.0,485.613,0.0,0.020526888,0.0,0.0,May,2,2,1,1,Returning_Visitor,False,False
0.0,0.0,0.0,0.0,13.10568,355.92975,0.0,0.023559121,0.0,0.0,Nov,1,2,1,2,Returning_Visitor,False,False
0.0,0.0,0.0,0.0,28.0,543.8709,0.0,0.016666668,0.0,0.0,Nov,1,1,4,13,Returning_Visitor,False,False
0.0,0.0,0.0,0.0,22.0,546.1767,0.0,0.030245364,0.0,0.0,Dec,4,1,1,9,Returning_Visitor,False,False
0.0,0.0,0.0,0.0,24.0,410.5738,0.0,0.028263323,0.0,0.0,Dec,2,2,7,1,Returning_Visitor,False,False
0.0,0.0,0.0,0.0,23.0,398.4993,0.0,0.025,0.0,0.0,Nov,2,2,1,2,Returning_Visitor,False,False
0.0,0.0,0.0,0.0,22.0,582.95233,0.0,0.0087328255,28.456556,0.0,Nov,2,2,1,2,Returning_Visitor,False,True
2.0,46.411873,0.0,0.0,17.0,512.83936,0.009201765,0.019613761,0.0,0.0,Nov,1,2,6,2,Returning_Visitor,False,False
3.0,64.01656,0.0,0.0,26.0,816.4113,0.0,0.01426819,0.0,0.0,Nov,3,2,6,2,Returning_Visitor,False,False
4.0,84.36022,0.0,0.0,41.55481,1370.5916,0.0,0.013333333,9.261882,0.0,Nov,4,2,2,2,Returning_Visitor,False,True
0.0,0.0,0.0,0.0,22.0,596.58325,0.025222782,0.04,0.0,0.0,Dec,3,2,1,13,Returning_Visitor,False,False
3.0,53.61037,0.0,0.0,37.0,749.1218,0.0,0.02314901,0.0,0.0,Dec,2,2,1,15,Returning_Visitor,False,False
0.0,0.0,0.0,0.0,20.0,678.6797,0.022733493,0.044444446,0.0,0.0,Aug,2,2,7,1,Returning_Visitor,False,False
0.0,0.0,0.0,0.0,12.725686,470.1218,0.025770558,0.05588611,0.0,0.0,Aug,2,1,1,1,Returning_Visitor,False,False
0.0,0.0,0.0,0.0,24.0,841.4057,0.0,0.016666668,0.0,0.0,Nov,2,2,1,13,Returning_Visitor,False,False
2.0,43.90656,0.0,0.0,21.0,619.2096,0.0,0.012540519,0.0,0.0,Dec,2,2,1,2,Returning_Visitor,False,False
4.0,64.75508,0.0,0.0,11.0,225.90005,0.0,0.018350556,0.0,0.0,Dec,2,2,1,2,Returning_Visitor,False,False
5.0,81.61982,0.0,0.0,49.17589,1764.8231,0.0069325045,0.025,361.76373,0.0,Nov,2,2,7,1,Returning_Visitor,False,False
0.0,0.0,0.0,0.0,27.216082,500.27533,0.0,0.022222223,0.0,0.0,Dec,1,4,1,13,Returning_Visitor,False,False
0.0,0.0,0.0,0.0,9.0,205.24275,0.035208963,0.06666667,0.0,0.0,Dec,1,1,1,2,Returning_Visitor,False,False
0.0,0.0,0.0,0.0,7.0,129.38478,0.03834746,0.074244745,0.0,0.0,Dec,2,2,1,3,Returning_Visitor,False,False
3.0,51.75819,0.0,0.0,21.0,441.9105,0.0,0.015880382,0.0,0.0,Dec,2,2,1,1,Returning_Visitor,False,False
3.0,60.69412,0.0,0.0,26.0,533.00385,0.0,0.017475286,0.0,0.0,Dec,4,2,7,13,Returning_Visitor,False,False
0.0,0.0,0.0,0.0,23.0,622.66907,0.013414891,0.026261313,0.0,0.0,Nov,1,2,2,3,Returning_Visitor,False,False
3.0,102.29728,0.0,0.0,23.76401,474.5193,0.0,0.026522657,0.0,0.0,Nov,1,4,4,13,Returning_Visitor,False,False
0.0,0.0,0.0,0.0,22.0,629.2186,0.019246109,0.048123613,0.0,0.0,Dec,2,1,7,1,Returning_Visitor,False,False
0.0,0.0,0.0,0.0,39.0,1077.3969,0.0,0.013790605,0.0,0.0,Dec,1,1,1,1,Returning_Visitor,False,False
3.0,53.353333,0.0,0.0,37.0,930.81946,0.0051311674,0.02074988,0.0,0.0,Dec,4,4,3,13,Returning_Visitor,False,False
0.0,0.0,0.0,0.0,10.351359,243.38249,0.0,0.02581595,0.0,0.0,Nov,2,2,1,1,Returning_Visitor,False,False
0.0,0.0,0.0,0.0,41.0,968.0049,0.0,0.015384615,0.0,0.0,Aug,1,1,7,3,Returning_Visitor,False,False
0.0,0.0,0.0,0.0,27.0,749.28546,0.0,0.020857768,0.0,0.0,Nov,2,2,1,8,Returning_Visitor,False,False
0.0,0.0,0.0,0.0,15.0,337.70593,0.0,0.017073335,0.0,0.0,Dec,2,2,3,2,Returning_Visitor,False,False
0.0,0.0,0.0,0.0,26.833218,612.19965,0.018149914,0.04,0.0,0.0,Jul,3,2,1,13,Returning_Visitor,False,False
3.0,70.311615,0.0,0.0,11.0,219.98677,0.0,0.01636006,0.0,0.0,Dec,1,1,4,1,Returning_Visitor,False,False
2.0,34.92671,0.0,0.0,18.706192,544.4472,0.0,0.010681622,0.0,0.0,Dec,2,4,1,2,New_Visitor,False,False
0.0,0.0,0.0,0.0,19.0,361.00806,0.0,0.030630773,0.0,0.0,Nov,3,2,1,1,Returning_Visitor,False,False
0.0,0.0,0.0,0.0,28.0,596.5979,0.0,0.0160608,0.0,0.0,Nov,1,1,6,13,Returning_Visitor,False,False
0.0,0.0,0.0,0.0,34.0,1145.71,0.0,0.01815286,0.0,0.0,Dec,2,2,1,2,Returning_Visitor,False,False
3.0,47.79569,0.0,0.0,47.61573,1571.7468,0.0,0.015916098,0.0,0.0,Jul,2,2,1,2,Returning_Visitor,False,False
0.0,0.0,0.0,0.0,24.0,630.7144,0.009521819,0.020618642,0.0,0.0,Dec,1,2,9,2,Returning_Visitor,False,False
4.0,79.28327,0.0,0.0,22.0,536.12726,0.0077798553,0.015571541,0.0,0.0,Aug,4,2,7,9,Returning_Visitor,False,False
1.0,14.296959,0.0,0.0,21.0,426.96738,0.01164825,0.026099255,0.0,0.0,Nov,1,1,1,19,Returning_Visitor,False,False
4.0,61.68094,0.0,0.0,24.0,581.1622,0.0,0.026103515,0.0,0.0,Jul,1,1,4,2,Returning_Visitor,False,False
0.0,0.0,0.0,0.0,46.0,1284.9497,0.0040965164,0.0100770155,27.713955,0.0,Nov,2,2,1,2,Returning_Visitor,False,True
0.0,0.0,0.0,0.0,24.0,591.952,0.016528204,0.04332486,0.0,0.0,Dec,2,2,1,1,Returning_Visitor,False,False
0.0,0.0,0.0,0.0,18.0,335.8905,0.004114001,0.031355817,0.0,0.0,Jul,2,2,6,2,Returning_Visitor,False,False
0.0,0.0,0.0,0.0,11.0,270.9149,0.0,0.03796618,0.0,0.0,Nov,2,2,1,2,Returning_Visitor,False,False
0.0,0.0,0.0,0.0,22.0,509.93073,0.0,0.032584533,0.0,0.0,Dec,2,2,1,8,Returning_Visitor,False,False
0.0,0.0,0.0,0.0,24.753014,587.0295,0.0074284105,0.020009428,0.0,0.0,Dec,2,2,1,1,Returning_Visitor,False,False
0.0,0.0,0.0,0.0,27.0,867.938,0.0,0.028272182,0.0,0.0,Aug,2,2,4,2,Returning_Visitor,False,False
0.0,0.0,0.0,0.0,12.0,201.3369,0.0,0.022775779,0.0,0.0,Nov,4,2,8,2,New_Visitor,False,False
5.0,111.004585,0.0,0.0,65.85367,1842.2758,0.005142011,0.02161038,0.0,0.0,Dec,2,2,1,2,Returning_Visitor,False,False
0.0,0.0,0.0,0.0,17.0,452.2552,0.0,0.019876454,0.0,0.0,Aug,2,2,1,1,Returning_Visitor,False,False
0.0,0.0,0.0,0.0,13.0,279.65472,0.0,0.011764706,0.0,0.0,Dec,2,4,7,2,New_Visitor,False,False
2.0,43.38244,0.0,0.0,43.0,858.00946,0.0,0.011460222,0.0,0.0,Feb,2,2,7,13,Returning_Visitor,False,False
3.0,86.766556,0.0,0.0,28.27873,697.76184,0.0,0.020534253,0.0,0.0,Dec,2,4,7,1,Returning_Visitor,False,False
4.0,59.3396,0.0,0.0,20.0,406.31384,0.0,0.023397658,0.0,0.0,Dec,2,2,1,13,Returning_Visitor,False,False
1.0,16.317299,0.0,0.0,36.89087,1336.6519,0.004171872,0.025,0.0,0.0,Dec,2,2,4,3,Returning_Visitor,False,False
0.0,0.0,0.0,0.0,14.0,232.44948,0.005357461,0.039989047,0.0,0.0,Aug,3,2,1,1,Returning_Visitor,False,False
2.0,35.86691,0.0,0.0,12.0,422.76987,0.0,0.011536318,0.0,0.0,Nov,2,2,1,10,Returning_Visitor,False,False
0.0,0.0,0.0,0.0,16.0,324.43692,0.0,0.0066840164,0.0,0.0,Aug,1,2,1,2,Returning_Visitor,False,False
0.0,0.0,0.0,0.0,31.0,588.4003,0.00093379174,0.022253584,0.0,0.0,Dec,2,2,9,13,Returning_Visitor,False,False
3.0,45.88838,0.0,0.0,42.0,1009.86096,0.0,0.011291186,27.317007,0.0,Mar,2,2,4,2,Returning_Visitor,False,True
3.0,84.714325,0.0,0.0,23.0,436.42813,0.0,0.016666668,0.0,0.0,Jul,1,1,1,1,Returning_Visitor,False,False
0.0,0.0,0.0,0.0,26.0,643.05133,0.008560505,0.025105191,0.0,0.0,Aug,2,2,1,2,Returning_Visitor,False,False
0.0,0.0,0.0,0.0,26.0,631.8999,0.0,0.025,0.0,0.0,Dec,2,2,1,19,Returning_Visitor,False,False
0.0,0.0,0.0,0.0,43.458588,803.97015,0.0,0.011366257,0.0,0.0,Nov,2,2,1,8,Returning_Visitor,False,True
0.0,0.0,0.0,0.0,18.0,650.59644,0.022656765,0.04729767,0.0,0.0,Dec,2,2,2,1,Returning_Visitor,False,False
3.0,37.19889,0.0,0.0,19.0,419.57217,0.0,0.016666668,0.0,0.0,Aug,2,2,1,2,Returning_Visitor,False,False
0.0,0.0,0.0,0.0,37.0,1621.8148,0.0,0.019046627,0.0,0.0,Nov,2,2,1,1,Returning_Visitor,False,False
0.0,0.0,0.0,0.0,18.0,314.94406,0.0,0.025492895,0.0,0.0,Dec,1,1,1,3,Returning_Visitor,False,False
0.0,0.0,0.0,0.0,14.0,274.77435,0.0,0.038344905,0.0,0.0,Nov,2,2,2,2,Returning_Visitor,False,False
3.0,58.407448,0.0,0.0,38.0,1342.6912,0.0047017783,0.016666668,9.986418,0.0,Aug,1,2,1,2,Returning_Visitor,False,False
2.0,49.173676,0.0,0.0,21.359755,1174.4718,0.013648411,0.028560037,0.0,0.0,Dec,3,2,4,13,Returning_Visitor,False,False
3.0,99.30727,0.0,0.0,11.0,192.27008,0.02700568,0.054412827,0.0,0.0,Nov,1,2,1,3,Returning_Visitor,False,False
0.0,0.0,0.0,0.0,12.0,196.92342,0.010000497,0.05634385,0.0,0.0,Aug,2,2,1,1,Returning_Visitor,False,False
0.0,0.0,0.0,0.0,20.0,585.34875,0.0,0.025,0.0,0.0,Dec,2,4,1,13,Returning_Visitor,False,False
0.0,0.0,0.0,0.0,19.0,341.12265,0.02,0.03333333,0.0,0.0,Dec,1,4,8,2,Returning_Visitor,False,False
0.0,0.0,0.0,0.0,12.0,286.86685,0.0,0.019221814,0.0,0.0,Dec,2,2,1,9,New_Visitor,False,False
3.0,80.404724,0.0,0.0,24.0,510.7258,0.0,0.016319847,0.0,0.0,Dec,4,2,1,2,Returning_Visitor,False,False
0.0,0.0,0.0,0.0,22.053646,395.26465,0.0,0.02575437,0.0,0.0,Aug,2,2,3,1,Returning_Visitor,False,False
0.0,0.0,0.0,0.0,15.0,330.98468,0.0,0.03333333,0.0,0.0,Dec,2,2,1,3,Returning_Visitor,False,False
0.0,0.0,0.0,0.0,17.0,398.5969,0.02,0.04267497,0.0,0.0,Dec,2,2,1,2,Returning_Visitor,False,False
4.0,74.2668,0.0,0.0,48.0,2035.1519,0.0,0.015811374,10.927857,0.0,Nov,2,2,1,2,Returning_Visitor,False,True
0.0,0.0,0.0,0.0,27.0,582.0573,0.0,0.028556945,0.0,0.0,Aug,1,2,1,1,Returning_Visitor,False,False
3.0,45.654354,0.0,0.0,21.0,501.75626,0.0,0.013839436,0.0,0.0,Nov,2,2,1,10,Returning_Visitor,False,False
0.0,0.0,0.0,0.0,27.631155,633.3964,0.0,0.020477232,0.0,0.0,Mar,2,2,1,13,Returning_Visitor,False,False
0.0,0.0,0.0,0.0,15.0,271.54404,0.0,0.03330106,0.0,0.0,Dec,2,2,3,13,Returning_Visitor,False,False
0.0,0.0,0.0,0.0,18.0,521.5972,0.0060546664,0.04,0.0,0.0,Nov,1,8,9,1,Returning_Visitor,False,False
2.0,51.785385,0.0,0.0,21.184805,587.4924,0.0,0.016111081,0.0,0.0,Dec,4,2,2,4,Returning_Visitor,False,False
0.0,0.0,0.0,0.0,12.0,296.04752,0.025,0.05115797,0.0,0.0,Aug,1,4,3,13,Returning_Visitor,False,False
3.0,47.979053,0.0,0.0,14.0,647.22516,0.0,0.030216767,0.0,0.0,Aug,2,2,1,3,Returning_Visitor,False,False
4.318651,91.352776,0.0,0.0,32.0,751.57623,0.0074127796,0.025020314,0.0,0.0,Dec,2,2,1,1,Returning_Visitor,False,False
3.0,168.61996,0.0,0.0,39.0,1193.7639,0.0066922503,0.025,0.0,0.0,Nov,2,1,1,2,Returning_Visitor,False,False
0.0,0.0,0.0,0.0,23.0,686.1529,0.008955944,0.027264606,0.0,0.0,Feb,2,2,1,1,Returning_Visitor,False,False
2.0,74.73274,0.0,0.0,18.758259,394.58865,0.0,0.011111111,0.0,0.0,Aug,2,2,4,2,Returning_Visitor,False,False
2.0,44.119205,0.0,0.0,20.0,344.9184,0.0,0.015384615,0.0,0.0,Dec,2,2,6,8,Returning_Visitor,False,False
0.0,0.0,0.0,0.0,42.0,1610.1089,0.0,0.011111111,0.0,0.0,May,2,2,4,3,Returning_Visitor,False,False
3.0,74.9105,0.0,0.0,34.0,744.463,0.0074314172,0.026078982,0.0,0.0,Dec,2,2,1,1,Returning_Visitor,False,False
0.0,0.0,0.0,0.0,43.0,1441.0343,0.008555987,0.0288852,0.0,0.0,Nov,1,1,1,3,Returning_Visitor,False,False
3.0,92.838646,0.0,0.0,9.075662,346.97925,0.0,0.017566176,0.0,0.0,Nov,1,2,1,2,Returning_Visitor,False,False
3.0,58.676514,0.0,0.0,39.404102,876.05865,0.006040483,0.018181818,0.0,0.0,Nov,4,2,1,13,Returning_Visitor,False,False
0.0,0.0,0.0,0.0,23.0,458.54605,0.0,0.0267379,0.0,0.6,May,2,2,1,2,Returning_Visitor,False,False
0.0,0.0,0.0,0.0,23.0,835.34155,0.005425012,0.038687795,0.0,0.0,Nov,2,2,1,8,Returning_Visitor,False,False
0.0,0.0,0.0,0.0,24.0,1023.1594,0.0,0.018063305,0.0,0.0,Dec,2,2,9,3,Returning_Visitor,False,False
2.0,28.706938,0.0,0.0,19.0,439.04346,0.0,0.027684543,0.0,0.0,Jul,2,2,1,1,Returning_Visitor,False,False
0.0,0.0,0.0,0.0,19.0,410.33804,0.015796943,0.04,0.0,0.0,Nov,2,4,1,1,Returning_Visitor,False,False
0.0,0.0,0.0,0.0,20.0,473.1816,0.0,0.016666668,0.0,0.0,Nov,1,1,1,8,Returning_Visitor,False,False
0.0,0.0,0.0,0.0,26.0,537.5013,0.0,0.024081392,0.0,0.0,Nov,2,2,7,3,Returning_Visitor,False,False
4.0,68.524635,0.0,0.0,45.995853,1597.6787,0.0,0.010619629,0.0,0.0,Mar,4,1,1,2,Returning_Visitor,False,False
1.0,0.0,0.0,0.0,12.0,235.72704,0.0,0.036684066,0.0,0.0,Dec,3,2,3,13,Returning_Visitor,False,False
0.0,0.0,0.0,0.0,22.0,695.58044,0.027041346,0.04453164,0.0,0.0,Nov,1,2,6,19,Returning_Visitor,False,False
4.0,71.36371,0.0,0.0,27.0,600.7784,0.0014856077,0.0182989,0.0,0.0,Dec,4,2,7,13,Returning_Visitor,False,False
0.0,0.0,0.0,0.0,13.0,666.88367,0.0,0.027866622,0.0,0.0,Aug,2,2,1,13,Returning_Visitor,False,False
2.0,32.36355,0.0,0.0,17.0,385.20203,0.0,0.016666668,359.93454,0.0,Nov,2,2,1,2,Returning_Visitor,False,True
0.0,0.0,0.0,0.0,8.0,204.13237,0.0,0.04652879,0.0,0.0,Nov,2,2,1,1,Returning_Visitor,False,False
0.0,0.0,0.0,0.0,19.0,326.44928,0.0,0.03333333,0.0,0.0,Aug,4,1,1,1,Returning_Visitor,False,False
0.0,0.0,0.0,0.0,33.0,698.9477,0.0,0.02078355,0.0,0.0,Dec,2,2,1,1,Returning_Visitor,False,False
4.0,99.275085,0.0,0.0,21.489704,595.6691,0.0,0.0125,0.0,0.0,Nov,3,2,1,1,Returning_Visitor,False,False
0.0,0.0,0.0,0.0,20.0,406.2092,0.009548264,0.03169776,0.0,0.0,Dec,2,2,1,1,Returning_Visitor,False,False
3.0,60.194656,0.0,0.0,28.0,1138.0178,0.011016386,0.026157564,17.044762,0.0,Dec,3,2,1,1,Returning_Visitor,False,False
0.0,0.0,0.0,0.0,13.0,321.54095,0.0,0.020013075,0.0,0.0,Nov,1,1,1,2,Returning_Visitor,False,False
0.0,0.0,0.0,0.0,25.0,719.753,0.0038696537,0.016666668,0.0,0.0,Nov,1,1,4,2,Returning_Visitor,False,False
2.0,37.442577,0.0,0.0,26.0,659.3836,0.0,0.0123603325,0.0,0.0,Dec,2,2,1,2,Returning_Visitor,False,False
0.0,0.0,0.0,0.0,13.0,246.0835,0.0,0.015912345,0.0,0.0,Dec,2,2,9,9,Returning_Visitor,False,False
3.0,42.791386,0.0,0.0,20.00013,551.93353,0.0,0.016402539,0.0,0.0,Nov,2,2,1,8,Returning_Visitor,False,False
0.0,0.0,1.0,0.0,20.0,378.57648,0.0,0.015516969,0.0,0.0,Dec,1,1,3,2,Returning_Visitor,False,False
0.0,0.0,0.0,0.0,16.0,424.40344,0.0,0.03070081,0.0,0.0,Dec,2,2,9,1,Returning_Visitor,False,False
0.0,0.0,0.0,0.0,11.0,633.0049,0.0,0.04,0.0,0.0,Nov,2,2,4,1,Returning_Visitor,False,False
0.0,0.0,0.0,0.0,15.0,434.48322,0.0,0.017360376,0.0,0.0,Nov,2,2,1,3,Returning_Visitor,False,False
0.0,0.0,0.0,0.0,39.0,662.53894,0.0,0.018606601,0.0,0.0,Dec,2,2,1,1,Returning_Visitor,False,False
0.0,0.0,0.0,0.0,26.0,1274.4279,0.0,0.018213723,361.74594,0.0,Nov,2,2,1,9,Returning_Visitor,False,True
0.0,0.0,0.0,0.0,28.953512,716.3829,0.0,0.028571429,0.0,0.0,Dec,2,1,1,1,Returning_Visitor,False,False
1.0,18.184784,0.0,0.0,29.0,838.0959,0.0,0.020085098,0.0,0.0,Aug,2,2,1,13,Returning_Visitor,False,False
3.0,96.667465,0.0,0.0,63.792946,2994.983,0.005740852,0.025,0.0,0.0,Nov,2,2,1,1,Returning_Visitor,False,False
0.0,0.0,0.0,0.0,42.857624,1362.8535,0.0,0.016320154,0.0,0.0,Dec,2,4,1,2,Returning_Visitor,False,False
0.0,0.0,0.0,0.0,15.0,220.44165,0.016844945,0.042407997,0.0,0.0,Aug,3,2,3,1,Returning_Visitor,False,False
4.0,159.22818,0.0,0.0,23.0,572.6839,0.0,0.01596733,0.0,0.0,Dec,1,2,1,2,Returning_Visitor,False,False
0.0,0.0,0.0,0.0,26.0,691.9402,0.0,0.016112994,0.0,0.0,Nov,2,4,7,2,Returning_Visitor,False,False
0.0,0.0,0.0,0.0,27.0,605.15454,0.0,0.027065607,0.0,0.0,Aug,1,1,1,1,Returning_Visitor,False,False
0.0,0.0,0.0,0.0,10.0,257.36584,0.02903473,0.05,0.0,0.0,Aug,2,2,6,3,Returning_Visitor,False,False
0.0,0.0,0.0,0.0,26.0,662.76465,0.0,0.028571429,0.0,0.0,Nov,2,2,1,1,Returning_Visitor,False,False
0.0,0.0,0.0,0.0,24.0,364.7101,0.006939479,0.030698664,0.0,0.0,Aug,2,2,1,1,Returning_Visitor,False,False
3.0,113.128395,0.0,0.0,28.0,477.7374,0.017565375,0.039988838,0.0,0.0,Aug,3,2,1,1,Returning_Visitor,False,False
0.0,0.0,0.0,0.0,9.641719,215.66208,0.0,0.04331472,0.0,0.0,Dec,2,1,1,1,Returning_Visitor,False,False
3.0,64.49808,0.0,0.0,28.0,647.6858,0.008333333,0.025033643,0.0,0.0,Dec,1,1,1,2,Returning_Visitor,False,False
2.0,49.50556,0.0,0.0,24.736544,932.20746,0.018181818,0.035798326,0.0,0.0,Nov,1,1,1,1,Returning_Visitor,False,False
0.0,0.0,0.0,0.0,31.0,792.3847,0.011869603,0.029001426,0.0,0.0,Dec,2,2,1,1,Returning_Visitor,False,False
3.0,81.56974,0.0,0.0,28.0,646.27277,0.008333333,0.025735665,0.0,0.0,Aug,2,2,9,2,Returning_Visitor,False,False
4.0,83.610695,0.0,0.0,37.0,1368.9363,0.009421226,0.016666668,10.643322,0.0,Nov,1,2,1,2,Returning_Visitor,True,False
0.0,0.0,2.0,0.0,43.0,1555.0875,0.0,0.018393591,0.0,0.0,Nov,2,2,7,2,Returning_Visitor,False,True
4.0,76.437515,0.0,0.0,25.0,362.13223,0.0,0.023067225,0.0,0.0,Sep,2,2,1,1,Returning_Visitor,False,False
0.0,0.0,0.0,0.0,16.0,602.2371,0.0,0.022427918,0.0,0.0,Dec,2,2,1,2,Returning_Visitor,False,False
0.0,0.0,0.0,0.0,26.0,607.78705,0.0,0.042970527,0.0,0.0,Dec,2,2,1,3,Returning_Visitor,False,False
2.0,45.25949,0.0,0.0,24.0,575.0093,0.0,0.019798767,0.0,0.0,Dec,4,1,1,2,Returning_Visitor,False,False
0.0,0.0,0.0,0.0,27.0,673.8985,0.0068985233,0.021515965,0.0,0.0,May,1,1,1,2,Returning_Visitor,False,False
2.0,61.700184,0.0,0.0,27.0,482.5029,0.005247782,0.018621814,0.0,0.0,Dec,4,2,9,2,Returning_Visitor,False,False
4.0,76.100784,0.0,0.0,44.0,1190.1366,0.010492687,0.0291399,0.0,0.0,Nov,2,2,1,13,Returning_Visitor,False,False
4.0,86.835335,0.0,0.0,27.0,517.5744,0.0063592084,0.023729963,0.0,0.0,Dec,2,2,1,2,New_Visitor,False,False
0.0,0.0,0.0,0.0,28.0,609.7438,0.0017745415,0.02,0.0,0.0,Dec,2,4,1,2,Returning_Visitor,False,False
3.1221352,90.02677,0.0,0.0,44.0,1742.5967,0.0,0.01559402,15.301331,0.0,Aug,2,4,1,9,Returning_Visitor,False,True
0.0,0.0,0.0,0.0,10.0,210.72198,0.0,0.036571972,0.0,0.0,Aug,2,4,6,9,Returning_Visitor,False,False
5.0,168.99223,3.0,213.50136,36.284557,1071.775,0.01320245,0.036025014,10.182089,0.0,Jul,4,2,1,2,Returning_Visitor,False,False
3.0,48.051548,0.0,0.0,26.0,571.13477,0.0,0.013928595,0.0,0.0,Dec,2,2,1,2,Returning_Visitor,False,False
0.0,0.0,0.0,0.0,28.0,950.6166,0.018181818,0.04,0.0,0.0,Aug,2,2,4,3,Returning_Visitor,False,False
3.0,87.49856,0.0,0.0,20.0,465.7725,0.013293607,0.029147685,0.0,0.0,Nov,1,1,1,2,Returning_Visitor,False,False
2.0,55.77897,0.0,0.0,11.268392,204.00723,0.0,0.020483581,0.0,0.0,Nov,4,2,7,2,Returning_Visitor,False,False
0.0,0.0,0.0,0.0,23.0,736.8684,0.0,0.016615855,0.0,0.0,Sep,2,2,6,2,Returning_Visitor,False,False
0.0,0.0,0.0,0.0,17.568441,412.3781,0.0,0.03134319,0.0,0.0,June,3,2,6,1,Returning_Visitor,False,False
0.0,0.0,0.0,0.0,18.0,443.1581,0.017055016,0.03333333,0.0,0.0,Dec,3,2,6,2,Returning_Visitor,True,False
0.0,0.0,0.0,0.0,29.0,630.5047,0.0,0.008682303,0.0,0.0,May,2,2,1,13,Returning_Visitor,False,False
0.0,0.0,0.0,0.0,33.0,707.108,0.0,0.018181818,0.0,0.0,Dec,2,2,1,13,Returning_Visitor,False,False
0.0,0.0,0.0,0.0,14.0,439.50842,0.0,0.025,0.0,0.0,Nov,2,2,1,13,Returning_Visitor,False,False
0.0,0.0,0.0,0.0,27.0,893.95514,0.020802109,0.046917092,0.0,0.0,Aug,2,2,6,2,Returning_Visitor,False,False
0.0,0.0,0.0,0.0,8.0,154.04854,0.0,0.051946815,0.0,0.0,June,2,2,1,1,Returning_Visitor,False,False
0.0,0.0,0.0,0.0,47.566708,1470.8667,0.0066655506,0.028571429,0.0,0.0,Dec,2,2,4,2,Returning_Visitor,False,False
1.0,0.0,0.0,0.0,16.0,491.3016,0.0,0.025,0.0,0.0,Dec,2,2,1,2,Returning_Visitor,False,False
5.0,114.61408,0.0,0.0,42.0,1621.9265,0.0,0.012168272,7.6990194,0.0,Nov,2,4,7,2,Returning_Visitor,False,False
0.0,0.0,0.0,0.0,25.0,577.8875,0.0,0.016666668,0.0,0.0,Dec,4,2,4,2,Returning_Visitor,False,False
0.0,0.0,0.0,0.0,7.0,162.72162,0.0,0.05,0.0,0.0,Nov,3,2,1,13,Returning_Visitor,False,False
0.0,0.0,0.0,0.0,31.0,614.23315,0.0,0.019038148,0.0,0.0,Nov,1,2,4,2,Returning_Visitor,False,False
0.0,0.0,0.0,0.0,20.0,597.60156,0.0,0.023789586,0.0,0.0,Nov,2,4,9,3,Returning_Visitor,False,False
3.0,49.151333,0.0,0.0,20.0,607.0276,0.0,0.025,0.0,0.0,Nov,2,2,1,10,Returning_Visitor,False,False
3.0,87.85697,0.0,0.0,31.0,735.77997,0.0,0.011764706,0.0,0.0,Dec,2,2,1,3,Returning_Visitor,False,False
2.0,43.70787,0.0,0.0,27.0,533.5953,0.0,0.011980613,0.0,0.0,Dec,1,2,3,13,Returning_Visitor,False,False
5.0,101.157394,0.0,0.0,47.0,2005.3225,0.0,0.012527955,12.011726,0.0,Jul,2,2,1,1,Returning_Visitor,False,True
0.0,0.0,0.0,0.0,17.0,464.15915,0.0072718305,0.034093235,0.0,0.0,Dec,1,1,6,2,Returning_Visitor,False,False
3.0,68.08303,0.0,0.0,53.012047,2314.917,0.005730324,0.0166848,9.265047,0.0,Jul,2,2,1,2,Returning_Visitor,False,False
0.0,0.0,0.0,0.0,31.405422,750.86707,0.0,0.021194743,0.0,0.0,Aug,1,1,1,2,Returning_Visitor,False,False
0.0,0.0,0.0,0.0,39.0,1345.1821,0.0,0.016666668,14.233377,0.0,Dec,1,1,1,2,Returning_Visitor,False,False
6.0,97.91852,1.0,66.03026,66.65459,3362.5212,0.0073467796,0.02023798,6.275573,0.0,Nov,1,2,1,2,Returning_Visitor,False,False
0.0,0.0,0.0,0.0,30.0,690.0428,0.003549539,0.019913036,0.0,0.0,Dec,4,1,7,19,Returning_Visitor,False,False
3.0,77.422966,0.0,0.0,24.0,498.89716,0.0,0.01707544,0.0,0.0,Dec,2,2,9,2,Returning_Visitor,False,False
2.0,49.19014,0.0,0.0,31.0,913.1135,0.0,0.026515301,0.0,0.0,May,2,2,1,2,Returning_Visitor,False,False
0.0,0.0,0.0,0.0,13.0,206.91591,0.0,0.046747327,0.0,0.0,Dec,2,2,9,1,Returning_Visitor,False,False
3.0,58.76661,0.0,0.0,39.941505,1440.7241,0.0,0.013333333,17.438854,0.0,Dec,2,2,1,2,Returning_Visitor,True,True
0.0,0.0,0.0,0.0,10.0,221.06964,0.0,0.046532884,0.0,0.0,Nov,1,2,1,2,Returning_Visitor,False,False
0.0,0.0,0.0,0.0,17.0,350.12344,0.0,0.024874898,0.0,0.0,Aug,1,4,4,2,Returning_Visitor,False,False
0.0,0.0,0.0,0.0,11.0,213.99777,0.0,0.023476522,0.0,0.0,Aug,4,4,1,2,Returning_Visitor,False,False
1.0,20.0235,0.0,0.0,27.0,597.0541,0.021130808,0.03919676,0.0,0.0,Nov,1,1,1,1,Returning_Visitor,False,False
0.0,0.0,0.0,0.0,26.0,794.51697,0.008639784,0.028558182,0.0,0.0,Dec,2,2,4,13,Returning_Visitor,False,False
0.0,0.0,0.0,0.0,28.0,579.0341,0.006379275,0.03333333,0.0,0.0,Aug,4,4,1,3,Returning_Visitor,False,False
0.0,0.0,0.0,0.0,28.0,598.8255,0.0125,0.04,0.0,0.0,Nov,2,2,1,1,Returning_Visitor,False,False
0.0,0.0,0.0,0.0,54.649734,1578.2178,0.0103186825,0.03194192,5.920598,0.0,Nov,4,1,1,2,Returning_Visitor,False,True
3.0,107.89874,0.0,0.0,24.0,586.4245,0.0,0.016363159,0.0,0.0,Dec,1,1,7,2,Returning_Visitor,False,False
2.0,37.50956,0.0,0.0,28.0,1115.6707,0.006383299,0.025,0.0,0.0,Aug,2,2,1,1,Returning_Visitor,False,False
3.0,37.48105,0.0,0.0,30.0,711.88086,0.0,0.02487718,0.0,0.0,Aug,2,2,1,1,Returning_Visitor,False,False
0.0,0.0,0.0,0.0,19.0,464.9793,0.0,0.025873177,0.0,0.0,Nov,1,2,7,3,Returning_Visitor,False,False
4.0,120.2605,0.0,0.0,26.859911,608.5824,0.0,0.023423433,0.0,0.0,May,1,1,1,13,Returning_Visitor,False,False
0.0,0.0,0.0,0.0,20.24909,581.3491,0.005783614,0.030683843,0.0,0.0,Nov,2,2,1,1,Returning_Visitor,False,False
3.0,47.27423,1.0,76.64272,25.0,1077.6473,0.010859334,0.026407775,0.0,0.0,Nov,4,2,7,2,Returning_Visitor,False,False
3.0,62.483486,0.0,0.0,25.0,1163.5042,0.0,0.01574528,0.0,0.0,Nov,2,2,1,2,Returning_Visitor,False,False
0.0,0.0,0.0,0.0,22.0,1078.3925,0.026967227,0.057181273,0.0,0.0,Nov,2,4,1,1,Returning_Visitor,False,False
0.0,0.0,0.0,0.0,26.0,683.0135,0.02090663,0.049782787,0.0,0.0,Jul,2,2,9,1,Returning_Visitor,False,False
0.0,0.0,0.0,0.0,21.0,750.3879,0.0024369613,0.03179092,0.0,0.0,Aug,2,2,4,2,Returning_Visitor,False,False
3.0,65.80009,0.0,0.0,25.0,587.80334,0.009461259,0.025356771,0.0,0.0,Dec,2,2,1,2,Returning_Visitor,False,False
0.0,0.0,0.0,0.0,33.0,758.84283,0.0,0.016258713,0.0,0.0,Nov,2,2,1,1,Returning_Visitor,False,False
1.0,0.0,0.0,0.0,26.0,1034.4585,0.0,0.022814374,0.0,0.0,Mar,2,4,4,4,Returning_Visitor,False,False
3.0,57.644524,1.0,0.0,18.0,338.39868,0.0,0.013333333,0.0,0.0,Dec,4,1,1,2,Returning_Visitor,True,False
4.0,52.232136,0.0,0.0,59.684963,1603.9624,0.0,0.009538895,13.877532,0.0,Nov,2,2,3,2,Returning_Visitor,False,False
0.0,0.0,0.0,0.0,41.0,1393.3875,0.0,0.02,0.0,0.0,Dec,2,2,1,13,Returning_Visitor,False,False
2.0,64.56874,0.0,0.0,88.629555,3873.7747,0.003755778,0.01564082,0.0,0.0,Nov,2,2,7,1,Returning_Visitor,False,False
0.0,0.0,0.0,0.0,32.0,1129.4843,0.0125,0.03769053,0.0,0.0,Dec,2,2,3,13,Returning_Visitor,False,False
4.0,78.26472,0.0,0.0,42.0,1927.099,0.0048663914,0.014927314,24.304655,0.0,Dec,2,2,4,13,Returning_Visitor,False,True
0.0,0.0,0.0,0.0,26.0,679.0044,0.007852288,0.025407014,0.0,0.0,Nov,2,2,9,13,Returning_Visitor,False,False
0.0,0.0,0.0,0.0,23.617968,582.33374,0.0,0.03333333,0.0,0.0,Aug,4,1,1,3,Returning_Visitor,False,False
0.0,0.0,0.0,0.0,16.0,359.5292,0.0,0.03333333,0.0,0.0,Dec,2,2,1,1,Returning_Visitor,False,False
2.0,31.136898,0.0,0.0,37.0,1034.1139,0.0,0.0075735766,0.0,0.0,Nov,2,4,9,2,Returning_Visitor,False,False
0.0,0.0,0.0,0.0,24.0,510.47934,0.0,0.030015223,0.0,0.0,Dec,3,2,1,2,Returning_Visitor,False,False
6.0,98.574585,0.0,0.0,39.78434,1046.6014,0.0049634324,0.016666668,0.0,0.0,Aug,3,2,1,2,Returning_Visitor,False,False
2.0,54.53097,0.0,0.0,30.0,1252.8113,0.0,0.0125,0.0,0.0,Dec,2,2,3,15,Returning_Visitor,False,False
0.0,0.0,0.0,0.0,13.0,258.11713,0.0,0.041701745,0.0,0.0,Dec,2,2,7,1,Returning_Visitor,False,False
4.0,114.72467,0.0,0.0,24.790106,535.1532,0.0,0.013333333,0.0,0.0,Nov,1,1,1,13,Returning_Visitor,True,False
2.0,67.572,0.0,0.0,59.034214,2629.583,0.0,0.01230607,0.0,0.0,Nov,2,2,9,2,Returning_Visitor,False,False
4.0,80.371414,0.0,0.0,28.0,706.2304,0.0,0.016666668,0.0,0.0,Dec,2,2,2,13,Returning_Visitor,False,False
0.0,0.0,0.0,0.0,23.0,678.1819,0.0,0.017457653,0.0,0.0,Dec,4,1,1,2,Returning_Visitor,False,False
2.0,10.015771,0.0,0.0,22.0,588.5114,0.0,0.013203255,0.0,0.0,May,2,2,1,2,Returning_Visitor,False,True
0.0,0.0,0.0,0.0,24.877148,672.24493,0.014698427,0.028571429,0.0,0.0,Nov,1,2,1,1,Returning_Visitor,False,False
3.0,38.37541,0.0,0.0,33.009598,876.26624,0.0,0.016666668,0.0,0.0,Nov,2,2,9,2,Returning_Visitor,False,False
0.0,0.0,0.0,0.0,25.0,652.8692,0.0,0.028649572,0.0,0.0,Dec,2,4,4,19,Returning_Visitor,False,False
0.0,0.0,0.0,0.0,32.0,1174.602,0.005951606,0.025,0.0,0.0,Nov,2,2,1,13,Returning_Visitor,False,False
0.0,0.0,0.0,0.0,6.0,124.167755,0.0662247,0.1,0.0,0.0,Dec,2,2,4,1,Returning_Visitor,False,False
0.0,0.0,0.0,0.0,16.0,391.93793,0.0142572075,0.045513473,0.0,0.0,Nov,2,2,9,2,Returning_Visitor,False,False
0.0,0.0,0.0,0.0,20.0,867.9961,0.0,0.026278198,0.0,0.0,Aug,1,2,9,1,Returning_Visitor,False,False
0.0,0.0,0.0,0.0,10.0,215.06645,0.0,0.06666667,0.0,0.0,Dec,2,4,1,1,Returning_Visitor,False,False
0.0,0.0,0.0,0.0,42.0,942.07806,0.005417844,0.016666668,0.0,0.0,Nov,2,4,7,2,Returning_Visitor,False,False
3.0,45.500664,0.0,0.0,10.0,186.94856,0.0,0.025746725,0.0,0.0,Aug,1,2,1,3,Returning_Visitor,False,False
4.0,91.01714,0.0,0.0,31.0,703.6079,0.0,0.014834778,27.682793,0.0,Dec,2,2,1,2,Returning_Visitor,False,True
1.0,18.00898,0.0,0.0,17.0,622.38727,0.019991865,0.033664227,0.0,0.0,Mar,3,2,1,3,Returning_Visitor,False,False
4.0,54.408184,0.0,0.0,39.960995,732.76184,0.008318171,0.021458771,0.0,0.0,Dec,2,2,1,1,Returning_Visitor,False,False
0.0,0.0,0.0,0.0,15.0,250.85612,0.0,0.025175506,0.0,0.0,Dec,2,2,1,1,Returning_Visitor,False,False
0.0,0.0,0.0,0.0,14.778651,364.222,0.03333333,0.06666667,0.0,0.0,Nov,1,4,8,1,Returning_Visitor,False,False
0.0,0.0,0.0,0.0,18.0,669.03107,0.04,0.06666667,0.0,0.0,Dec,1,1,1,1,Returning_Visitor,False,False
4.0,110.50296,0.0,0.0,43.228573,1193.9833,0.0,0.018661654,0.0,0.0,Dec,1,2,1,1,Returning_Visitor,False,False
0.0,0.0,0.0,0.0,27.252016,534.9541,0.0040476792,0.020625988,0.0,0.0,Dec,2,2,9,9,Returning_Visitor,False,False
3.0,44.38573,0.0,0.0,24.038645,502.40622,0.0125,0.026285287,0.0,0.0,Aug,3,2,1,2,Returning_Visitor,False,False
4.0,55.586452,0.0,0.0,42.937775,1314.6355,0.0,0.02,9.017814,0.0,Dec,2,2,1,2,Returning_Visitor,False,False
5.0,121.47551,2.0,37.782562,39.0,1412.6764,0.013333333,0.030110694,0.0,0.0,Dec,3,2,7,1,Returning_Visitor,False,False
0.0,0.0,0.0,0.0,21.0,687.09155,0.0,0.03364997,0.0,0.0,Dec,2,2,1,1,Returning_Visitor,False,False
1.8742014,27.393763,0.0,0.0,39.0,1056.0745,0.0067310105,0.020601798,0.0,0.0,Nov,3,2,1,3,Returning_Visitor,False,False
2.0,52.678802,0.0,0.0,14.0,274.39078,0.0,0.016346954,0.0,0.0,Mar,3,2,1,1,Returning_Visitor,True,False
0.0,0.0,0.0,0.0,27.0,647.01135,0.010590004,0.029194301,0.0,0.0,Aug,2,2,2,1,Returning_Visitor,False,False
3.0,60.694103,0.0,0.0,37.0,1126.9648,0.006595547,0.024319481,12.442345,0.0,Dec,2,2,1,2,Returning_Visitor,False,False
7.1238003,216.31241,1.0,59.726593,62.827095,2127.5305,0.0053292485,0.01861338,0.0,0.0,Dec,2,2,1,13,Returning_Visitor,False,False
0.0,0.0,0.0,0.0,11.0,205.81123,0.0,0.025602536,0.0,0.0,Dec,4,2,3,3,Returning_Visitor,False,False
4.0,65.51484,0.0,0.0,37.229755,992.4676,0.0,0.016666668,21.048525,0.0,Dec,4,1,7,2,Returning_Visitor,False,False
4.0,79.140526,0.0,0.0,28.0,617.903,0.0,0.014283087,0.0,0.0,Nov,1,2,1,8,Returning_Visitor,False,False
4.0,121.73408,0.0,0.0,53.0,1582.7212,0.008333333,0.028563526,0.0,0.0,Dec,2,2,1,1,Returning_Visitor,False,False
3.0,77.41423,0.0,0.0,18.0,290.06396,0.0,0.012196704,0.0,0.0,Dec,4,4,1,1,Returning_Visitor,False,False
6.0,140.01474,0.0,0.0,42.0,1947.874,0.0,0.011573894,12.697194,0.0,Dec,2,4,3,2,Returning_Visitor,False,False
0.0,0.0,0.0,0.0,27.0,643.45404,0.0,0.019151079,0.0,0.0,Sep,4,2,1,1,Returning_Visitor,False,False
0.0,0.0,0.0,0.0,19.484324,389.97168,0.026452618,0.05,0.0,0.0,Aug,2,2,1,1,Returning_Visitor,False,False
0.0,0.0,0.0,0.0,21.0,381.32126,0.0,0.023787903,0.0,0.0,Aug,4,2,1,2,Returning_Visitor,False,False
0.0,0.0,0.0,0.0,37.0,844.7743,0.0,0.022576248,0.0,0.0,Dec,2,4,4,1,Returning_Visitor,False,False
4.0,62.74618,0.0,0.0,39.0,1319.2408,0.0,0.012820967,12.412003,0.0,Sep,2,2,6,13,Returning_Visitor,False,True
3.0,72.9984,0.0,0.0,42.0,2069.837,0.0,0.016673535,0.0,0.0,Dec,2,2,1,2,Returning_Visitor,False,False
0.0,0.0,0.0,0.0,27.847597,752.0834,0.0,0.017202321,0.0,0.0,Jul,2,2,1,1,Returning_Visitor,False,False
0.0,0.0,0.0,0.0,26.0,712.7702,0.010046798,0.037754767,0.0,0.0,Jul,2,2,3,1,Returning_Visitor,False,False
0.0,0.0,0.0,0.0,19.0,703.16595,0.020230519,0.042690493,0.0,0.0,Aug,1,2,1,13,Returning_Visitor,False,False
3.0,135.20851,0.0,0.0,23.47382,817.356,0.0,0.013333333,0.0,0.0,May,1,2,1,2,Returning_Visitor,False,False
0.0,0.0,0.0,0.0,37.94077,1442.5023,0.0051356256,0.025,0.0,0.0,Dec,2,2,7,2,Returning_Visitor,False,False
0.0,0.0,0.0,0.0,31.0,677.8588,0.0,0.028571429,0.0,0.0,Dec,2,2,1,1,Returning_Visitor,False,False
4.0,68.598465,0.0,0.0,20.0,650.7888,0.013333333,0.03602716,0.0,0.0,Nov,2,5,1,13,Returning_Visitor,False,False
3.0,46.203014,0.0,0.0,19.0,561.9341,0.0,0.01986432,0.0,0.0,Nov,2,2,1,2,Returning_Visitor,False,False
3.0,77.79123,0.0,0.0,45.22402,1572.207,0.0,0.013432113,0.0,0.0,Dec,2,2,2,13,Returning_Visitor,False,False
0.0,0.0,0.0,0.0,5.0,167.82529,0.0,0.029928865,0.0,0.0,Aug,4,2,1,2,Returning_Visitor,False,False
0.0,0.0,0.0,0.0,13.0,330.18344,0.0,0.026364315,0.0,0.0,Nov,2,2,9,3,Returning_Visitor,False,False
2.670747,48.797974,0.0,0.0,26.40386,788.057,0.009593604,0.0233061,0.0,0.0,Nov,3,2,1,2,Returning_Visitor,True,False
0.0,0.0,0.0,0.0,16.05062,430.33203,0.022222223,0.054841835,0.0,0.0,Dec,2,2,1,3,Returning_Visitor,False,False
0.0,0.0,0.0,0.0,7.0,71.47837,0.06666667,0.09527547,0.0,0.0,Jul,2,2,4,1,Returning_Visitor,False,False
3.0,56.402042,0.0,0.0,30.0,1141.6458,0.0,0.011380822,0.0,0.0,Nov,2,4,4,2,Returning_Visitor,False,False
1.0,5.0,0.0,0.0,13.0,214.12659,0.0,0.020927545,0.0,0.0,Aug,2,4,1,2,Returning_Visitor,False,False
3.0,67.88834,0.0,0.0,45.171696,1479.6478,0.0060310825,0.02694962,0.0,0.0,Dec,4,2,7,1,Returning_Visitor,False,False
0.0,0.0,0.0,0.0,27.0,1121.5288,0.016666668,0.038882643,0.0,0.0,Dec,2,2,1,3,Returning_Visitor,False,False
0.0,0.0,0.0,0.0,15.0,436.80795,0.0,0.03333333,0.0,0.0,Aug,2,2,2,1,Returning_Visitor,False,False
0.0,0.0,0.0,0.0,22.140673,502.67252,0.016666668,0.035366908,0.0,0.0,Aug,1,2,6,1,Returning_Visitor,True,False
0.0,0.0,0.0,0.0,26.0,659.5245,0.0,0.024093045,0.0,0.0,Nov,2,2,1,2,Returning_Visitor,False,False
5.0,74.5543,0.0,0.0,42.0,1195.2501,0.0014792365,0.016886858,0.0,0.0,Nov,2,2,6,2,Returning_Visitor,False,False
0.0,0.0,0.0,0.0,19.0,327.92172,0.014492835,0.03753798,0.0,0.0,Dec,4,4,1,1,Returning_Visitor,False,False
4.0,111.64237,0.0,0.0,38.41318,1029.2167,0.009090909,0.020522447,361.75006,0.0,Aug,1,1,1,13,Returning_Visitor,True,False
1.0,8.815869,0.0,0.0,32.0,1450.4338,0.012763579,0.037715994,0.0,0.0,Dec,4,4,1,1,Returning_Visitor,False,False
5.0,179.2292,0.0,0.0,31.0,898.14685,0.0,0.013333333,0.0,0.0,Nov,3,2,1,8,Returning_Visitor,False,False
0.0,0.0,0.0,0.0,21.0,505.34253,0.0,0.016800879,0.0,0.0,Mar,1,4,1,2,Returning_Visitor,False,False
0.0,0.0,0.0,0.0,10.0,258.85074,0.0,0.025825247,0.0,0.0,May,2,2,1,1,Returning_Visitor,False,False
0.0,0.0,0.0,0.0,38.632084,887.54395,0.0,0.0142024625,0.0,0.0,Nov,2,2,1,2,Returning_Visitor,False,False
0.0,0.0,0.0,0.0,20.0,574.4882,0.0,0.035879508,0.0,0.0,Mar,3,2,1,1,Returning_Visitor,False,False
4.0,59.729458,0.0,0.0,18.0,370.75458,0.0,0.026332097,0.0,0.0,Aug,2,2,4,2,Returning_Visitor,False,False
3.0,130.47603,0.0,0.0,26.164083,490.4825,0.0,0.011111111,0.0,0.0,Dec,1,1,1,2,Returning_Visitor,False,False
0.0,0.0,0.0,0.0,12.0,296.7077,0.0,0.025659785,0.0,0.0,Dec,2,2,9,2,Returning_Visitor,False,False
0.0,0.0,0.0,0.0,21.0,313.52768,0.0023841825,0.03333333,0.0,0.0,Dec,3,2,3,3,Returning_Visitor,False,False
3.0,49.32575,0.0,0.0,43.45571,1451.4745,0.010291988,0.03333333,0.0,0.0,Dec,2,2,1,2,Returning_Visitor,False,False
0.0,0.0,0.0,0.0,22.0,547.1098,0.0,0.008012024,0.0,0.0,Nov,1,2,1,2,Returning_Visitor,False,False
0.0,0.0,0.0,0.0,18.0,310.3299,0.009536584,0.035559602,0.0,0.0,Dec,2,2,1,2,Returning_Visitor,False,False
0.0,0.0,0.0,0.0,15.0,434.80545,0.033098847,0.04468561,0.0,0.0,Nov,1,4,9,1,Returning_Visitor,False,False
0.0,0.0,0.0,0.0,22.0,384.4485,0.00443322,0.03333333,0.0,0.0,Dec,2,4,1,2,Returning_Visitor,False,False
0.0,0.0,0.0,0.0,19.0,333.07593,0.0,0.03306104,0.0,0.0,Nov,2,2,1,13,Returning_Visitor,False,False
0.0,0.0,0.0,0.0,16.0,311.30807,0.0,0.021432446,0.0,0.0,Dec,1,2,4,2,Returning_Visitor,False,False
0.0,0.0,0.0,0.0,26.0,685.516,0.0,0.010361266,0.0,0.0,Nov,1,2,1,2,New_Visitor,False,False
0.0,0.0,0.0,0.0,29.870174,622.8759,0.0019701316,0.023296062,0.0,0.0,Dec,2,2,4,9,Returning_Visitor,False,False
3.0,43.11524,0.0,0.0,25.0,550.51996,0.0,0.016666668,0.0,0.0,Dec,2,2,1,2,Returning_Visitor,False,True
0.0,0.0,0.0,0.0,22.0,417.23648,0.016725888,0.04888632,0.0,0.0,Nov,2,2,1,13,Returning_Visitor,False,False
5.0,172.15353,3.0,201.68097,60.0,2103.305,0.011456881,0.026368339,6.6822367,0.0,Nov,1,1,1,3,Returning_Visitor,False,False
0.0,0.0,0.0,0.0,34.0,1302.8868,0.007692308,0.035521388,0.0,0.0,Dec,4,6,1,1,Returning_Visitor,False,False
5.0,97.99133,0.0,0.0,19.0,376.88828,0.0,0.016069109,0.0,0.0,Dec,1,2,1,2,New_Visitor,False,False
0.0,0.0,0.0,0.0,17.0,634.86237,0.0,0.024252582,0.0,0.0,Dec,2,2,7,2,Returning_Visitor,False,False
0.0,0.0,0.0,0.0,21.0,651.94037,0.0,0.029882856,0.0,0.0,Dec,2,2,1,1,Returning_Visitor,False,False
0.0,0.0,0.0,0.0,11.0,217.09476,0.024759207,0.050096877,0.0,0.0,Dec,2,2,6,1,Returning_Visitor,False,False
6.0,95.98666,0.0,0.0,19.0,557.5133,0.0,0.016089331,0.0,0.0,Nov,2,2,4,2,Returning_Visitor,False,False
1.4735094,26.351076,0.0,0.0,27.103115,808.6861,0.0,0.016487164,0.0,0.0,Nov,2,2,1,2,Returning_Visitor,False,False
5.0,78.13646,0.0,0.0,34.457638,774.61847,0.0,0.015486031,0.0,0.0,Dec,2,2,1,1,Returning_Visitor,False,False
3.0,58.03354,0.0,0.0,23.0,520.93823,0.010717799,0.02863561,0.0,0.0,Dec,4,2,6,3,Returning_Visitor,False,False
3.037605,59.809296,0.0,0.0,29.0,791.1454,0.0,0.021438496,0.0,0.0,Nov,2,2,1,1,Returning_Visitor,False,False
3.0,66.10828,0.0,0.0,49.91166,1894.0475,0.0054145986,0.015511911,19.584078,0.0,Nov,2,2,4,2,Returning_Visitor,False,True
0.0,0.0,0.0,0.0,42.0,2140.878,0.00393421,0.025,6.2075973,0.0,Dec,2,2,7,1,Returning_Visitor,False,False
2.0,25.413563,0.0,0.0,36.0,917.25116,0.006365536,0.02179565,0.0,0.0,Nov,3,2,1,13,Returning_Visitor,False,False
0.0,0.0,0.0,0.0,24.689,545.34454,0.0,0.032849476,0.0,0.0,Dec,2,2,6,1,Returning_Visitor,False,False
0.0,0.0,0.0,0.0,32.0,690.0161,0.0,0.027297327,0.0,0.0,Dec,2,2,1,1,Returning_Visitor,False,False
2.0,51.389805,0.0,0.0,28.0,642.8063,0.0,0.0140226865,0.0,0.0,Dec,4,4,1,2,Returning_Visitor,False,False
4.0,64.70473,0.0,0.0,39.0,691.50586,0.0,0.016142348,0.0,0.0,Dec,2,2,4,3,Returning_Visitor,False,False
3.0,78.527504,0.0,0.0,40.0,1436.0353,0.0,0.023956696,0.0,0.0,Aug,2,2,1,2,Returning_Visitor,False,False
0.0,0.0,0.0,0.0,22.0,473.164,0.0,0.027503934,0.0,0.0,Dec,1,1,4,14,Returning_Visitor,False,False
0.0,0.0,0.0,0.0,9.0,169.61403,0.0,0.042669717,0.0,0.0,Dec,2,4,1,9,Returning_Visitor,False,False
0.0,0.0,0.0,0.0,18.564362,353.26996,0.0125,0.04125274,0.0,0.0,Jul,2,2,1,3,Returning_Visitor,False,False
0.0,0.0,0.0,0.0,14.0,495.80032,0.0,0.035670873,0.0,0.0,Nov,2,2,1,3,Returning_Visitor,False,False
2.0,36.32789,0.0,0.0,26.0,904.17267,0.0,0.009481238,0.0,0.0,Nov,2,2,7,2,Returning_Visitor,False,False
0.0,0.0,0.0,0.0,5.0,123.714806,0.06577465,0.08383846,0.0,0.0,Nov,3,2,8,3,Returning_Visitor,False,False
3.0,46.399036,0.0,0.0,19.0,653.93243,0.0,0.025,0.0,0.0,Dec,2,2,1,2,Returning_Visitor,False,False
3.0,67.17416,1.0,11.765809,40.4173,1202.3391,0.0,0.01947326,0.0,0.0,Dec,2,2,1,13,Returning_Visitor,False,False
2.0,44.357613,0.0,0.0,11.0,225.98598,0.0,0.015661031,0.0,0.0,Nov,2,2,1,2,New_Visitor,False,False
0.0,0.0,0.0,0.0,15.0,362.4152,0.0,0.016666668,0.0,0.0,Dec,2,2,9,2,Returning_Visitor,False,False
3.0,74.10606,0.0,0.0,25.371365,684.03955,0.0,0.01,0.0,0.0,Dec,1,2,3,9,Returning_Visitor,False,False
0.0,0.0,0.0,0.0,18.727497,374.03503,0.015605463,0.042711306,0.0,0.0,Nov,2,2,1,3,Returning_Visitor,False,False
2.0,69.79673,0.0,0.0,22.0,463.97888,0.0,0.02164136,0.0,0.0,Dec,1,1,1,2,Returning_Visitor,False,False
2.0,59.015324,0.0,0.0,22.384417,669.742,0.0,0.015689192,0.0,0.0,Nov,1,1,1,2,Returning_Visitor,False,False
0.0,0.0,0.0,0.0,24.572416,839.3953,0.0,0.015384615,0.0,0.0,Dec,2,2,1,1,Returning_Visitor,False,False
0.0,0.0,0.0,0.0,27.0,680.3433,0.0,0.011158554,0.0,0.0,Nov,2,2,1,2,Returning_Visitor,False,False
2.0,37.7504,0.0,0.0,26.0,632.6907,0.0,0.019444492,0.0,0.0,Dec,2,2,1,8,Returning_Visitor,False,False
0.0,0.0,0.0,0.0,12.0,261.5339,0.0,0.025,0.0,0.0,Nov,1,2,8,2,Returning_Visitor,False,False
0.0,0.0,0.0,0.0,17.0,271.55463,0.0,0.03327667,0.0,0.0,Aug,2,2,1,13,Returning_Visitor,False,False
0.0,0.0,0.0,0.0,23.0,834.41425,0.0,0.009989466,0.0,0.0,Dec,2,2,1,3,Returning_Visitor,False,False
0.0,0.0,0.0,0.0,37.0,1159.1676,0.0065232064,0.026107585,0.0,0.0,Nov,2,2,1,1,Returning_Visitor,False,False
0.0,0.0,0.0,0.0,29.0,586.45197,0.0,0.028734844,0.0,0.0,Nov,2,2,1,13,Returning_Visitor,False,False
0.0,0.0,0.0,0.0,26.0,701.8675,0.0,0.016666668,0.0,0.0,Aug,2,2,1,2,Returning_Visitor,True,False
0.0,0.0,0.0,0.0,11.1621475,295.37778,0.031638063,0.06666667,0.0,0.0,Dec,1,1,1,1,Returning_Visitor,False,False
0.0,0.0,0.0,0.0,80.244896,2571.2869,0.0036099118,0.018152948,0.0,0.0,Dec,2,2,1,2,Returning_Visitor,False,False
3.0,70.544426,0.0,0.0,25.0,609.2486,0.0,0.016666668,0.0,0.0,Dec,2,2,9,10,Returning_Visitor,False,False
2.0,51.539707,0.0,0.0,37.0,586.15,0.0,0.016666668,0.0,0.0,Dec,2,2,1,13,Returning_Visitor,False,True
2.0,50.93723,0.0,0.0,17.0,354.12347,0.0,0.021199,0.0,0.0,Dec,1,1,1,10,Returning_Visitor,False,False
0.0,0.0,0.0,0.0,19.0,339.65417,0.02947353,0.042697914,0.0,0.0,Dec,1,2,7,3,Returning_Visitor,False,False
0.0,0.0,0.0,0.0,25.0,705.15533,0.0,0.020193918,0.0,0.0,Dec,2,2,1,1,Returning_Visitor,False,False
2.0,18.086092,0.0,0.0,38.46524,685.62103,0.0,0.01409198,0.0,0.0,Dec,2,2,1,1,Returning_Visitor,False,False
2.0,35.826427,0.0,0.0,28.0,1089.666,0.0070137256,0.018181818,0.0,0.0,Nov,2,2,1,13,Returning_Visitor,False,False
2.0,36.80927,0.0,0.0,25.0,604.6863,0.008554754,0.022222223,0.0,0.0,Jul,4,2,3,1,Returning_Visitor,False,True
4.0,67.85735,0.0,0.0,28.0,532.1827,0.008333333,0.024201205,0.0,0.0,Aug,4,1,1,13,Returning_Visitor,False,False
4.0,98.50064,0.0,0.0,24.824478,501.01752,0.0,0.018685022,0.0,0.0,Dec,1,1,1,1,Returning_Visitor,False,False
0.0,0.0,0.0,0.0,19.0,690.03687,0.0,0.020131227,0.0,0.0,Nov,4,4,9,1,Returning_Visitor,False,False
3.0,51.16166,0.0,0.0,31.0,1109.2317,0.0,0.014416522,0.0,0.0,Dec,2,2,9,2,Returning_Visitor,False,False
0.0,0.0,0.0,0.0,22.0,612.17053,0.0,0.025,0.0,0.0,Dec,1,1,7,1,Returning_Visitor,False,False
0.0,0.0,0.0,0.0,39.0,733.871,0.005430038,0.028187564,0.0,0.0,Nov,3,2,7,3,Returning_Visitor,False,False
1.0,6.806221,0.0,0.0,24.0,758.02057,0.012363394,0.03003711,0.0,0.0,Aug,3,2,1,1,Returning_Visitor,False,False
3.0,60.338745,0.0,0.0,27.0,670.73706,0.0050004264,0.017598854,0.0,0.0,Dec,4,2,1,9,Returning_Visitor,False,True
4.0,69.3024,0.0,0.0,30.0,689.9011,0.0,0.018212631,0.0,0.0,Nov,4,2,1,1,Returning_Visitor,True,False
0.0,0.0,0.0,0.0,27.0,640.7134,0.0050873966,0.034113552,0.0,0.0,Dec,2,2,9,1,Returning_Visitor,False,False
0.0,0.0,0.0,0.0,25.149542,607.72046,0.0,0.018330768,0.0,0.0,May,2,2,1,2,Returning_Visitor,False,False
0.0,0.0,0.0,0.0,10.0,362.8992,0.0,0.01815194,0.0,0.0,Nov,2,4,1,18,Returning_Visitor,False,False
2.0,76.42487,0.0,0.0,22.0,528.8462,0.0,0.011631168,0.0,0.0,Sep,2,2,1,2,New_Visitor,False,False
1.0,0.0,0.0,0.0,37.60752,1352.0035,0.006271461,0.026381213,0.0,0.0,Nov,2,2,1,13,Returning_Visitor,False,False
2.0,81.19217,0.0,0.0,26.0,786.2599,0.0,0.018181818,0.0,0.0,Nov,2,2,4,2,Returning_Visitor,False,False
0.0,0.0,0.0,0.0,12.0,416.87726,0.022107909,0.04919944,0.0,0.0,Mar,4,2,1,3,Returning_Visitor,False,False
2.0,56.57523,0.0,0.0,22.916271,623.4518,0.0,0.027268957,0.0,0.0,Sep,2,2,1,2,Returning_Visitor,False,False
4.0,81.31529,0.0,0.0,39.946796,690.8033,0.0046422444,0.0142497765,0.0,0.0,Dec,1,2,1,2,Returning_Visitor,False,False
0.0,0.0,0.0,0.0,16.0,275.97238,0.010001545,0.038991548,0.0,0.0,Dec,1,1,4,2,Returning_Visitor,False,False
0.0,0.0,0.0,0.0,26.0,719.6917,0.0,0.024271771,0.0,0.0,Mar,2,2,1,1,Returning_Visitor,False,False
0.0,0.0,0.0,0.0,33.74788,886.31476,0.015384615,0.034855235,0.0,0.0,Nov,1,2,1,13,Returning_Visitor,False,False
2.0,40.83517,0.0,0.0,15.0,485.1165,0.01588093,0.03146002,0.0,0.0,Nov,1,4,6,2,Returning_Visitor,False,False
0.0,0.0,0.0,0.0,17.0,573.0808,0.0,0.017593319,0.0,0.0,Dec,2,4,1,2,Returning_Visitor,True,False
4.0,86.37874,0.0,0.0,16.772163,336.51276,0.0,0.025,0.0,0.0,Dec,4,4,1,1,Returning_Visitor,False,False
4.0,103.35708,0.0,0.0,42.0,1885.3792,0.0,0.011305246,22.136068,0.0,Dec,2,2,4,2,Returning_Visitor,False,True
0.0,0.0,0.0,0.0,9.0,274.84006,0.01653859,0.05,0.0,0.0,Nov,2,2,1,2,Returning_Visitor,False,False
0.0,0.0,0.0,0.0,19.0,768.96375,0.0,0.022222223,0.0,0.0,Dec,2,2,1,1,Returning_Visitor,False,False
2.0,35.089054,0.0,0.0,25.0,701.5905,0.0,0.015667045,0.0,0.0,Nov,2,4,1,13,Returning_Visitor,False,False
0.0,0.0,0.0,0.0,42.0,1224.6057,0.0,0.02241954,0.0,0.0,Dec,2,2,4,13,Returning_Visitor,False,False
2.0,36.77748,0.0,0.0,37.0,917.9136,0.0,0.016666668,0.0,0.0,Jul,2,2,3,2,Returning_Visitor,False,False
0.0,0.0,0.0,0.0,24.66567,563.92,0.0,0.031267166,0.0,0.0,Dec,2,2,6,1,Returning_Visitor,False,False
0.0,0.0,0.0,0.0,14.0,818.2095,0.0,0.022222223,0.0,0.0,Nov,4,1,1,2,Returning_Visitor,False,False
0.0,0.0,0.0,0.0,12.0,309.54764,0.03333333,0.058273595,0.0,0.0,Dec,4,4,1,3,Returning_Visitor,False,False
2.0,45.68524,0.0,0.0,27.267649,658.8087,0.017759386,0.040110424,0.0,0.0,Dec,2,2,7,1,Returning_Visitor,False,False
3.0,94.34764,0.0,0.0,66.52722,2459.1565,0.0056603844,0.020520555,9.033249,0.0,Nov,1,1,4,2,Returning_Visitor,False,False
0.0,0.0,0.0,0.0,12.0,258.2789,0.029802535,0.047062434,0.0,0.0,Dec,2,2,6,1,Returning_Visitor,False,False
3.0,94.67265,0.0,0.0,12.0,284.95596,0.0,0.012457224,0.0,0.0,Nov,1,1,9,9,Returning_Visitor,False,False
3.0,28.469236,0.0,0.0,31.0,704.2813,0.0,0.013098902,0.0,0.0,Aug,2,2,1,13,Returning_Visitor,False,False
4.0,69.241425,0.0,0.0,23.0,581.2197,0.0,0.025470987,0.0,0.0,Nov,2,2,1,2,Returning_Visitor,False,False
0.0,0.0,0.0,0.0,20.0,408.33023,0.0,0.028571429,0.0,0.0,Nov,2,2,1,2,Returning_Visitor,False,False
0.0,0.0,0.0,0.0,14.138282,653.45874,0.0,0.021790598,0.0,0.0,Dec,2,2,4,1,Returning_Visitor,False,False
0.0,0.0,0.0,0.0,26.0,918.66016,0.0016115607,0.02874935,0.0,0.0,Aug,1,2,1,3,Returning_Visitor,False,False
4.0,64.14774,0.0,0.0,25.0,374.8076,0.0,0.010515403,0.0,0.0,Sep,1,2,1,8,Returning_Visitor,False,True
2.0,50.98214,0.0,0.0,9.458414,190.05408,0.0,0.030768277,0.0,0.0,Nov,4,1,7,8,Returning_Visitor,False,False
0.0,0.0,0.0,0.0,20.0,448.74826,0.0,0.031745713,0.0,0.0,Dec,2,2,1,13,Returning_Visitor,False,False
3.0,54.29351,0.0,0.0,26.744373,727.52814,0.0,0.014432278,0.0,0.0,Nov,2,2,1,2,Returning_Visitor,False,False
0.0,0.0,0.0,0.0,12.0,228.58516,0.0,0.04,0.0,0.0,Dec,3,2,1,3,Returning_Visitor,False,False
0.0,0.0,0.0,0.0,20.0,725.6556,0.0,0.017859323,0.0,0.0,Dec,2,2,1,2,Returning_Visitor,False,False
0.0,0.0,0.0,0.0,12.0,189.42679,0.031418744,0.060341462,0.0,0.0,Dec,1,1,1,1,Returning_Visitor,False,False
0.0,0.0,0.0,0.0,36.0,1193.021,0.01207656,0.04,0.0,0.0,Nov,2,2,1,1,Returning_Visitor,False,False
0.0,0.0,0.0,0.0,5.0,199.01627,0.0,0.04892395,0.0,0.0,Aug,2,2,9,3,Returning_Visitor,False,False
0.0,0.0,0.0,0.0,22.0,508.1952,0.0,0.018988483,0.0,0.0,Dec,2,2,4,19,Returning_Visitor,False,False
2.0,39.53736,0.0,0.0,26.0,619.8666,0.0142095005,0.030206896,0.0,0.0,Dec,1,1,1,3,Returning_Visitor,False,False
0.0,0.0,0.0,0.0,11.0,236.35905,0.0,0.035407152,0.0,0.0,Dec,1,4,1,3,Returning_Visitor,False,False
0.0,0.0,0.0,0.0,14.0,754.0869,0.026991073,0.05,0.0,0.0,Dec,3,2,1,1,Returning_Visitor,False,False
0.0,0.0,0.0,0.0,16.0,594.0129,0.022222223,0.04,0.0,0.0,Dec,2,2,3,3,Returning_Visitor,False,False
4.0,69.46326,3.0,144.16618,56.0,1779.2098,0.005125538,0.022222223,0.0,0.0,Dec,2,2,1,2,Returning_Visitor,False,False
0.0,0.0,0.0,0.0,43.968117,1324.5981,0.0,0.01622498,15.68449,0.0,Dec,2,2,4,2,Returning_Visitor,False,True
4.0,86.00205,0.0,0.0,45.0,1638.539,0.0060178265,0.02087359,0.0,0.0,Aug,4,2,3,1,Returning_Visitor,False,False
0.0,0.0,0.0,0.0,42.0,792.11566,0.005305779,0.016387776,0.0,0.0,Dec,2,2,4,1,Returning_Visitor,False,False
0.0,0.0,0.0,0.0,37.0,1114.6898,0.01076574,0.030070476,0.0,0.0,Jul,2,2,7,1,Returning_Visitor,False,False
0.0,0.0,0.0,0.0,15.0,289.3429,0.0,0.03499734,0.0,0.0,Mar,2,2,1,2,Returning_Visitor,False,False
2.0,34.427624,0.0,0.0,23.0,442.82727,0.013333333,0.028570687,0.0,0.0,Jul,1,1,6,2,Returning_Visitor,False,False
4.0,107.61408,0.0,0.0,31.866377,959.85986,0.006410454,0.02088026,0.0,0.0,Dec,2,2,1,13,Returning_Visitor,False,False
3.0,58.286263,0.0,0.0,21.132036,365.02518,0.0,0.0158227,0.0,0.0,Nov,1,2,1,2,Returning_Visitor,False,False
4.0,94.95606,0.0,0.0,28.898588,581.6492,0.0,0.012112192,0.0,0.0,Dec,1,2,4,2,Returning_Visitor,False,False
0.0,0.0,0.0,0.0,16.0,598.9588,0.0,0.025318006,0.0,0.0,Nov,1,1,1,3,Returning_Visitor,False,False
0.0,0.0,0.0,0.0,19.563358,365.6715,0.014285714,0.03333333,0.0,0.0,Nov,3,2,1,2,Returning_Visitor,False,False
4.0,54.39711,0.0,0.0,37.0,1605.5925,0.0,0.015384615,0.0,0.0,Aug,2,2,1,2,New_Visitor,False,False
3.0,52.448277,0.0,0.0,35.248436,1017.36957,0.0,0.011359508,8.240098,0.0,Dec,2,2,1,2,Returning_Visitor,False,True
0.0,0.0,0.0,0.0,9.0,227.32019,0.0,0.038724788,0.0,0.0,Nov,2,2,1,1,Returning_Visitor,False,False
3.0,58.285828,0.0,0.0,28.0,777.05206,0.010582559,0.030463403,0.0,0.0,Dec,1,1,1,9,Returning_Visitor,False,False
0.0,0.0,0.0,0.0,26.0,786.8301,0.0,0.02050503,0.0,0.0,Dec,2,2,7,3,Returning_Visitor,False,False
0.0,0.0,0.0,0.0,23.0,530.64984,0.01835433,0.028562905,0.0,0.0,Dec,3,2,9,3,Returning_Visitor,False,False
0.0,0.0,0.0,0.0,8.0,259.6115,0.0,0.03727696,0.0,0.0,Mar,2,1,1,13,Returning_Visitor,False,False
0.0,0.0,0.0,0.0,43.0,1113.612,0.0,0.02428783,0.0,0.0,Aug,1,1,1,2,Returning_Visitor,False,False
0.0,0.0,0.0,0.0,18.0,325.39493,0.0,0.018476263,0.0,0.0,Nov,1,2,3,2,Returning_Visitor,False,False
0.0,0.0,0.0,0.0,18.0,445.90372,0.0,0.021326058,0.0,0.0,Dec,2,2,6,2,Returning_Visitor,False,False
0.0,0.0,0.0,0.0,48.0,1842.2588,0.0027541297,0.025,11.013025,0.0,Dec,2,2,1,13,Returning_Visitor,False,False
0.0,0.0,0.0,0.0,11.0,393.69247,0.0,0.03333333,0.0,0.0,Nov,2,2,1,9,Returning_Visitor,False,False
0.0,0.0,0.0,0.0,21.0,673.7411,0.017300438,0.04624785,0.0,0.0,Dec,2,2,2,3,Returning_Visitor,False,False
3.0,77.12578,0.0,0.0,22.0,630.77893,0.0,0.018882435,0.0,0.0,May,2,4,4,4,Returning_Visitor,False,False
0.0,0.0,0.0,0.0,42.986332,1081.5513,0.00958731,0.03567631,0.0,0.0,Dec,2,2,4,3,Returning_Visitor,False,False
0.0,0.0,0.0,0.0,17.0,281.74585,0.0,0.025613297,0.0,0.0,May,2,2,9,1,Returning_Visitor,False,False
2.0,53.605797,0.0,0.0,16.0,329.11752,0.0,0.018181587,0.0,0.0,Aug,3,2,1,2,Returning_Visitor,False,False
0.0,0.0,0.0,0.0,11.0,232.53944,0.0,0.025774615,0.0,0.0,Aug,1,1,1,1,Returning_Visitor,False,False
0.0,0.0,0.0,0.0,28.0,628.3414,0.0026569702,0.036357205,0.0,0.0,Dec,1,1,1,13,Returning_Visitor,False,False
3.0,59.61429,0.0,0.0,18.0,486.01218,0.0,0.021715298,0.0,0.0,Aug,2,2,9,3,Returning_Visitor,False,False
0.0,0.0,0.0,0.0,16.0,263.9585,0.0,0.04,0.0,0.0,Dec,2,2,4,1,Returning_Visitor,False,False
4.0,87.92925,0.0,0.0,23.0,557.0993,0.017024083,0.026535567,0.0,0.0,Dec,3,2,7,2,Returning_Visitor,False,False
3.0,48.359344,0.0,0.0,26.0,424.64044,0.0,0.015384615,0.0,0.0,Nov,4,2,1,2,Returning_Visitor,False,False
0.0,0.0,0.0,0.0,26.0,477.69614,0.014856602,0.03980554,0.0,0.0,Dec,4,2,1,1,Returning_Visitor,False,False
5.0,98.43765,0.0,0.0,47.0,2219.0728,0.0,0.013333333,11.93358,0.0,Nov,2,2,1,2,Returning_Visitor,False,True
0.0,0.0,0.0,0.0,8.0,127.48229,0.0,0.03545502,0.0,0.0,Nov,1,2,1,2,Returning_Visitor,False,False
0.0,0.0,0.0,0.0,19.0,500.94952,0.0,0.027379315,0.0,0.0,Nov,4,2,3,8,Returning_Visitor,False,False
0.0,0.0,0.0,0.0,16.13253,451.87506,0.02262886,0.046344783,0.0,0.0,Dec,1,1,6,3,Returning_Visitor,False,False
0.0,0.0,0.0,0.0,25.0,783.57855,0.0,0.03333333,8.037169,0.0,Dec,2,2,1,1,Returning_Visitor,True,False
0.0,0.0,0.0,0.0,20.0,629.9101,0.0,0.025119323,0.0,0.0,Dec,2,2,9,1,Returning_Visitor,False,False
0.0,0.0,0.0,0.0,18.0,336.09232,0.009090909,0.03333333,0.0,0.0,Dec,3,2,1,3,Returning_Visitor,True,False
3.0,56.33771,0.0,0.0,22.198929,473.95132,0.0,0.020002268,10.4934635,0.0,Dec,2,2,7,2,Returning_Visitor,False,False
0.0,0.0,0.0,0.0,30.214764,678.64856,0.010341692,0.03627234,0.0,0.0,Aug,2,2,1,1,Returning_Visitor,False,False
3.0,48.320988,0.0,0.0,26.0,605.2754,0.0,0.015453823,0.0,0.0,Mar,2,2,1,1,Returning_Visitor,False,False
0.0,0.0,0.0,0.0,15.0,274.7116,0.0,0.02,0.0,0.0,Dec,2,2,7,2,Returning_Visitor,False,False
0.0,0.0,0.0,0.0,18.0,303.15094,0.0,0.026114205,0.0,0.0,Aug,2,2,7,1,Returning_Visitor,False,False
0.0,0.0,0.0,0.0,23.0,539.18427,0.0,0.035331834,0.0,0.0,Nov,1,2,1,1,Returning_Visitor,False,False
0.0,0.0,0.0,0.0,22.0,616.2187,0.0,0.02050737,0.0,0.0,Dec,2,2,4,1,Returning_Visitor,False,False
0.0,0.0,0.0,0.0,23.0,543.7127,0.023617394,0.036313638,0.0,0.0,Nov,1,1,4,3,Returning_Visitor,False,False
0.0,0.0,0.0,0.0,6.0,192.7355,0.0,0.034258805,0.0,0.0,Dec,3,2,4,1,Returning_Visitor,False,False
0.0,0.0,0.0,0.0,9.669979,308.09647,0.0,0.03333333,0.0,0.0,Dec,2,2,1,9,Returning_Visitor,False,False
5.0,90.83135,0.0,0.0,67.77568,2632.7578,0.0012406873,0.013502092,12.353707,0.0,Nov,2,2,1,2,Returning_Visitor,False,False
3.0,34.855957,0.0,0.0,25.0,644.714,0.0,0.011077707,0.0,0.0,Nov,4,1,4,2,Returning_Visitor,False,False
4.0,120.09008,0.0,0.0,64.06916,2571.9075,0.0,0.015415418,7.9538836,0.0,Dec,2,2,3,2,Returning_Visitor,False,False
6.0,99.90022,0.0,0.0,39.0,634.7707,0.0,0.013333333,0.0,0.0,Dec,2,2,4,2,Returning_Visitor,False,False
0.0,0.0,0.0,0.0,15.0,423.4753,0.0,0.025,0.0,0.0,Aug,2,2,1,3,Returning_Visitor,False,False
2.0,39.424324,0.0,0.0,27.0,1280.7319,0.012973503,0.03333333,0.0,0.0,Mar,4,1,3,1,Returning_Visitor,False,False
2.0,57.224155,0.0,0.0,16.547127,590.06244,0.0,0.027509889,0.0,0.0,Dec,4,1,1,1,Returning_Visitor,False,False
0.0,0.0,0.0,0.0,26.0,662.835,0.015168594,0.030338857,0.0,0.0,Nov,3,2,1,3,Returning_Visitor,False,False
0.0,0.0,0.0,0.0,16.0,634.08417,0.007903724,0.04,0.0,0.0,Nov,3,2,1,1,Returning_Visitor,False,False
0.0,0.0,0.0,0.0,41.551903,1153.7943,0.0071521313,0.027661089,0.0,0.0,Aug,4,1,1,2,Returning_Visitor,True,False
0.0,0.0,0.0,0.0,21.0,599.2349,0.0,0.02353012,0.0,0.0,Nov,3,2,1,2,Returning_Visitor,True,False
0.0,0.0,0.0,0.0,37.0,1037.6346,0.0,0.02,0.0,0.0,Aug,4,4,7,2,Returning_Visitor,False,False
0.0,0.0,0.0,0.0,5.0,88.726074,0.0,0.037696555,0.0,0.0,Dec,2,2,7,9,Returning_Visitor,False,False
0.0,0.0,0.0,0.0,39.0,688.90924,0.0,0.022723354,0.0,0.0,Nov,2,2,1,1,Returning_Visitor,False,False
4.0,102.36087,0.0,0.0,31.273582,1583.8052,0.014249584,0.03505112,0.0,0.0,Sep,4,2,7,1,Returning_Visitor,False,False
0.0,0.0,0.0,0.0,18.0,355.58203,0.022647977,0.037526675,0.0,0.0,Aug,3,2,1,1,Returning_Visitor,False,False
1.0,4.0,0.0,0.0,35.0,681.79987,0.006970807,0.026287027,0.0,0.0,Aug,2,2,1,13,Returning_Visitor,False,False
0.0,0.0,0.0,0.0,17.0,309.51944,0.0,0.03743391,0.0,0.0,Dec,2,2,1,9,Returning_Visitor,False,False
0.0,0.0,0.0,0.0,8.0,146.21194,0.0,0.05,0.0,0.0,Nov,4,2,1,9,Returning_Visitor,False,False
0.0,0.0,0.0,0.0,20.0,541.7353,0.005189662,0.02931481,0.0,0.0,Aug,4,2,1,2,Returning_Visitor,False,False
0.0,0.0,0.0,0.0,7.1938076,149.82726,0.0,0.036646787,0.0,0.0,Dec,2,2,1,1,Returning_Visitor,False,False
0.0,0.0,0.0,0.0,24.687492,585.36304,0.002670757,0.038297404,0.0,0.0,Dec,2,2,1,13,Returning_Visitor,False,False
2.0,27.023329,0.0,0.0,26.0,967.81757,0.0,0.023521151,0.0,0.0,Dec,2,2,4,1,Returning_Visitor,False,False
3.0,59.10557,0.0,0.0,28.0,650.65497,0.0,0.019008461,0.0,0.0,Dec,2,2,1,2,Returning_Visitor,False,False
5.0,104.16907,0.0,0.0,38.90291,1290.3159,0.0,0.016666668,8.534131,0.0,Aug,2,2,2,13,Returning_Visitor,False,True
0.0,0.0,0.0,0.0,11.0,201.32555,0.05,0.085329756,0.0,0.0,Dec,2,2,1,1,Returning_Visitor,False,False
0.0,0.0,0.0,0.0,9.0,130.05614,0.0,0.037780154,0.0,0.0,June,2,2,1,1,Returning_Visitor,False,False
0.0,0.0,0.0,0.0,17.0,332.22943,0.0,0.01730405,0.0,0.0,Dec,2,2,1,2,Returning_Visitor,False,False
0.0,0.0,0.0,0.0,25.0,344.48148,0.018181818,0.04369877,0.0,0.0,Dec,1,1,1,3,Returning_Visitor,False,False
0.0,0.0,0.0,0.0,19.0,353.78128,0.0,0.018598054,0.0,0.0,Dec,1,4,1,2,Returning_Visitor,False,False
3.0,43.442734,0.0,0.0,33.0,1007.27716,0.015384615,0.030624026,0.0,0.0,Dec,2,2,1,2,Returning_Visitor,False,False
0.0,0.0,0.0,0.0,7.118584,291.62625,0.0,0.04258352,0.0,0.0,Dec,2,2,3,2,Returning_Visitor,False,False
0.0,0.0,0.0,0.0,24.0,648.05524,0.01343065,0.03010908,0.0,0.0,Dec,2,2,7,1,Returning_Visitor,False,False
0.0,0.0,0.0,0.0,29.0,738.7167,0.0,0.018830072,0.0,0.0,Nov,2,2,1,13,Returning_Visitor,False,False
1.0,10.29863,0.0,0.0,17.0,573.455,0.02,0.05,0.0,0.0,Dec,2,2,1,1,Returning_Visitor,False,False
0.0,0.0,0.0,0.0,33.0,614.4943,0.0080935415,0.03174996,0.0,0.0,Aug,4,2,7,1,Returning_Visitor,False,False
0.0,0.0,0.0,0.0,47.0,1494.1533,0.0,0.012749107,0.0,0.0,Dec,1,2,7,2,Returning_Visitor,False,False
0.0,0.0,0.0,0.0,11.0,249.80434,0.0,0.030069048,0.0,0.0,Mar,2,2,6,8,Returning_Visitor,False,False
0.0,0.0,0.0,0.0,36.0,1205.4467,0.0029192695,0.016666668,0.0,0.0,Nov,2,2,1,2,Returning_Visitor,False,False
0.0,0.0,0.0,0.0,40.0,735.2244,0.00701834,0.0311151,0.0,0.0,Aug,2,2,1,1,Returning_Visitor,False,False
3.0,82.30308,0.0,0.0,29.0,899.2658,0.003781084,0.019828837,0.0,0.0,Nov,2,2,1,2,Returning_Visitor,False,False
0.0,0.0,0.0,0.0,30.152403,774.02795,0.007784222,0.02,0.0,0.0,Nov,1,1,9,2,Returning_Visitor,False,False
0.0,0.0,0.0,0.0,25.0,1110.5406,0.020109644,0.044444446,0.0,0.0,Dec,2,2,1,3,Returning_Visitor,False,False
0.0,0.0,0.0,0.0,12.0,481.34482,0.0,0.030260457,0.0,0.0,Jul,2,2,1,1,Returning_Visitor,False,False
4.0,60.293694,0.0,0.0,27.0,679.20557,0.0,0.018542605,0.0,0.0,Nov,2,2,1,1,Returning_Visitor,False,False
0.0,0.0,0.0,0.0,31.0,472.57217,0.0,0.01651571,0.0,0.0,Jul,2,2,7,1,Returning_Visitor,False,False
3.0,89.761444,0.0,0.0,28.0,645.5287,0.0,0.016666668,0.0,0.0,Sep,4,2,7,1,Returning_Visitor,False,False
5.0,77.211975,0.0,0.0,46.0,1178.405,0.0,0.014285714,0.0,0.0,Aug,2,2,1,9,Returning_Visitor,False,False
0.0,0.0,0.0,0.0,23.986664,707.8284,0.0,0.013924516,0.0,0.0,Dec,2,2,6,13,Returning_Visitor,False,False
0.0,0.0,0.0,0.0,24.0,489.39975,0.0,0.024904942,0.0,0.0,Dec,2,2,1,13,Returning_Visitor,False,False
0.0,0.0,0.0,0.0,40.0,1309.8849,0.0,0.016666668,0.0,0.0,Nov,2,2,6,2,Returning_Visitor,False,True
0.0,0.0,0.0,0.0,26.0,691.08545,0.0,0.019953907,0.0,0.0,Dec,2,2,1,2,Returning_Visitor,False,False
2.0,46.597816,0.0,0.0,17.0,501.83102,0.0,0.029004961,0.0,0.0,Dec,4,2,1,1,Returning_Visitor,False,False
3.0,76.15207,0.0,0.0,20.0,664.50055,0.0,0.016666668,0.0,0.0,Dec,2,2,1,13,Returning_Visitor,False,False
0.0,0.0,0.0,0.0,18.0,645.34247,0.0,0.02181989,0.0,0.0,Dec,2,2,9,2,Returning_Visitor,False,False
3.0,48.924644,0.0,0.0,30.0,987.36304,0.0,0.019557904,0.0,0.0,Dec,2,2,1,2,Returning_Visitor,False,False
2.0,45.078445,0.0,0.0,26.0,705.37134,0.027089039,0.04125896,0.0,0.0,Dec,2,2,1,1,Returning_Visitor,False,False
0.0,0.0,0.0,0.0,43.0,768.2107,0.0045630457,0.025,0.0,0.0,Aug,2,2,1,1,Returning_Visitor,False,False
0.0,0.0,0.0,0.0,27.0,671.87335,0.0,0.022993464,0.0,0.0,Aug,2,2,3,2,Returning_Visitor,False,False
0.0,0.0,0.0,0.0,14.0,227.83862,0.008234485,0.04830498,0.0,0.0,Dec,4,2,4,1,Returning_Visitor,False,False
0.0,0.0,0.0,0.0,44.0,1058.718,0.010532466,0.028571429,0.0,0.0,Aug,2,2,6,1,Returning_Visitor,False,False
0.0,0.0,0.0,0.0,31.29462,870.6647,0.0,0.026676666,0.0,0.0,Nov,2,2,1,1,Returning_Visitor,False,False
0.0,0.0,0.0,0.0,27.0,700.22736,0.0,0.02620267,0.0,0.0,Aug,2,2,4,2,Returning_Visitor,False,False
4.0,83.63101,0.0,0.0,27.0,732.02563,0.0,0.0110730715,0.0,0.0,Dec,4,2,2,2,Returning_Visitor,False,False
2.0,61.49011,0.0,0.0,37.0,1474.9016,0.0076616784,0.026115945,5.9494133,0.0,Dec,2,2,1,2,Returning_Visitor,False,False
0.0,0.0,0.0,0.0,18.0,494.5012,0.0127165355,0.03067702,0.0,0.0,Dec,2,4,9,2,Returning_Visitor,False,False
3.0,77.023735,0.0,0.0,17.0,501.31366,0.0,0.017352253,0.0,0.0,Dec,2,2,1,2,Returning_Visitor,False,False
0.0,0.0,0.0,0.0,27.0,609.94476,0.0124891,0.037315976,0.0,0.0,Dec,2,2,7,3,Returning_Visitor,False,False
0.0,0.0,0.0,0.0,30.0,722.27515,0.0,0.025,0.0,0.0,Nov,2,2,7,13,Returning_Visitor,False,False
3.0,53.38946,0.0,0.0,14.0,218.52759,0.0,0.02218298,0.0,0.0,Nov,4,1,1,2,Returning_Visitor,False,False
2.0,36.700275,0.0,0.0,27.0,606.6929,0.0,0.014268948,0.0,0.0,Dec,2,2,3,13,Returning_Visitor,False,False
6.0,119.74704,0.0,0.0,39.084965,1295.7129,0.0051322062,0.021606233,0.0,0.0,Dec,1,1,1,2,Returning_Visitor,False,False
3.0,74.30281,0.0,0.0,20.0,705.9112,0.0,0.014251354,0.0,0.0,Dec,2,2,1,2,Returning_Visitor,False,False
0.0,0.0,0.0,0.0,28.0,560.3924,0.0,0.012944205,0.0,0.0,Nov,2,2,7,1,Returning_Visitor,False,False
2.0,20.346727,0.0,0.0,35.0,735.3341,0.0,0.015440587,0.0,0.0,Dec,2,2,9,1,Returning_Visitor,False,False
0.0,0.0,0.0,0.0,13.0,290.07132,0.0,0.031789117,0.0,0.0,Nov,1,2,3,13,Returning_Visitor,False,False
0.0,0.0,0.0,0.0,17.0,554.26776,0.0,0.035444118,0.0,0.0,Nov,1,1,1,2,Returning_Visitor,False,False
0.0,0.0,0.0,0.0,26.514507,670.8674,0.0,0.020738779,0.0,0.0,Nov,2,2,1,13,Returning_Visitor,False,False
0.0,0.0,0.0,0.0,21.0,653.6086,0.0,0.03441978,0.0,0.0,Nov,1,2,1,2,Returning_Visitor,False,False
0.0,0.0,0.0,0.0,29.0,489.16907,0.0,0.0317627,0.0,0.0,Aug,2,4,1,2,Returning_Visitor,False,False
0.0,0.0,0.0,0.0,15.0,258.27277,0.0,0.027830012,0.0,0.0,Dec,2,2,1,3,Returning_Visitor,False,False
1.0,0.0,0.0,0.0,21.0,583.24677,0.0,0.030518895,0.0,0.0,Aug,2,2,7,1,Returning_Visitor,False,True
0.0,0.0,0.0,0.0,35.0,721.971,0.0079831155,0.025449991,0.0,0.0,Dec,2,2,1,13,Returning_Visitor,False,False
0.0,0.0,0.0,0.0,39.737965,1290.1805,0.0104157375,0.038818523,0.0,0.0,Dec,2,2,1,2,Returning_Visitor,False,False
0.0,0.0,0.0,0.0,30.0,1013.35455,0.0,0.022222223,0.0,0.0,Nov,4,4,9,2,Returning_Visitor,False,False
0.0,0.0,0.0,0.0,25.0,741.74854,0.0,0.01767341,0.0,0.0,Nov,4,2,4,2,Returning_Visitor,False,False
0.0,0.0,0.0,0.0,17.0,360.53778,0.0090103755,0.03333333,0.0,0.0,Nov,2,4,1,1,Returning_Visitor,False,False
0.0,0.0,0.0,0.0,28.669498,684.0263,0.0056092297,0.03333333,0.0,0.0,Nov,1,1,4,1,Returning_Visitor,False,False
3.0,67.75746,0.0,0.0,43.342762,1709.876,0.00732347,0.022503229,0.0,0.0,Dec,2,2,1,1,Returning_Visitor,False,False
3.0,43.532394,0.0,0.0,18.16288,449.79562,0.0,0.013333333,31.152777,0.0,Sep,2,2,1,2,Returning_Visitor,False,True
0.0,0.0,0.0,0.0,43.74971,1571.7484,0.008992065,0.0281276,0.0,0.0,Dec,2,2,2,13,Returning_Visitor,False,False
2.0,37.48664,0.0,0.0,21.0,605.90314,0.0,0.032530043,0.0,0.0,Dec,1,1,1,3,Returning_Visitor,False,False
1.0,4.394963,0.0,0.0,12.0,275.16162,0.0,0.027269436,0.0,0.0,Nov,2,4,1,8,Returning_Visitor,False,False
3.0,96.384575,0.0,0.0,39.0,1273.7374,0.0051444788,0.01834088,0.0,0.0,Jul,2,4,2,1,Returning_Visitor,False,False
4.0,83.25645,1.0,0.0,37.249653,1426.7043,0.0,0.017113678,0.0,0.0,Dec,2,2,1,2,Returning_Visitor,False,False
0.0,0.0,0.0,0.0,17.397558,334.27786,0.0,0.03333333,0.0,0.0,Dec,1,1,6,3,Returning_Visitor,False,False
0.0,0.0,0.0,0.0,22.0,564.8488,0.0,0.029503964,0.0,0.0,Dec,2,2,8,2,Returning_Visitor,False,False
0.0,0.0,0.0,0.0,25.324238,478.21646,0.0,0.02,0.0,0.0,Nov,1,2,4,2,Returning_Visitor,False,False
4.0,132.33734,3.0,164.32135,64.148994,2257.5928,0.0,0.01026348,30.797876,0.0,Dec,4,2,1,2,Returning_Visitor,False,True
0.0,0.0,0.0,0.0,26.0,582.4632,0.011223034,0.027266396,0.0,0.0,Jul,4,2,3,3,Returning_Visitor,False,False
6.0,112.4626,0.0,0.0,42.0,931.397,0.0,0.011336251,0.0,0.0,Dec,2,5,1,2,Returning_Visitor,False,False
0.0,0.0,0.0,0.0,29.0,664.5644,0.02283653,0.04329018,0.0,0.0,Aug,1,2,2,1,Returning_Visitor,False,False
3.0,49.779987,0.0,0.0,17.0,343.189,0.0,0.023702757,0.0,0.0,Dec,4,1,1,2,Returning_Visitor,False,False
0.0,0.0,0.0,0.0,24.0,1165.0646,0.019041665,0.04,0.0,0.0,Nov,4,2,1,13,Returning_Visitor,False,False
6.0,123.20816,0.0,0.0,80.27187,2843.6482,0.005419318,0.017077167,9.85068,0.0,Nov,2,2,7,1,Returning_Visitor,False,False
3.0,71.69078,0.0,0.0,44.7897,2211.0723,0.0,0.0125,0.0,0.0,Nov,2,2,7,9,Returning_Visitor,False,False
0.0,0.0,0.0,0.0,15.785205,250.86972,0.0,0.019348148,0.0,0.0,Aug,2,2,4,1,Returning_Visitor,False,False
0.0,0.0,0.0,0.0,9.0,238.41867,0.0,0.044159863,0.0,0.0,Nov,1,1,1,1,Returning_Visitor,False,False
0.0,0.0,0.0,0.0,12.0,252.39803,0.031624068,0.069435924,0.0,0.0,Nov,4,8,1,1,Returning_Visitor,False,False
5.0,151.435,0.0,0.0,46.0,1552.5387,0.0070589865,0.01910956,0.0,0.0,Nov,3,2,9,2,Returning_Visitor,False,False
0.0,0.0,0.0,0.0,10.0,188.60023,0.0,0.025,0.0,0.0,Nov,2,2,9,2,Returning_Visitor,False,False
3.0,76.992256,0.0,0.0,40.195145,1519.3009,0.0,0.02067309,0.0,0.0,Nov,4,2,1,2,Returning_Visitor,False,False
0.0,0.0,0.0,0.0,25.782518,686.8954,0.015384615,0.03277086,0.0,0.0,Dec,1,1,1,1,Returning_Visitor,False,False
0.0,0.0,0.0,0.0,23.0,372.772,0.0,0.029753765,0.0,0.0,Dec,2,2,1,2,Returning_Visitor,False,False
0.0,0.0,0.0,0.0,22.0,707.6191,0.0,0.011247665,0.0,0.0,Dec,2,2,9,2,New_Visitor,False,False
2.0,34.33036,0.0,0.0,28.0,731.065,0.0,0.011945544,0.0,0.0,Nov,2,2,1,13,Returning_Visitor,False,False
0.0,0.0,0.0,0.0,19.656658,468.91406,0.0,0.025509613,0.0,0.0,Nov,7,2,1,13,Returning_Visitor,False,False
4.0,65.38377,0.0,0.0,28.0,525.72095,0.008820589,0.029085718,0.0,0.0,Dec,2,1,1,1,Returning_Visitor,False,False
0.0,0.0,0.0,0.0,25.0,754.6368,0.0060175112,0.022993453,0.0,0.0,Mar,2,2,1,2,Returning_Visitor,False,False
0.0,0.0,0.0,0.0,14.0,373.99548,0.0,0.025691958,0.0,0.0,Nov,4,2,1,8,Returning_Visitor,False,False
0.0,0.0,0.0,0.0,19.765224,535.3314,0.0,0.010976697,0.0,0.0,Nov,1,2,3,2,Returning_Visitor,False,False
0.0,0.0,0.0,0.0,11.0,215.45335,0.0,0.05,0.0,0.0,Nov,2,2,7,1,Returning_Visitor,False,False
0.0,0.0,0.0,0.0,32.0,658.83203,0.0,0.025,0.0,0.0,Aug,2,2,3,2,Returning_Visitor,False,False
0.0,0.0,0.0,0.0,29.535963,597.27875,0.0,0.021002933,0.0,0.0,Dec,1,1,1,3,Returning_Visitor,False,False
0.0,0.0,0.0,0.0,16.0,275.98468,0.0,0.02104628,0.0,0.0,Nov,2,2,1,13,Returning_Visitor,False,False
4.8475223,64.0705,0.0,0.0,20.0,432.83414,0.0,0.028571429,0.0,0.0,Dec,2,2,1,2,Returning_Visitor,False,False
0.0,0.0,0.0,0.0,18.0,316.2148,0.0,0.019890761,0.0,0.0,Jul,2,2,4,3,Returning_Visitor,False,False
3.0,72.11505,0.0,0.0,19.0,586.7019,0.0,0.02,0.0,0.0,Dec,2,2,1,13,Returning_Visitor,False,False
5.0,127.38322,1.0,0.0,47.677082,1627.3279,0.011503856,0.021393368,13.500728,0.0,Nov,3,2,1,2,Returning_Visitor,True,True
0.0,0.0,0.0,0.0,18.0,363.6446,0.008330131,0.047305282,0.0,0.0,Nov,2,2,1,13,Returning_Visitor,False,False
0.0,0.0,0.0,0.0,24.0,929.29736,0.027052993,0.05,0.0,0.0,Sep,2,2,1,1,Returning_Visitor,False,False
2.0,36.05893,0.0,0.0,47.08729,1341.4235,0.0,0.011111111,7.3373733,0.0,Nov,2,2,3,2,Returning_Visitor,False,False
0.0,0.0,0.0,0.0,18.0,269.91528,0.022128137,0.04622432,0.0,0.0,Dec,4,2,1,1,Returning_Visitor,False,False
3.0,82.52442,0.0,0.0,22.0,337.0103,0.0,0.0131484745,0.0,0.0,Dec,4,1,9,3,New_Visitor,False,False
5.0,121.711,0.0,0.0,38.503357,1293.6562,0.0,0.015349256,16.040113,0.0,Dec,1,1,4,2,Returning_Visitor,False,False
3.0,40.942944,0.0,0.0,30.975815,632.0573,0.0047510797,0.025080292,0.0,0.0,Nov,2,2,1,2,Returning_Visitor,False,False
0.0,0.0,0.0,0.0,50.687855,1213.7648,0.0,0.017430741,0.0,0.0,Nov,4,4,1,2,Returning_Visitor,True,False
0.0,0.0,0.0,0.0,27.0,677.0167,0.0062844492,0.030014068,0.0,0.0,Dec,2,2,1,13,Returning_Visitor,False,False
3.0,32.648907,0.0,0.0,30.0,642.45435,0.0,0.014286063,0.0,0.0,Nov,2,2,1,2,Returning_Visitor,False,False
2.0,54.227104,0.0,0.0,40.12181,929.71423,0.0,0.0125,0.0,0.0,Dec,2,2,1,3,Returning_Visitor,False,False
0.0,0.0,0.0,0.0,9.950647,240.9091,0.0,0.04,0.0,0.0,Mar,4,2,7,1,Returning_Visitor,False,False
3.0,60.634113,0.0,0.0,34.14855,1300.9487,0.0,0.011764706,0.0,0.0,Aug,2,2,9,1,Returning_Visitor,False,False
0.0,0.0,0.0,0.0,26.0,608.48395,0.0,0.018185027,0.0,0.0,Nov,2,2,3,1,Returning_Visitor,True,False
0.0,0.0,0.0,0.0,26.0,430.50125,0.00763469,0.04,0.0,0.0,Dec,1,1,7,15,Returning_Visitor,False,False
0.0,0.0,0.0,0.0,25.0,498.35178,0.0016862055,0.03164175,0.0,0.0,Nov,2,2,3,1,Returning_Visitor,False,False
0.0,0.0,0.0,0.0,25.891779,653.4141,0.0,0.026132006,0.0,0.0,Dec,2,2,1,9,Returning_Visitor,True,False
0.0,0.0,0.0,0.0,16.0,247.36093,0.0,0.026018925,0.0,0.0,Nov,4,2,4,2,Returning_Visitor,True,False
2.0,67.8102,0.0,0.0,20.0,521.8695,0.0,0.019748386,0.0,0.0,Dec,1,1,2,2,Returning_Visitor,False,False
0.0,0.0,0.0,0.0,20.77063,347.92914,0.013694106,0.042919125,0.0,0.0,Dec,4,2,7,1,Returning_Visitor,False,False
1.0,22.212017,0.0,0.0,10.0,225.8777,0.0,0.009349091,0.0,0.0,Dec,2,4,1,9,Returning_Visitor,False,False
0.0,0.0,0.0,0.0,14.0,544.233,0.0,0.019089883,0.0,0.0,Aug,2,2,9,2,Returning_Visitor,False,False
0.0,0.0,0.0,0.0,28.0,792.6469,0.0125,0.02654076,0.0,0.0,Nov,3,2,7,3,Returning_Visitor,False,False
0.0,0.0,2.0,106.70953,34.0,876.70966,0.009467571,0.033948496,0.0,0.0,Dec,2,2,1,1,Returning_Visitor,False,False
0.0,0.0,0.0,0.0,19.0,494.52872,0.0,0.03357627,0.0,0.0,Nov,2,2,1,13,Returning_Visitor,False,False
0.0,0.0,0.0,0.0,20.0,589.0986,0.0,0.0257559,0.0,0.0,Nov,1,2,1,1,Returning_Visitor,False,False
3.0,45.504322,0.0,0.0,57.434547,2104.1614,0.0,0.009532769,0.0,0.0,Nov,2,2,7,13,Returning_Visitor,True,False
0.0,0.0,0.0,0.0,22.0,452.56268,0.02231862,0.04676928,0.0,0.0,Dec,3,2,1,8,Returning_Visitor,False,False
0.0,0.0,0.0,0.0,17.0,545.3749,0.0,0.015877731,0.0,0.0,Nov,3,2,2,1,Returning_Visitor,False,False
0.0,0.0,0.0,0.0,23.0,777.64325,0.0,0.012156906,21.274857,0.0,Dec,2,4,1,3,Returning_Visitor,False,False
3.0,30.922422,0.0,0.0,23.0,667.00464,0.0,0.017889556,0.0,0.0,Dec,2,2,1,2,Returning_Visitor,False,False
0.0,0.0,0.0,0.0,13.0,270.43405,0.009090909,0.037478216,0.0,0.0,Nov,1,1,1,1,Returning_Visitor,False,False
0.0,0.0,0.0,0.0,21.0,976.4641,0.0,0.012811152,23.54817,0.0,Dec,2,4,1,2,Returning_Visitor,False,True
0.0,0.0,0.0,0.0,14.0,315.02682,0.0,0.028012497,0.0,0.0,Dec,1,1,1,2,Returning_Visitor,False,False
4.0,68.28475,0.0,0.0,22.0,361.7347,0.0,0.013675571,0.0,0.0,Dec,2,2,7,1,Returning_Visitor,False,False
0.0,0.0,0.0,0.0,19.449137,344.58142,0.0,0.03167024,0.0,0.0,Dec,2,2,1,2,Returning_Visitor,False,False
4.0,63.334003,0.0,0.0,31.0,1404.5612,0.0,0.01980564,0.0,0.0,Dec,2,2,1,2,Returning_Visitor,False,False
0.0,0.0,0.0,0.0,24.226925,780.63605,0.0048770756,0.014285714,0.0,0.0,Nov,3,2,1,2,Returning_Visitor,False,False
0.0,0.0,0.0,0.0,25.0,665.4666,0.012015194,0.029116882,0.0,0.0,Dec,2,1,1,1,Returning_Visitor,False,False
2.0,35.134468,0.0,0.0,27.0,688.9538,0.0,0.026900727,0.0,0.0,Aug,1,4,2,1,Returning_Visitor,False,False
0.0,0.0,0.0,0.0,19.0,344.94296,0.021840101,0.05,0.0,0.0,Sep,2,2,1,1,Returning_Visitor,False,True
3.0,71.35458,0.0,0.0,10.0,267.2077,0.0,0.022402328,0.0,0.0,Aug,2,2,1,2,Returning_Visitor,False,False
0.0,0.0,0.0,0.0,21.0,381.51486,0.007564403,0.033264294,0.0,0.0,Nov,2,2,1,1,Returning_Visitor,False,False
3.0,138.1076,0.0,0.0,23.0,645.4421,0.005237221,0.02639761,0.0,0.0,Jul,1,1,3,13,Returning_Visitor,False,False
3.0,58.97611,0.0,0.0,24.6246,472.38235,0.0,0.03133179,0.0,0.0,Aug,1,1,3,1,Returning_Visitor,False,False
0.0,0.0,0.0,0.0,17.227991,642.1323,0.0,0.016336754,0.0,0.0,Nov,2,2,1,2,Returning_Visitor,False,False
0.0,0.0,0.0,0.0,25.0,651.86365,0.0,0.017323198,0.0,0.0,Nov,4,2,1,1,Returning_Visitor,False,False
2.0,90.288605,0.0,0.0,23.0,536.7769,0.004608911,0.023573184,0.0,0.0,Nov,1,1,1,2,Returning_Visitor,False,False
0.0,0.0,0.0,0.0,25.0,688.1187,0.010007362,0.04,0.0,0.0,Dec,2,5,7,1,Returning_Visitor,False,False
0.0,0.0,0.0,0.0,32.008118,695.20984,0.008333333,0.016666668,0.0,0.0,Aug,3,2,1,13,Returning_Visitor,False,False
2.0,17.598322,0.0,0.0,25.0,488.9282,0.0,0.008333333,0.0,0.0,Dec,2,2,6,2,Returning_Visitor,False,False
0.0,0.0,0.0,0.0,48.0,1953.4481,0.006734629,0.026691716,0.0,0.0,Nov,2,2,1,2,Returning_Visitor,False,False
0.0,0.0,0.0,0.0,24.457531,495.8634,0.009472004,0.028874645,0.0,0.0,Dec,2,2,1,2,Returning_Visitor,False,False
4.0,56.11159,0.0,0.0,17.0,594.2591,0.0,0.011178209,0.0,0.0,Nov,2,2,4,2,Returning_Visitor,False,False
1.0,8.519835,0.0,0.0,22.0,656.32605,0.03127076,0.05,0.0,0.0,Nov,2,2,1,1,Returning_Visitor,False,False
0.0,0.0,0.0,0.0,13.0,295.40503,0.0,0.036860276,0.0,0.0,Aug,2,2,9,1,Returning_Visitor,False,False
0.0,0.0,0.0,0.0,27.0,618.6926,0.0,0.02247874,0.0,0.0,Nov,4,1,1,19,Returning_Visitor,False,False
0.0,0.0,0.0,0.0,28.0,790.6672,0.009555152,0.026626926,0.0,0.0,Nov,2,2,4,1,Returning_Visitor,False,False
0.0,0.0,0.0,0.0,19.0,551.6606,0.0,0.028559165,0.0,0.0,Nov,2,2,1,3,Returning_Visitor,False,False
5.0,61.890404,0.0,0.0,28.0,624.1897,0.0,0.0207097,0.0,0.0,Aug,1,1,4,1,Returning_Visitor,False,False
0.0,0.0,0.0,0.0,26.0,839.0646,0.0,0.026321473,0.0,0.0,Nov,2,2,1,15,Returning_Visitor,False,False
0.0,0.0,0.0,0.0,34.314503,909.27264,0.014959281,0.03693504,0.0,0.0,Nov,3,2,1,13,Returning_Visitor,False,False
3.0,50.218212,0.0,0.0,28.0,723.80695,0.0,0.02,0.0,0.0,Dec,2,2,1,2,Returning_Visitor,False,False
2.0,61.828373,0.0,0.0,42.407475,2044.6028,0.0,0.009283671,3.9690397,0.0,Dec,2,2,1,2,Returning_Visitor,False,True
3.0,98.46166,0.0,0.0,37.0,574.9032,0.0,0.015738357,0.0,0.0,Dec,4,2,7,1,Returning_Visitor,False,False
0.0,0.0,0.0,0.0,50.9991,2282.9695,0.0,0.022276843,0.0,0.0,Nov,2,2,7,2,Returning_Visitor,False,False
0.0,0.0,0.0,0.0,30.0,1157.9128,0.018181818,0.04,0.0,0.0,Dec,1,1,1,1,Returning_Visitor,False,False
3.0,37.543808,0.0,0.0,15.713742,482.97073,0.0,0.015997546,0.0,0.0,Mar,2,2,4,2,Returning_Visitor,False,False
4.0,89.16392,0.0,0.0,39.0,1843.877,0.0,0.020908387,0.0,0.0,Dec,2,2,9,1,Returning_Visitor,False,True
3.0,143.46985,0.0,0.0,22.0,607.11884,0.00710907,0.03333333,0.0,0.0,Nov,1,1,1,1,Returning_Visitor,False,False
0.0,0.0,0.0,0.0,15.0,345.6827,0.0,0.022458546,0.0,0.0,Dec,1,1,1,18,Returning_Visitor,False,False
0.0,0.0,0.0,0.0,22.0,679.2054,0.0,0.011665206,0.0,0.0,May,2,2,1,3,Returning_Visitor,False,False
4.0,76.43185,0.0,0.0,39.0,959.407,0.01000689,0.025,0.0,0.0,May,2,2,1,4,Returning_Visitor,False,False
0.0,0.0,0.0,0.0,39.0,1156.739,0.0,0.016666668,0.0,0.0,Dec,2,2,1,9,Returning_Visitor,False,False
0.0,0.0,0.0,0.0,11.0,267.88562,0.0,0.028014597,0.0,0.0,Aug,2,4,1,3,Returning_Visitor,False,False
3.0,63.554935,0.0,0.0,26.0,648.5226,0.007444731,0.023208108,0.0,0.0,Nov,3,2,6,2,Returning_Visitor,False,False
3.0,90.22946,0.0,0.0,29.581179,632.8755,0.004685706,0.02162414,0.0,0.0,Sep,2,2,7,1,Returning_Visitor,False,False
3.0,45.094215,0.0,0.0,26.764757,1474.3424,0.0,0.018626831,0.0,0.0,Dec,2,2,1,2,Returning_Visitor,False,False
3.0,49.734375,0.0,0.0,29.0,600.4208,0.0,0.008910415,0.0,0.0,Mar,2,2,4,2,New_Visitor,False,False
0.0,0.0,0.0,0.0,8.0,196.23898,0.0,0.032196876,0.0,0.0,Dec,1,2,1,4,Returning_Visitor,False,False
2.0,49.71683,0.0,0.0,13.0,459.86682,0.0,0.016666668,0.0,0.0,Nov,2,2,6,2,Returning_Visitor,False,False
4.0,90.11528,0.0,0.0,39.0,1047.1334,0.0,0.014338994,7.0787725,0.0,Aug,2,2,9,1,Returning_Visitor,False,False
0.0,0.0,0.0,0.0,19.0,609.44116,0.007881714,0.030194324,0.0,0.0,Dec,4,2,1,2,Returning_Visitor,False,False
2.0,94.828476,0.0,0.0,39.0,1333.0309,0.015134924,0.031231208,0.0,0.0,Nov,3,2,1,1,Returning_Visitor,False,False
2.0,59.052055,0.0,0.0,36.0,1193.1688,0.009090909,0.027977278,8.188825,0.0,Nov,4,1,3,15,Returning_Visitor,False,False
5.0,64.66649,0.0,0.0,37.0,1122.0172,0.0,0.011311043,21.348137,0.0,May,2,2,4,3,Returning_Visitor,False,False
0.0,0.0,0.0,0.0,23.0,599.70715,0.016329527,0.04,0.0,0.0,Dec,7,2,1,13,Returning_Visitor,False,False
0.0,0.0,0.0,0.0,17.0,355.32507,0.006111006,0.034045566,0.0,0.0,Nov,2,4,1,3,Returning_Visitor,False,False
0.0,0.0,0.0,0.0,18.39914,420.7009,0.016942639,0.031645034,0.0,0.0,Nov,1,1,2,1,Returning_Visitor,False,False
0.0,0.0,0.0,0.0,18.0,693.07416,0.005558006,0.038854092,0.0,0.0,Nov,1,2,1,8,Returning_Visitor,False,False
0.0,0.0,0.0,0.0,16.0,327.35562,0.012186364,0.05,0.0,0.0,Dec,2,2,1,1,Returning_Visitor,False,False
0.0,0.0,0.0,0.0,5.0,75.0455,0.082891114,0.1,0.0,0.0,Aug,2,2,1,13,Returning_Visitor,False,False
5.0,149.70924,0.0,0.0,59.69683,2043.5717,0.008326705,0.018181818,8.320775,0.0,Aug,1,2,7,2,Returning_Visitor,False,False
0.0,0.0,0.0,0.0,9.816164,269.956,0.0,0.03551699,0.0,0.0,Dec,4,4,7,2,Returning_Visitor,False,False
0.0,0.0,0.0,0.0,24.096407,583.25653,0.0,0.018001048,0.0,0.0,Nov,2,2,1,1,Returning_Visitor,False,True
0.0,0.0,0.0,0.0,29.0,698.2982,0.0,0.018177588,0.0,0.0,Nov,2,2,7,2,Returning_Visitor,False,False
0.0,0.0,0.0,0.0,40.0,793.52814,0.0,0.00932095,0.0,0.0,Dec,2,2,3,2,Returning_Visitor,False,False
0.0,0.0,0.0,0.0,19.0,467.89914,0.0,0.023927419,0.0,0.0,Nov,1,1,7,2,Returning_Visitor,False,False
4.0,47.17454,0.0,0.0,36.30922,698.4986,0.0,0.018196769,0.0,0.0,Nov,4,2,1,13,Returning_Visitor,False,False
0.0,0.0,0.0,0.0,22.0,583.5018,0.0,0.026731612,0.0,0.0,Nov,2,4,9,1,Returning_Visitor,False,False
4.0,134.72794,0.0,0.0,48.457294,1747.4348,0.0043561985,0.021417528,0.0,0.0,Nov,2,2,4,2,Returning_Visitor,False,False
0.0,0.0,0.0,0.0,23.0,699.1387,0.0,0.01677271,0.0,0.0,Nov,2,2,2,2,Returning_Visitor,False,True
0.0,0.0,0.0,0.0,16.0,338.0764,0.0,0.027908502,0.0,0.0,Aug,2,2,1,1,Returning_Visitor,False,False
4.0,98.00721,0.0,0.0,45.540703,1318.3884,0.0,0.013091997,0.0,0.0,Dec,2,2,4,2,Returning_Visitor,False,False
5.0,180.42961,0.0,0.0,23.0,460.17865,0.0,0.011111111,0.0,0.0,Aug,1,2,1,2,Returning_Visitor,False,False
0.0,0.0,0.0,0.0,11.0,242.57553,0.0,0.02081313,0.0,0.0,Dec,2,2,9,2,Returning_Visitor,False,False
2.0,65.592354,0.0,0.0,22.0,523.39264,0.0,0.011627391,0.0,0.0,Dec,2,2,7,2,Returning_Visitor,False,False
0.0,0.0,0.0,0.0,24.0,584.9988,0.013881666,0.04,0.0,0.0,Nov,2,2,1,2,Returning_Visitor,False,False
0.0,0.0,0.0,0.0,24.0,718.5562,0.0,0.025772082,0.0,0.0,Nov,2,2,4,1,Returning_Visitor,False,False
0.0,0.0,0.0,0.0,22.0,653.7628,0.0,0.022222223,0.0,0.0,Nov,2,2,1,9,Returning_Visitor,False,False
0.0,0.0,0.0,0.0,24.0,663.57544,0.0,0.017851343,0.0,0.0,Dec,1,2,3,2,Returning_Visitor,False,False
0.0,0.0,0.0,0.0,24.0,688.2262,0.0125,0.032414272,0.0,0.0,May,2,2,1,1,Returning_Visitor,False,False
3.0,73.42381,0.0,0.0,78.76312,2628.3945,0.0,0.008322423,8.87384,0.0,Nov,2,2,9,1,Returning_Visitor,False,True
0.0,0.0,0.0,0.0,18.0,597.6887,0.0,0.030013036,0.0,0.0,Dec,2,2,7,1,Returning_Visitor,False,False
0.0,0.0,0.0,0.0,16.0,380.61636,0.0,0.02305709,0.0,0.0,Dec,1,2,9,2,Returning_Visitor,False,False
3.0,203.79546,0.0,0.0,12.0,263.13486,0.0,0.017503045,0.0,0.0,Dec,1,1,7,2,Returning_Visitor,False,False
0.0,0.0,0.0,0.0,20.0,589.1935,0.018907763,0.041181747,0.0,0.0,Nov,1,2,2,1,Returning_Visitor,False,False
0.0,0.0,0.0,0.0,22.0,495.4577,0.0,0.023010882,0.0,0.0,Dec,1,2,3,20,Returning_Visitor,False,True
2.0,58.10192,0.0,0.0,30.0,1087.8925,0.0,0.017706068,9.159597,0.0,Nov,2,4,1,13,Returning_Visitor,False,True
4.0,75.68397,0.0,0.0,36.02279,567.79205,0.0035827134,0.0114885755,0.0,0.0,Dec,2,2,1,2,New_Visitor,False,False
0.0,0.0,0.0,0.0,15.0,295.00183,0.031075848,0.0434274,0.0,0.0,Nov,1,2,1,13,Returning_Visitor,False,False
0.0,0.0,0.0,0.0,21.0,417.6972,0.0,0.021641847,0.0,0.0,Dec,1,2,2,2,Returning_Visitor,False,False
2.0,63.157692,0.0,0.0,15.0,518.8757,0.0,0.014805499,0.0,0.0,Dec,3,4,6,2,Returning_Visitor,False,False
3.0,73.2034,0.0,0.0,34.0,635.1753,0.0,0.011469275,0.0,0.0,Nov,1,2,1,2,Returning_Visitor,False,False
0.0,0.0,0.0,0.0,19.0,819.11194,0.0,0.019180369,0.0,0.0,Dec,4,2,1,20,Returning_Visitor,False,False
2.0,48.76114,0.0,0.0,38.0,1345.6454,0.009742804,0.029343719,0.0,0.0,Dec,2,2,1,3,Returning_Visitor,False,False
0.0,0.0,0.0,0.0,18.268242,599.71094,0.0,0.016666668,0.0,0.0,Nov,1,1,1,2,Returning_Visitor,False,False
0.0,0.0,0.0,0.0,8.0,187.34233,0.0,0.03333333,0.0,0.0,Dec,1,2,1,2,Returning_Visitor,False,False
2.0,54.6395,0.0,0.0,24.0,1033.9014,0.0,0.018654792,0.0,0.0,Nov,3,2,4,2,Returning_Visitor,False,False
3.0,74.3294,0.0,0.0,43.0,2191.5996,0.0,0.0125,0.0,0.0,Nov,2,2,6,3,Returning_Visitor,False,False
0.0,0.0,0.0,0.0,31.0,933.58813,0.0016129195,0.016422695,0.0,0.0,Dec,3,2,1,2,Returning_Visitor,False,False
0.0,0.0,0.0,0.0,15.0,264.9996,0.0,0.03181526,0.0,0.0,Dec,4,2,6,2,New_Visitor,False,False
4.0,45.937626,0.0,0.0,26.0,674.0494,0.0,0.009905313,0.0,0.0,Jul,2,2,4,2,Returning_Visitor,False,False
0.0,0.0,0.0,0.0,23.0,592.8815,0.0,0.034132205,0.0,0.0,Nov,2,2,6,1,Returning_Visitor,False,False
0.0,0.0,0.0,0.0,31.0,794.905,0.006522098,0.03333333,0.0,0.0,Nov,2,2,1,19,Returning_Visitor,False,False
0.0,0.0,0.0,0.0,28.0,903.0023,0.005865908,0.025249718,0.0,0.0,Dec,1,1,1,2,Returning_Visitor,False,False
3.0,98.25947,0.0,0.0,26.0,628.3636,0.008274066,0.02367043,0.0,0.0,Aug,3,2,1,2,Returning_Visitor,False,False
0.0,0.0,0.0,0.0,31.0,812.8813,0.0,0.01779799,0.0,0.0,Dec,1,2,1,2,Returning_Visitor,False,False
0.0,0.0,0.0,0.0,9.0,236.68668,0.0,0.03133807,0.0,0.0,Aug,1,1,6,1,Returning_Visitor,False,False
0.0,0.0,0.0,0.0,11.0,339.07065,0.0,0.033014473,0.0,0.0,Nov,2,2,3,2,Returning_Visitor,False,False
0.0,0.0,0.0,0.0,40.496094,725.9857,0.0,0.016969008,0.0,0.0,Nov,2,2,1,2,Returning_Visitor,False,False
0.0,0.0,0.0,0.0,13.0,251.2706,0.0,0.02969215,0.0,0.0,Dec,2,2,1,13,Returning_Visitor,False,False
3.0,55.672718,0.0,0.0,28.0,696.0785,0.010002981,0.022710335,0.0,0.0,Dec,1,2,1,3,Returning_Visitor,False,False
0.0,0.0,0.0,0.0,11.0,271.88974,0.0,0.016666668,0.0,0.0,Nov,2,2,2,8,Returning_Visitor,False,False
0.0,0.0,0.0,0.0,28.95795,606.83813,0.0,0.027136458,0.0,0.0,Dec,2,2,7,2,Returning_Visitor,False,False
3.0,79.13779,0.0,0.0,35.96078,1037.7295,0.008379485,0.025058351,0.0,0.0,Nov,2,2,1,1,Returning_Visitor,False,False
0.0,0.0,0.0,0.0,26.0,950.8086,0.013095488,0.036703564,0.0,0.0,Dec,2,2,7,2,Returning_Visitor,False,False
0.0,0.0,0.0,0.0,19.0,446.72836,0.015947258,0.04,0.0,0.0,Aug,1,1,1,3,Returning_Visitor,False,False
2.0,51.71391,0.0,0.0,29.0,1177.8087,0.0,0.016666668,0.0,0.0,Dec,2,2,1,2,Returning_Visitor,False,False
0.0,0.0,0.0,0.0,80.29929,2055.6445,0.0035903184,0.017865127,0.0,0.0,Nov,2,2,4,2,Returning_Visitor,False,True
0.0,0.0,0.0,0.0,27.0,653.0782,0.0,0.026438812,0.0,0.0,Nov,3,2,1,1,Returning_Visitor,False,False
0.0,0.0,0.0,0.0,21.0,364.10272,0.00081571145,0.029675197,0.0,0.0,Nov,1,2,3,3,Returning_Visitor,False,False
2.0,45.21288,0.0,0.0,57.95701,1424.1686,0.0024142924,0.016534999,0.0,0.0,Nov,2,2,7,2,Returning_Visitor,False,False
0.0,0.0,0.0,0.0,12.0,233.32414,0.0,0.05,0.0,0.0,Dec,2,2,1,1,Returning_Visitor,False,False
0.0,0.0,0.0,0.0,24.99292,653.5766,0.017500062,0.032192416,0.0,0.0,Aug,2,2,1,13,Returning_Visitor,False,False
0.0,0.0,0.0,0.0,27.0,656.5922,0.0,0.022720052,0.0,0.0,Dec,2,2,3,1,Returning_Visitor,False,False
0.0,0.0,0.0,0.0,16.0,294.45203,0.0,0.025,0.0,0.0,Dec,2,2,1,8,Returning_Visitor,False,False
5.0,83.385895,0.0,0.0,40.65483,1301.7009,0.0,0.011500558,0.0,0.0,Mar,2,2,1,1,Returning_Visitor,False,False
4.0,66.01732,0.0,0.0,43.0,1001.3753,0.0,0.02,0.0,0.0,Aug,2,2,3,1,Returning_Visitor,False,False
0.0,0.0,0.0,0.0,16.289179,508.02295,0.0,0.02563379,0.0,0.0,Dec,2,2,3,2,Returning_Visitor,False,False
3.0,54.68622,0.0,0.0,41.0,1623.5096,0.009775352,0.029029941,0.0,0.0,May,2,2,3,13,Returning_Visitor,False,False
3.0,66.27348,0.0,0.0,26.720045,627.04956,0.0,0.015616601,0.0,0.0,Dec,2,2,7,1,Returning_Visitor,False,False
2.0,59.95368,0.0,0.0,52.0,1994.6207,0.011156339,0.031079203,0.0,0.0,Dec,2,2,1,1,Returning_Visitor,False,False
4.0,156.04758,0.0,0.0,46.87309,1603.0159,0.009503051,0.022222223,0.0,0.0,Feb,1,2,7,2,Returning_Visitor,False,False
0.0,0.0,0.0,0.0,17.0,558.5196,0.0,0.024467975,0.0,0.0,Nov,2,2,1,13,Returning_Visitor,False,False
0.0,0.0,0.0,0.0,21.0,361.0681,0.003161324,0.03333333,0.0,0.0,May,1,2,1,13,Returning_Visitor,False,False
2.0,45.664467,0.0,0.0,44.0,1045.11,0.009042369,0.025080334,0.0,0.0,Dec,2,2,3,13,Returning_Visitor,False,False
4.0,91.40692,0.0,0.0,22.216684,407.58524,0.0,0.014871082,0.0,0.0,Dec,2,2,1,2,Returning_Visitor,False,False
3.0,59.617126,0.0,0.0,38.0,1021.5783,0.009499151,0.022141047,0.0,0.0,Dec,1,1,1,2,Returning_Visitor,False,False
0.0,0.0,0.0,0.0,15.0,254.0845,0.0,0.031325407,0.0,0.0,Nov,2,2,1,1,Returning_Visitor,False,False
3.0,78.31231,0.0,0.0,41.229115,809.64624,0.0,0.011111111,0.0,0.0,Nov,2,2,7,2,Returning_Visitor,False,False
0.0,0.0,0.0,0.0,17.0,392.72388,0.021525823,0.0377559,0.0,0.0,Dec,3,2,3,3,Returning_Visitor,False,False
0.0,0.0,0.0,0.0,29.0,734.3529,0.0,0.017033987,0.0,0.0,Aug,1,1,4,2,Returning_Visitor,False,False
0.0,0.0,0.0,0.0,13.0,198.29652,0.0125,0.05,0.0,0.0,May,2,2,3,1,Returning_Visitor,False,False
0.0,0.0,0.0,0.0,26.0,623.494,0.0,0.020845246,0.0,0.0,Nov,4,2,1,8,Returning_Visitor,False,False
0.0,0.0,0.0,0.0,21.0,685.13116,0.011878799,0.037666727,0.0,0.0,Dec,4,2,3,1,Returning_Visitor,False,False
5.0,145.12036,0.0,0.0,72.09054,3163.7441,0.005421083,0.020918952,8.94492,0.0,Nov,2,2,7,2,Returning_Visitor,False,True
0.0,0.0,0.0,0.0,16.0,400.1899,0.009103842,0.05,0.0,0.0,Dec,2,2,7,1,Returning_Visitor,False,False
0.0,0.0,0.0,0.0,4.0,34.949078,0.028571429,0.086601436,0.0,0.0,Dec,1,2,7,2,Returning_Visitor,False,False
0.0,0.0,0.0,0.0,10.0,184.59737,0.04,0.054569613,0.0,0.0,Dec,1,2,1,3,Returning_Visitor,False,False
0.0,0.0,0.0,0.0,23.0,671.1863,0.0,0.020531474,0.0,0.0,Nov,2,4,1,2,Returning_Visitor,False,False
0.0,0.0,0.0,0.0,24.0,423.42465,0.009074133,0.02083704,0.0,0.0,Sep,1,2,1,2,Returning_Visitor,True,False
3.0,59.683693,0.0,0.0,28.0,832.8152,0.0,0.0058819884,0.0,0.0,Dec,2,2,1,13,Returning_Visitor,False,False
3.0,52.069798,0.0,0.0,26.0,700.3002,0.0062871706,0.021402374,0.0,0.0,Dec,2,2,4,13,Returning_Visitor,False,False
2.0,21.948576,0.0,0.0,24.356688,475.29315,0.0,0.025,0.0,0.0,Dec,2,4,3,1,Returning_Visitor,False,False
2.0,62.55093,0.0,0.0,47.713867,1775.5391,0.005322069,0.021289123,10.271479,0.0,Dec,2,2,3,1,Returning_Visitor,False,True
0.0,0.0,0.0,0.0,27.0,642.48224,0.024738137,0.04153845,0.0,0.0,Dec,3,2,1,1,Returning_Visitor,False,False
0.0,0.0,0.0,0.0,25.0,685.73254,0.015642982,0.035720956,0.0,0.0,Dec,2,2,2,2,Returning_Visitor,False,False
0.0,0.0,0.0,0.0,21.0,590.5445,0.0,0.021985507,0.0,0.0,Aug,2,2,1,2,Returning_Visitor,False,False
0.0,0.0,0.0,0.0,11.0,266.46924,0.0,0.038408477,0.0,0.0,Dec,2,5,1,8,Returning_Visitor,False,False
4.0,99.17139,0.0,0.0,19.0,468.3219,0.0,0.016666668,0.0,0.0,Nov,1,2,1,2,Returning_Visitor,False,False
0.0,0.0,0.0,0.0,18.0,462.40213,0.0,0.023287488,0.0,0.0,Nov,2,4,1,1,Returning_Visitor,False,False
0.0,0.0,0.0,0.0,28.97916,526.2591,0.0069979853,0.027199471,0.0,0.0,Dec,2,2,1,13,Returning_Visitor,False,False
3.0,57.02093,0.0,0.0,24.279135,540.9334,0.0,0.009474522,0.0,0.0,Mar,2,2,1,2,Returning_Visitor,False,False
0.0,0.0,0.0,0.0,18.0,514.4487,0.0,0.019567516,0.0,0.0,Aug,1,1,1,3,Returning_Visitor,False,False
3.0,53.483665,0.0,0.0,16.0,337.27744,0.0,0.021409733,0.0,0.0,Dec,2,2,9,1,Returning_Visitor,False,False
0.0,0.0,0.0,0.0,39.0,979.07416,0.0,0.024682663,0.0,0.0,Dec,2,2,1,3,Returning_Visitor,False,False
0.0,0.0,0.0,0.0,26.0,699.7358,0.0,0.012864262,0.0,0.0,Nov,1,4,7,2,Returning_Visitor,False,False
3.0,50.859818,0.0,0.0,25.0,519.9498,0.025859294,0.046206553,0.0,0.0,Aug,7,2,7,1,Returning_Visitor,False,False
4.0,86.529495,0.0,0.0,36.0,647.3756,0.0,0.016086895,0.0,0.0,Nov,1,2,1,13,Returning_Visitor,False,False
4.0,88.04964,0.0,0.0,50.0,1424.782,0.0077446797,0.019218413,0.0,0.0,Jul,4,2,1,3,Returning_Visitor,False,False
5.0,83.00342,0.0,0.0,37.0,811.02216,0.0,0.014727335,13.054536,0.0,Sep,2,2,1,13,Returning_Visitor,False,False
0.0,0.0,0.0,0.0,21.0,452.81836,0.0,0.02282647,0.0,0.0,Jul,1,1,9,3,Returning_Visitor,False,False
5.0,122.0636,0.0,0.0,30.0,564.2518,0.0,0.010017657,0.0,0.0,Dec,4,2,1,10,Returning_Visitor,True,False
0.0,0.0,0.0,0.0,21.0,560.92316,0.0,0.023541315,0.0,0.0,Dec,2,2,1,3,Returning_Visitor,False,False
2.0,18.470922,0.0,0.0,31.0,677.211,0.0,0.015928043,0.0,0.0,Sep,2,2,1,13,Returning_Visitor,False,False
0.0,0.0,0.0,0.0,21.348555,528.6015,0.0,0.012637418,0.0,0.0,Nov,2,2,1,2,Returning_Visitor,False,False
0.0,0.0,0.0,0.0,29.0,1996.0778,0.0069911648,0.03133827,0.0,0.0,Nov,2,2,1,8,Returning_Visitor,False,False
3.0,93.28346,0.0,0.0,61.746468,2217.1924,0.0,0.015236479,0.0,0.0,Aug,2,2,1,2,Returning_Visitor,False,False
1.0,0.0,0.0,0.0,22.0,355.2635,0.0,0.025,0.0,0.0,Dec,4,2,3,3,Returning_Visitor,False,False
0.0,0.0,0.0,0.0,19.0,635.1649,0.0,0.018166957,0.0,0.0,Dec,2,2,3,2,Returning_Visitor,False,False
0.0,0.0,0.0,0.0,22.0,475.1662,0.0,0.01965004,0.0,0.0,Nov,2,2,1,2,Returning_Visitor,False,False
2.0,45.46443,0.0,0.0,13.753571,426.69812,0.0,0.0125,0.0,0.0,Nov,2,2,3,8,New_Visitor,False,False
0.0,0.0,0.0,0.0,38.158634,899.9512,0.003982048,0.023209263,0.0,0.0,Jul,2,2,1,2,Returning_Visitor,False,False
4.0,110.44564,0.0,0.0,42.803368,1641.9136,0.0,0.007125668,0.0,0.0,Nov,2,2,1,13,Returning_Visitor,False,True
2.0,23.269804,0.0,0.0,16.0,433.81943,0.0,0.019038333,0.0,0.0,Aug,2,2,1,1,Returning_Visitor,False,False
2.3852694,73.35013,0.0,0.0,37.0,1239.824,0.0,0.012666573,0.0,0.0,Jul,2,2,7,1,Returning_Visitor,False,False
0.0,0.0,0.0,0.0,14.0,279.7762,0.0,0.03333333,0.0,0.0,Dec,2,2,1,2,Returning_Visitor,False,False
0.0,0.0,0.0,0.0,24.0,680.2541,0.0,0.022222223,0.0,0.0,Dec,2,2,1,2,Returning_Visitor,False,False
0.0,0.0,0.0,0.0,13.56413,438.94513,0.03760424,0.06666667,0.0,0.0,Nov,2,2,1,1,Returning_Visitor,False,False
1.0,20.790348,0.0,0.0,20.0,334.9412,0.0,0.023487672,0.0,0.0,Dec,2,2,1,2,Returning_Visitor,False,False
3.0,51.495876,0.0,0.0,29.0,936.7614,0.0024935175,0.020281358,0.0,0.0,Mar,2,2,1,3,Returning_Visitor,False,False
2.0,24.46847,0.0,0.0,43.0,1556.3372,0.0,0.022207059,0.0,0.0,Aug,2,2,7,13,Returning_Visitor,False,True
0.0,0.0,0.0,0.0,26.967226,527.04474,0.0,0.018155836,0.0,0.0,Aug,2,2,1,2,Returning_Visitor,False,False
3.13949,63.26739,0.0,0.0,28.0,936.43164,0.003843289,0.022151258,10.245039,0.0,Mar,4,1,6,1,Returning_Visitor,False,True
0.0,0.0,0.0,0.0,41.64285,1008.3102,0.0,0.01636101,15.023364,0.0,Dec,2,2,1,3,Returning_Visitor,True,True
3.0,41.141094,0.0,0.0,27.0,1359.545,0.0,0.015840843,0.0,0.0,Nov,2,2,1,13,Returning_Visitor,False,False
2.0,33.41497,0.0,0.0,17.0,395.58524,0.0053857113,0.022222223,0.0,0.0,Nov,1,2,6,8,Returning_Visitor,False,False
2.0,50.855263,0.0,0.0,37.0,1740.2257,0.010162957,0.024752181,16.649635,0.0,Nov,4,2,9,2,Returning_Visitor,False,False
2.0,43.9054,0.0,0.0,33.0,707.10486,0.0,0.0076616383,0.0,0.0,Dec,2,2,6,2,Returning_Visitor,False,False
0.0,0.0,0.0,0.0,16.0,431.23154,0.030113498,0.06647967,0.0,0.0,Jul,1,1,1,3,Returning_Visitor,False,False
0.0,0.0,0.0,0.0,19.75494,504.69986,0.028571429,0.05,0.0,0.0,Dec,2,4,1,1,Returning_Visitor,False,False
0.0,0.0,0.0,0.0,9.0,271.2411,0.0,0.03239665,0.0,0.0,Nov,2,2,1,2,Returning_Visitor,False,False
0.0,0.0,0.0,0.0,11.0,324.33594,0.0,0.024721636,0.0,0.0,Nov,2,2,1,10,Returning_Visitor,False,False
3.0,98.55832,0.0,0.0,29.0,876.8954,0.0125,0.030800398,0.0,0.0,Aug,2,2,9,3,Returning_Visitor,False,False
6.0,143.04338,0.0,0.0,56.241936,2064.2437,0.0,0.013138875,0.0,0.0,Aug,2,2,1,2,Returning_Visitor,False,False
0.0,0.0,0.0,0.0,21.0,273.78647,0.0,0.02695587,0.0,0.0,Sep,1,2,4,1,Returning_Visitor,False,False
4.0,69.18881,0.0,0.0,26.431952,747.33466,0.007213685,0.019816462,0.0,0.0,Dec,2,2,1,2,Returning_Visitor,False,False
0.0,0.0,0.0,0.0,26.0,627.08594,0.017666863,0.044943683,0.0,0.0,Nov,2,2,4,13,Returning_Visitor,False,False
0.0,0.0,0.0,0.0,23.0,656.37067,0.0077819554,0.026629366,0.0,0.0,Dec,1,2,9,1,Returning_Visitor,False,False
0.0,0.0,0.0,0.0,7.0,142.97974,0.06439637,0.1,0.0,0.0,Dec,2,2,1,1,Returning_Visitor,False,False
2.0,40.4512,0.0,0.0,15.0,349.69238,0.0,0.01990068,0.0,0.0,Dec,2,2,7,2,Returning_Visitor,False,False
0.0,0.0,0.0,0.0,7.0,281.12927,0.0,0.03333333,0.0,0.0,Nov,2,4,4,2,Returning_Visitor,False,False
2.0,20.710978,0.0,0.0,14.0,593.7419,0.0,0.01865283,0.0,0.0,Aug,2,2,1,2,Returning_Visitor,False,False
1.0,34.47389,0.0,0.0,41.26796,1261.1212,0.014098527,0.03045184,0.0,0.0,Aug,3,2,1,2,Returning_Visitor,False,False
0.0,0.0,0.0,0.0,20.931747,582.7697,0.0,0.017426724,0.0,0.0,Dec,1,1,4,15,Returning_Visitor,False,False
6.0,95.339325,2.0,116.839035,53.0,1936.8042,0.0068734335,0.025,218.00995,0.0,Aug,2,4,1,2,Returning_Visitor,False,False
0.0,0.0,0.0,0.0,43.0,823.27203,0.0,0.02,0.0,0.0,Dec,2,2,1,13,Returning_Visitor,False,False
0.0,0.0,0.0,0.0,8.0,152.32487,0.0,0.025127143,0.0,0.0,Dec,4,1,3,1,Returning_Visitor,False,False
0.0,0.0,0.0,0.0,13.0,269.88025,0.0,0.028571429,0.0,0.0,Dec,2,2,1,2,Returning_Visitor,False,False
0.0,0.0,0.0,0.0,23.0,662.3404,0.0,0.02,0.0,0.0,Nov,2,2,7,1,Returning_Visitor,False,False
0.0,0.0,0.0,0.0,15.0,570.86554,0.03365179,0.06585077,0.0,0.0,Dec,2,2,6,2,Returning_Visitor,False,False
0.0,0.0,0.0,0.0,10.0,357.35117,0.0,0.026726993,0.0,0.0,Mar,2,2,7,3,Returning_Visitor,False,False
0.0,0.0,0.0,0.0,11.376698,241.23087,0.030360295,0.05691549,0.0,0.0,Jul,2,2,1,1,Returning_Visitor,False,False
0.0,0.0,0.0,0.0,16.0,616.6138,0.0,0.023793878,0.0,0.0,Nov,2,2,9,1,Returning_Visitor,False,False
3.0,43.830967,0.0,0.0,26.0,612.18,0.0,0.020554697,0.0,0.0,Aug,2,2,1,2,Returning_Visitor,False,False
0.0,0.0,0.0,0.0,21.0,343.8638,0.0,0.028331729,0.0,0.0,Dec,2,2,1,13,Returning_Visitor,False,False
0.0,0.0,0.0,0.0,19.0,480.03775,0.0,0.024403125,0.0,0.0,Nov,3,2,9,2,Returning_Visitor,False,False
0.0,0.0,0.0,0.0,34.231075,696.10583,0.0,0.01962556,0.0,0.0,Nov,2,2,1,3,Returning_Visitor,False,False
0.0,0.0,0.0,0.0,17.0,261.4468,0.0,0.033078365,0.0,0.0,Dec,1,2,1,13,Returning_Visitor,False,False
0.0,0.0,0.0,0.0,8.0,203.33275,0.0,0.054447856,0.0,0.0,Dec,4,2,1,9,Returning_Visitor,False,False
0.0,0.0,0.0,0.0,23.0,633.8674,0.0,0.014384616,0.0,0.0,Nov,1,1,1,3,Returning_Visitor,False,False
3.0,64.47342,0.0,0.0,31.693789,860.3323,0.011111111,0.03333333,0.0,0.0,Nov,2,2,2,1,Returning_Visitor,False,False
4.0,82.06165,0.0,0.0,42.0,1607.3982,0.008299038,0.025,0.0,0.0,Nov,2,2,1,2,Returning_Visitor,False,False
2.0,58.505524,0.0,0.0,12.0,250.59644,0.026345683,0.05,0.0,0.0,Aug,1,4,4,2,Returning_Visitor,False,False
0.0,0.0,0.0,0.0,9.567065,363.87842,0.0,0.03333333,0.0,0.0,Dec,3,2,1,3,Returning_Visitor,False,False
0.0,0.0,0.0,0.0,23.0,778.1044,0.01911233,0.034500778,0.0,0.0,Aug,1,2,9,1,Returning_Visitor,False,False
0.0,0.0,0.0,0.0,11.0,233.5858,0.033228945,0.05431987,0.0,0.0,Nov,1,4,1,1,Returning_Visitor,False,False
3.0,43.438663,0.0,0.0,30.0,1178.2235,0.0,0.018175822,0.0,0.0,Dec,2,2,1,2,Returning_Visitor,False,False
0.0,0.0,0.0,0.0,27.0,655.17615,0.012552383,0.03749995,0.0,0.0,Dec,2,4,1,14,Returning_Visitor,False,False
0.0,0.0,0.0,0.0,22.0,818.4305,0.0,0.022622496,0.0,0.0,Dec,2,2,1,13,Returning_Visitor,False,False
0.0,0.0,0.0,0.0,23.0,584.63885,0.0,0.026753651,0.0,0.0,Nov,4,1,1,3,Returning_Visitor,False,False
2.0,31.42638,0.0,0.0,39.0,1231.2274,0.0072100516,0.026990311,0.0,0.0,Nov,2,2,1,2,Returning_Visitor,False,False
4.0,63.80098,2.0,58.783546,34.0,644.54004,0.0,0.017549714,360.84213,0.0,Dec,2,2,1,8,Returning_Visitor,False,False
0.0,0.0,0.0,0.0,26.0,808.24615,0.02477898,0.05,0.0,0.0,Dec,4,2,4,1,Returning_Visitor,False,False
0.0,0.0,0.0,0.0,21.0,349.6316,0.0,0.026500365,0.0,0.0,Nov,2,2,1,2,Returning_Visitor,False,False
4.0,54.853466,0.0,0.0,29.0,835.9596,0.0,0.016666668,0.0,0.0,Dec,2,2,1,2,Returning_Visitor,False,False
2.0,45.932278,0.0,0.0,20.0,674.50415,0.0,0.015384615,0.0,0.0,Nov,2,4,6,1,Returning_Visitor,False,False
0.0,0.0,0.0,0.0,24.0,443.55966,0.007566487,0.040222865,0.0,0.0,Dec,2,2,8,1,Returning_Visitor,False,False
0.0,0.0,0.0,0.0,30.894844,1044.156,0.014285714,0.041022707,0.0,0.0,Dec,2,2,1,13,Returning_Visitor,False,False
0.0,0.0,0.0,0.0,10.0,227.251,0.0,0.036021397,0.0,0.0,Aug,1,1,1,3,Returning_Visitor,False,False
0.0,0.0,0.0,0.0,29.0,677.7259,0.0,0.020701045,0.0,0.0,Aug,4,1,3,1,Returning_Visitor,False,False
4.0,63.469738,0.0,0.0,27.11032,629.89233,0.0,0.022222223,0.0,0.0,Dec,2,2,9,2,Returning_Visitor,False,False
0.0,0.0,0.0,0.0,21.0,626.33887,0.0,0.030328887,0.0,0.0,Dec,2,4,1,13,Returning_Visitor,False,False
0.0,0.0,0.0,0.0,31.0,779.8819,0.0,0.02457713,0.0,0.0,Dec,1,2,4,2,Returning_Visitor,False,False
2.0,46.885464,0.0,0.0,24.0,664.03375,0.0,0.015564022,0.0,0.0,May,2,2,4,2,Returning_Visitor,False,False
0.0,0.0,0.0,0.0,27.532825,782.20544,0.0,0.024948765,0.0,0.0,Nov,2,2,1,3,Returning_Visitor,False,False
1.0,0.0,0.0,0.0,26.0,548.9236,0.018131828,0.03176963,0.0,0.0,Dec,3,2,1,13,Returning_Visitor,False,False
4.0,43.57582,0.0,0.0,23.177116,674.70264,0.0,0.014842881,21.02969,0.0,Aug,2,2,1,2,Returning_Visitor,False,False
2.0,41.298447,0.0,0.0,28.0,654.8466,0.0,0.013487395,0.0,0.0,Dec,2,2,3,2,Returning_Visitor,False,False
0.0,0.0,0.0,0.0,23.0,508.64484,0.017328225,0.035932463,0.0,0.0,Aug,2,2,1,1,Returning_Visitor,False,False
4.0,54.266834,0.0,0.0,27.0,777.97345,0.0,0.012368743,0.0,0.0,Aug,2,2,1,2,Returning_Visitor,False,False
4.1112614,77.42242,0.0,0.0,48.0,1444.7434,0.0060403277,0.020556062,0.0,0.0,Dec,2,2,7,1,Returning_Visitor,False,False
0.0,0.0,0.0,0.0,11.0,223.38867,0.0,0.033180322,0.0,0.0,Dec,2,2,7,1,New_Visitor,False,False
2.0,70.774216,0.0,0.0,29.0,777.15027,0.0,0.01200985,17.578508,0.0,Dec,2,2,7,2,Returning_Visitor,False,True
2.0,43.915245,0.0,0.0,38.0,1022.32294,0.0,0.016666668,0.0,0.0,Nov,2,2,1,1,Returning_Visitor,False,False
0.0,0.0,0.0,0.0,22.0,474.64972,0.021714156,0.06666667,0.0,0.0,May,4,1,1,1,Returning_Visitor,False,False
1.0,0.0,0.0,0.0,33.0,1044.9944,0.0,0.015947087,22.03901,0.0,Sep,2,2,1,1,Returning_Visitor,False,False
0.0,0.0,0.0,0.0,15.766534,451.39685,0.03333333,0.05,0.0,0.0,Dec,1,2,7,13,Returning_Visitor,False,False
0.0,0.0,0.0,0.0,21.0,410.1875,0.0,0.02922596,0.0,0.0,Aug,2,2,1,3,Returning_Visitor,False,False
6.0,125.71754,2.0,64.804184,91.07825,3376.0269,0.0048231785,0.017075589,8.688507,0.0,Dec,2,2,1,2,Returning_Visitor,False,True
0.0,0.0,0.0,0.0,17.0,558.11774,0.0,0.014401352,0.0,0.0,Dec,2,4,6,2,New_Visitor,False,False
6.0,139.92793,0.0,0.0,17.0,442.8884,0.0,0.02801159,0.0,0.0,Dec,4,2,1,10,Returning_Visitor,False,False
0.0,0.0,0.0,0.0,16.0,581.47504,0.0,0.028996743,0.0,0.0,Dec,2,2,1,1,Returning_Visitor,False,True
0.0,0.0,0.0,0.0,22.0,618.4205,0.0027956879,0.0361291,0.0,0.0,Dec,2,2,3,1,Returning_Visitor,False,False
3.0,55.620956,0.0,0.0,38.50283,819.2063,0.0125,0.027017282,0.0,0.0,Aug,3,2,1,1,Returning_Visitor,False,False
3.0,83.59295,0.0,0.0,22.0,356.2863,0.0050197635,0.032469094,0.0,0.0,Dec,4,2,7,1,Returning_Visitor,False,False
3.0,40.654644,0.0,0.0,15.0,264.0485,0.0,0.025,0.0,0.0,Dec,2,4,9,1,Returning_Visitor,False,False
0.0,0.0,0.0,0.0,16.0,471.24377,0.0,0.025741851,0.0,0.0,Dec,1,2,1,3,Returning_Visitor,False,False
0.0,0.0,0.0,0.0,26.0,666.5315,0.0094555635,0.032713234,0.0,0.0,Jul,2,2,1,13,Returning_Visitor,False,False
1.0,34.314186,0.0,0.0,35.0,846.7912,0.0,0.02138995,0.0,0.0,Nov,2,2,9,3,Returning_Visitor,False,False
3.0,62.126083,0.0,0.0,50.61899,1586.5038,0.0028399487,0.014837531,0.0,0.0,Dec,4,1,1,2,Returning_Visitor,False,False
0.0,0.0,0.0,0.0,42.0,1358.4401,0.0,0.01552484,0.0,0.0,Dec,2,2,9,2,Returning_Visitor,False,True
0.0,0.0,0.0,0.0,41.796825,1251.8068,0.0,0.025040539,0.0,0.0,Aug,2,2,1,1,Returning_Visitor,False,False
4.0,115.07374,0.0,0.0,56.45639,1714.1238,0.0,0.011111111,0.0,0.0,Nov,1,1,1,3,Returning_Visitor,False,False
0.0,0.0,0.0,0.0,17.371782,403.92697,0.019082343,0.05,0.0,0.0,Dec,2,2,3,1,Returning_Visitor,False,False
0.0,0.0,0.0,0.0,25.0,728.4648,0.0,0.02690156,0.0,0.0,Dec,2,2,3,4,Returning_Visitor,False,False
4.0,106.394875,0.0,0.0,27.0,703.90967,0.010029005,0.028153215,0.0,0.0,Dec,2,2,4,13,Returning_Visitor,False,False
0.0,0.0,0.0,0.0,18.134985,590.1693,0.0,0.03180654,0.0,0.0,Nov,1,1,9,15,Returning_Visitor,False,False
0.0,0.0,0.0,0.0,25.482962,753.8299,0.0,0.020456022,0.0,0.0,Dec,2,2,7,2,Returning_Visitor,False,False
3.0,51.030125,0.0,0.0,25.02434,477.63464,0.0,0.02257807,0.0,0.0,Nov,4,2,1,1,Returning_Visitor,False,False
0.0,0.0,0.0,0.0,22.0,582.03784,0.0,0.021540068,0.0,0.0,Aug,2,2,1,2,Returning_Visitor,False,False
0.0,0.0,0.0,0.0,27.0,815.32465,0.002018804,0.028571429,0.0,0.0,Dec,2,2,1,1,Returning_Visitor,False,False
3.0,56.14768,0.0,0.0,23.0,524.1504,0.012951659,0.027865058,0.0,0.0,Dec,1,2,1,2,Returning_Visitor,False,False
0.0,0.0,0.0,0.0,25.0,676.34106,0.008259977,0.028108194,0.0,0.0,Nov,4,1,1,1,Returning_Visitor,False,False
6.0,305.41513,0.0,0.0,31.0,1164.1676,0.0,0.009956265,0.0,0.0,Aug,3,2,1,8,Returning_Visitor,False,False
2.0,56.176346,0.0,0.0,20.0,677.94055,0.011384063,0.025195409,0.0,0.0,Aug,3,2,7,2,Returning_Visitor,False,False
0.0,0.0,0.0,0.0,14.0,320.6773,0.016666668,0.037227385,0.0,0.0,Nov,2,2,1,13,Returning_Visitor,False,False
0.0,0.0,0.0,0.0,18.0,314.08487,0.0,0.037209995,0.0,0.0,Aug,2,2,4,1,Returning_Visitor,False,False
0.0,0.0,0.0,0.0,13.0,309.1754,0.0,0.02240412,0.0,0.0,Dec,2,2,4,1,Returning_Visitor,False,False
0.0,0.0,0.0,0.0,24.0,621.795,0.0,0.020038392,0.0,0.0,Aug,1,2,1,2,Returning_Visitor,False,False
0.0,0.0,0.0,0.0,9.0,207.60616,0.0,0.03923401,0.0,0.0,Nov,2,2,1,2,Returning_Visitor,False,False
1.0,0.0,0.0,0.0,24.0,341.36108,0.018687593,0.036272366,0.0,0.0,Dec,1,1,1,1,Returning_Visitor,False,False
2.0,49.951588,0.0,0.0,38.362183,1680.4966,0.0,0.01471012,0.0,0.0,Nov,2,2,9,2,Returning_Visitor,False,False
1.0,12.350222,0.0,0.0,39.0,1381.7163,0.0,0.016666668,0.0,0.0,Nov,2,2,4,2,Returning_Visitor,False,False
6.0,167.58003,0.0,0.0,43.0,1432.7222,0.013365347,0.03316818,0.0,0.0,Dec,1,1,1,1,Returning_Visitor,False,False
3.0,46.012527,0.0,0.0,37.0,672.1837,0.0,0.016666668,0.0,0.0,Dec,2,2,1,13,Returning_Visitor,False,False
5.0,149.10403,0.0,0.0,37.0,952.7295,0.0,0.015931332,0.0,0.0,Dec,1,2,1,2,Returning_Visitor,False,False
0.0,0.0,0.0,0.0,19.0,283.96204,0.0,0.017973494,0.0,0.0,Dec,1,2,6,8,Returning_Visitor,False,False
3.0,59.458374,0.0,0.0,38.241707,1000.07355,0.008095399,0.021040369,0.0,0.0,Dec,1,2,1,2,Returning_Visitor,False,False
0.0,0.0,0.0,0.0,8.0,197.36429,0.0,0.042748656,0.0,0.0,Nov,2,4,6,1,Returning_Visitor,False,False
0.0,0.0,0.0,0.0,13.809836,242.90608,0.0,0.041521505,0.0,0.0,Aug,2,4,1,1,Returning_Visitor,False,False
0.0,0.0,0.0,0.0,7.0,249.94527,0.0,0.028040959,0.0,0.0,Nov,1,1,7,13,Returning_Visitor,False,False
2.0,41.457417,0.0,0.0,23.0,634.50793,0.0,0.014706462,0.0,0.0,Dec,2,4,1,1,New_Visitor,False,False
0.0,0.0,0.0,0.0,21.0,629.39465,0.0,0.027894475,0.0,0.0,Nov,2,2,1,2,Returning_Visitor,False,False
0.0,0.0,0.0,0.0,7.0,248.61443,0.0,0.020049836,0.0,0.0,Dec,2,2,1,2,New_Visitor,False,False
0.0,0.0,0.0,0.0,6.0,115.94794,0.0,0.05,0.0,0.0,Nov,2,2,1,1,Returning_Visitor,False,False
0.0,0.0,0.0,0.0,12.0,327.34576,0.03904617,0.07496553,0.0,0.0,Aug,2,2,9,1,Returning_Visitor,False,False
0.0,0.0,0.0,0.0,10.0,250.35457,0.0,0.031216517,0.0,0.0,Aug,2,4,6,2,Returning_Visitor,False,False
2.0,55.4171,0.0,0.0,15.0,310.99863,0.0,0.016008472,0.0,0.0,Aug,4,2,9,2,New_Visitor,False,False
0.0,0.0,0.0,0.0,36.0,591.2757,0.0,0.016666668,0.0,0.0,Jul,2,2,7,3,Returning_Visitor,False,False
0.0,0.0,0.0,0.0,19.0,378.05032,0.005578836,0.045596663,0.0,0.0,Jul,2,2,1,3,Returning_Visitor,False,False
0.0,0.0,0.0,0.0,15.0,317.2373,0.0,0.021468557,0.0,0.0,Aug,1,4,1,2,New_Visitor,False,True
0.0,0.0,0.0,0.0,23.0,430.12466,0.0,0.021979017,0.0,0.0,Dec,2,2,4,2,Returning_Visitor,False,True
8.0,135.18446,1.0,0.0,137.73584,4627.782,0.0,0.010518322,5.0796323,0.0,Dec,2,2,1,2,Returning_Visitor,False,True
1.0,3.8199453,0.0,0.0,41.0,1430.5841,0.003725365,0.016825704,10.868744,0.0,Nov,2,2,4,13,Returning_Visitor,False,True
0.0,0.0,0.0,0.0,8.0,271.46878,0.0,0.034746088,0.0,0.0,Dec,1,1,6,3,Returning_Visitor,False,False
4.0,180.84723,0.0,0.0,43.0817,1838.9581,0.0,0.016206209,0.0,0.0,Nov,2,2,1,2,Returning_Visitor,False,False
2.0,45.38752,0.0,0.0,16.782177,334.41202,0.0,0.024598105,0.0,0.0,Mar,4,2,6,1,Returning_Visitor,False,False
2.0,30.026571,0.0,0.0,32.0,693.81354,0.004828651,0.01592944,20.37903,0.0,Jul,2,4,7,2,Returning_Visitor,False,True
5.0,122.107864,0.0,0.0,30.0,875.88464,0.0,0.016753204,0.0,0.0,Aug,2,2,1,2,Returning_Visitor,False,False
3.0,57.26057,0.0,0.0,25.0,820.3695,0.0143817,0.031210585,0.0,0.0,Jul,2,2,9,1,Returning_Visitor,False,False
0.0,0.0,0.0,0.0,22.0,346.13373,0.0,0.026811985,0.0,0.0,Dec,2,2,1,3,Returning_Visitor,False,False
0.0,0.0,0.0,0.0,30.0,551.406,0.0095108,0.029286144,0.0,0.0,Dec,2,2,7,1,Returning_Visitor,False,False
0.0,0.0,0.0,0.0,12.0,344.02628,0.0,0.016666668,0.0,0.0,Nov,2,2,7,13,Returning_Visitor,False,False
0.0,0.0,0.0,0.0,23.0,650.5321,0.0,0.010049557,0.0,0.0,Nov,4,4,6,2,Returning_Visitor,False,False
0.0,0.0,0.0,0.0,20.29988,649.8022,0.0,0.0125,0.0,0.0,Nov,2,2,1,8,Returning_Visitor,False,False
0.0,0.0,0.0,0.0,13.0,247.77425,0.0,0.034707796,0.0,0.0,Nov,2,2,1,13,Returning_Visitor,False,False
0.0,0.0,0.0,0.0,12.0,172.35428,0.013266175,0.059914343,0.0,0.0,Jul,3,2,1,1,Returning_Visitor,False,False
0.0,0.0,0.0,0.0,11.0,255.03627,0.0,0.03648946,0.0,0.0,Aug,4,2,1,13,Returning_Visitor,False,False
0.0,0.0,0.0,0.0,14.0,437.0666,0.0,0.024350578,0.0,0.0,Nov,2,2,9,2,Returning_Visitor,False,False
0.0,0.0,0.0,0.0,12.544725,238.92253,0.004370775,0.03788948,0.0,0.0,Dec,3,2,9,3,Returning_Visitor,False,False
4.0,81.750755,0.0,0.0,37.0,1435.3036,0.0,0.011952353,19.657608,0.0,Nov,2,2,7,2,Returning_Visitor,False,True
3.0,57.347378,0.0,0.0,11.73591,548.9932,0.0,0.015639625,0.0,0.0,Aug,2,2,1,2,Returning_Visitor,False,False
4.0,65.3361,0.0,0.0,13.0,297.9559,0.0,0.016666668,0.0,0.0,Dec,2,2,1,9,New_Visitor,False,False
0.0,0.0,0.0,0.0,23.785345,652.6082,0.0,0.02,0.0,0.0,Nov,2,2,3,1,Returning_Visitor,False,False
0.0,0.0,0.0,0.0,23.0,494.44577,0.008283394,0.03309997,0.0,0.0,Nov,3,2,1,1,Returning_Visitor,False,False
0.0,0.0,0.0,0.0,10.0,343.43158,0.0,0.022105588,0.0,0.0,Aug,2,2,1,2,Returning_Visitor,False,False
0.0,0.0,0.0,0.0,38.0,964.0785,0.0055981884,0.022222223,0.0,0.0,Nov,2,2,7,1,Returning_Visitor,False,False
0.0,0.0,0.0,0.0,21.0,544.5801,0.005773461,0.035707187,0.0,0.0,Dec,3,2,1,3,Returning_Visitor,False,False
5.0,135.81587,1.0,0.0,25.71167,728.8079,0.0,0.014218544,0.0,0.0,Nov,1,1,1,2,Returning_Visitor,False,False
4.0,154.29845,0.0,0.0,60.0,1823.9824,0.0,0.016290706,8.243972,0.0,Dec,1,1,1,2,Returning_Visitor,False,False
0.0,0.0,0.0,0.0,30.0,1067.1901,0.0,0.027256973,0.0,0.0,Dec,2,5,1,2,Returning_Visitor,False,False
0.0,0.0,0.0,0.0,6.0,94.39539,0.05,0.1,0.0,0.0,Mar,2,8,9,3,Returning_Visitor,False,False
0.0,0.0,0.0,0.0,33.0,934.4814,0.0099177575,0.03333333,0.0,0.0,Dec,2,2,9,1,Returning_Visitor,False,False
3.0,49.106895,0.0,0.0,16.0,583.1312,0.0,0.018689426,0.0,0.0,Dec,2,2,1,8,Returning_Visitor,False,False
0.0,0.0,0.0,0.0,11.0,241.15874,0.0,0.05,0.0,0.0,Nov,2,2,1,1,Returning_Visitor,False,False
0.0,0.0,0.0,0.0,24.0,662.7572,0.0,0.018181818,0.0,0.0,Nov,1,2,3,13,Returning_Visitor,False,False
0.0,0.0,0.0,0.0,12.0,264.8143,0.0,0.042770874,0.0,0.0,Dec,2,12,9,13,Returning_Visitor,False,False
3.0,53.11505,0.0,0.0,28.0,653.5453,0.0,0.020074513,0.0,0.0,Dec,2,2,1,2,Returning_Visitor,False,False
0.0,0.0,0.0,0.0,23.0,629.704,0.0,0.026768142,0.0,0.0,Aug,2,2,1,8,Returning_Visitor,False,False
3.0,54.137985,0.0,0.0,60.336483,1763.7499,0.0044060326,0.020121148,0.0,0.0,Nov,2,2,1,1,Returning_Visitor,False,True
5.0,131.00197,0.0,0.0,39.0,1542.2572,0.0104741305,0.028110381,0.0,0.0,Dec,1,1,9,3,Returning_Visitor,False,False
2.0,40.314682,0.0,0.0,28.0,645.7359,0.008056504,0.019034386,0.0,0.0,Dec,1,2,6,2,Returning_Visitor,False,False
0.0,0.0,0.0,0.0,6.0,205.80994,0.0,0.05,0.0,0.0,Dec,1,1,6,1,Returning_Visitor,False,False
3.0,75.73195,0.0,0.0,41.43015,1169.8099,0.009268607,0.025157796,0.0,0.0,Dec,2,2,1,2,Returning_Visitor,False,False
1.0,0.0,0.0,0.0,24.0,807.52545,0.021976892,0.044444446,0.0,0.0,Aug,4,2,1,1,Returning_Visitor,False,False
0.0,0.0,0.0,0.0,12.111639,226.0917,0.0,0.04,0.0,0.0,Nov,2,2,1,1,Returning_Visitor,False,False
0.0,0.0,0.0,0.0,17.0,531.53485,0.0,0.025,0.0,0.0,Aug,2,2,1,8,Returning_Visitor,False,False
1.0,0.0,0.0,0.0,25.0,508.7004,0.014240463,0.03807981,0.0,0.0,Jul,3,2,1,13,Returning_Visitor,False,False
0.0,0.0,0.0,0.0,7.256622,180.96909,0.0,0.037579726,0.0,0.0,Nov,3,2,7,2,Returning_Visitor,False,False
1.0,0.0,0.0,0.0,34.659824,1013.2131,0.0,0.018622005,0.0,0.0,Dec,4,2,4,2,Returning_Visitor,False,False
3.0,47.151123,0.0,0.0,20.0,401.58798,0.0,0.016789088,0.0,0.0,Dec,4,2,7,2,Returning_Visitor,False,False
0.0,0.0,0.0,0.0,17.0,289.84836,0.0,0.028691895,0.0,0.0,Dec,1,2,1,2,Returning_Visitor,False,False
3.0,53.12369,0.0,0.0,38.51763,1523.0652,0.002900985,0.024144698,34.641636,0.0,Nov,2,2,6,15,Returning_Visitor,False,False
0.0,0.0,0.0,0.0,28.390097,695.3407,0.0074371714,0.026422925,0.0,0.0,Dec,4,2,1,2,Returning_Visitor,True,False
0.0,0.0,0.0,0.0,24.0,390.6276,0.0,0.037798606,0.0,0.0,Jul,3,2,1,13,Returning_Visitor,False,False
0.0,0.0,0.0,0.0,32.0,870.85626,0.0,0.009701183,23.548923,0.0,Nov,2,2,1,2,Returning_Visitor,False,True
2.0,44.26361,0.0,0.0,45.0,1302.0234,0.008981544,0.027481962,0.0,0.0,Dec,2,2,1,1,Returning_Visitor,False,False
3.0,72.267525,0.0,0.0,23.0,622.966,0.0,0.01145393,0.0,0.0,Aug,2,2,9,2,Returning_Visitor,False,False
3.0,54.684765,2.0,67.96694,60.0,2351.2246,0.00647968,0.022222223,359.41974,0.0,Aug,2,2,1,1,Returning_Visitor,False,True
0.0,0.0,0.0,0.0,11.0,171.93579,0.04,0.07145917,0.0,0.0,Mar,2,2,1,1,Returning_Visitor,False,False
0.0,0.0,0.0,0.0,11.0,362.72287,0.0,0.028066542,0.0,0.0,Dec,2,2,6,1,Returning_Visitor,False,False
0.0,0.0,0.0,0.0,30.0,692.0986,0.0,0.02,0.0,0.0,Dec,1,1,1,3,Returning_Visitor,False,False
4.0,86.27628,0.0,0.0,65.74877,2426.899,0.0,0.009152233,14.496184,0.0,Nov,2,2,1,2,Returning_Visitor,False,True
0.0,0.0,0.0,0.0,28.0,952.96173,0.0,0.022222223,0.0,0.0,Sep,2,2,4,3,Returning_Visitor,False,False
7.318467,199.99109,1.0,0.0,63.066788,2011.3912,0.00822198,0.0201327,0.0,0.0,Nov,1,2,1,8,Returning_Visitor,False,False
0.0,0.0,0.0,0.0,7.0,221.86932,0.0,0.05,0.0,0.0,Dec,2,2,1,1,Returning_Visitor,False,False
0.0,0.0,0.0,0.0,28.0,784.53253,0.0,0.02,0.0,0.0,Nov,2,2,6,13,Returning_Visitor,False,False
0.0,0.0,0.0,0.0,26.0,782.6873,0.0,0.02,0.0,0.0,Nov,2,2,1,1,Returning_Visitor,False,False
2.0,63.549904,0.0,0.0,45.343716,1915.8599,0.007458353,0.024845248,0.0,0.0,Dec,2,2,4,2,Returning_Visitor,False,False
0.0,0.0,0.0,0.0,12.0,306.08356,0.0,0.031113137,0.0,0.0,Aug,2,2,1,19,Returning_Visitor,False,False
0.0,0.0,0.0,0.0,19.0,411.6884,0.0,0.020071551,0.0,0.0,Dec,4,1,1,2,Returning_Visitor,False,False
0.0,0.0,0.0,0.0,10.0,295.2872,0.0,0.03998458,0.0,0.0,Dec,3,2,1,2,Returning_Visitor,False,False
0.0,0.0,0.0,0.0,28.0,651.8199,0.0,0.011600799,0.0,0.0,Nov,1,1,1,2,Returning_Visitor,False,False
0.0,0.0,0.0,0.0,20.0,672.6796,0.0,0.02430213,0.0,0.0,Dec,2,2,6,1,Returning_Visitor,False,False
0.0,0.0,0.0,0.0,25.149141,903.7977,0.01561423,0.03376092,0.0,0.0,Dec,1,2,1,13,Returning_Visitor,False,False
0.0,0.0,0.0,0.0,14.0,383.15137,0.0,0.014285714,0.0,0.0,Dec,2,2,1,13,Returning_Visitor,False,False
2.0,61.894566,0.0,0.0,19.0,681.906,0.025,0.04349203,0.0,0.0,Dec,2,2,7,1,Returning_Visitor,False,False
0.0,0.0,0.0,0.0,17.0,473.22433,0.0,0.022222223,0.0,0.0,Dec,1,2,6,1,Returning_Visitor,False,False
4.0,142.08014,0.0,0.0,39.0,785.97437,0.0,0.01080522,0.0,0.0,Dec,1,1,3,2,Returning_Visitor,False,False
5.0,55.7644,0.0,0.0,29.0,810.68896,0.0,0.022923524,0.0,0.0,Nov,2,2,1,9,Returning_Visitor,False,False
0.0,0.0,0.0,0.0,7.0,115.86857,0.0,0.05523308,0.0,0.0,Dec,3,2,4,3,Returning_Visitor,False,False
0.0,0.0,0.0,0.0,15.0,369.7036,0.0,0.031271897,0.0,0.0,Dec,2,2,1,13,Returning_Visitor,False,False
0.0,0.0,0.0,0.0,24.0,698.0616,0.010870291,0.028571429,0.0,0.0,Aug,1,2,1,2,Returning_Visitor,False,False
0.0,0.0,0.0,0.0,18.0,520.27136,0.0,0.02903344,0.0,0.0,Nov,4,2,1,1,Returning_Visitor,False,False
2.0,40.028324,0.0,0.0,22.0,636.5119,0.011240305,0.028571429,0.0,0.0,Nov,2,2,4,8,Returning_Visitor,False,False
0.0,0.0,0.0,0.0,22.0,665.4297,0.0,0.03333333,0.0,0.0,Aug,2,2,1,1,Returning_Visitor,False,False
4.0,94.86986,0.0,0.0,46.0,1240.2595,0.008137532,0.023566393,0.0,0.0,Nov,4,2,1,13,Returning_Visitor,False,False
0.0,0.0,0.0,0.0,26.323881,653.1283,0.0,0.015817082,0.0,0.0,Aug,2,1,1,2,Returning_Visitor,True,False
0.0,0.0,0.0,0.0,24.0,653.1432,0.0047737276,0.027061857,0.0,0.0,Nov,2,2,1,8,Returning_Visitor,False,False
3.0,59.57259,0.0,0.0,14.0,416.38538,0.0,0.016380407,0.0,0.0,Dec,2,2,1,8,Returning_Visitor,False,False
3.0,48.486652,0.0,0.0,27.0,729.5943,0.0,0.021415936,0.0,0.0,Nov,2,2,9,1,Returning_Visitor,False,False
0.0,0.0,0.0,0.0,16.0,393.30975,0.04,0.06666667,0.0,0.0,Dec,2,2,9,1,Returning_Visitor,False,False
0.0,0.0,0.0,0.0,23.511341,627.80426,0.0,0.025800955,0.0,0.0,Nov,2,2,1,13,Returning_Visitor,False,False
0.0,0.0,0.0,0.0,41.15324,882.91724,0.016569838,0.04475979,0.0,0.0,Dec,2,2,1,13,Returning_Visitor,False,False
0.0,0.0,0.0,0.0,15.731231,442.12244,0.0,0.03510184,0.0,0.0,Nov,2,2,1,3,Returning_Visitor,False,False
4.0,89.526344,2.4643462,58.122234,40.0,1307.3656,0.0062612304,0.025,0.0,0.0,Dec,2,2,1,13,Returning_Visitor,False,False
0.0,0.0,0.0,0.0,15.0,523.7093,0.0,0.01696518,0.0,0.0,Nov,1,1,1,3,Returning_Visitor,False,False
0.0,0.0,0.0,0.0,23.0,693.02966,0.0,0.021423526,0.0,0.0,Nov,2,2,1,1,Returning_Visitor,False,False
0.0,0.0,0.0,0.0,21.0,475.15482,0.006666667,0.01971934,0.0,0.0,Nov,1,2,4,2,Returning_Visitor,False,False
2.0,53.342953,0.0,0.0,37.0,1250.5847,0.0,0.023296537,0.0,0.0,Dec,2,2,1,13,Returning_Visitor,False,False
0.0,0.0,0.0,0.0,7.0,205.43394,0.0,0.03102294,0.0,0.0,Mar,4,4,7,3,Returning_Visitor,False,False
5.0,110.5102,0.0,0.0,39.29139,1203.809,0.0044395453,0.02,10.027777,0.0,Dec,4,2,1,2,Returning_Visitor,False,False
0.0,0.0,0.0,0.0,45.0,1178.4868,0.0,0.016227353,11.363883,0.0,Nov,1,1,1,1,Returning_Visitor,False,True
0.0,0.0,0.0,0.0,45.726032,1134.3832,0.008015653,0.025053812,0.0,0.0,Nov,3,2,1,1,Returning_Visitor,False,False
4.0,60.75658,0.0,0.0,37.0,689.2115,0.0026816335,0.016666668,0.0,0.0,Dec,4,1,1,1,Returning_Visitor,False,False
0.0,0.0,0.0,0.0,15.0,574.2595,0.0,0.022574723,0.0,0.0,Nov,2,2,1,13,Returning_Visitor,False,False
4.0,90.160126,0.0,0.0,44.18771,1395.5039,0.0,0.013648406,0.0,0.0,Dec,2,2,1,2,Returning_Visitor,False,False
4.0,82.37825,0.0,0.0,17.0,565.94653,0.0,0.016783793,0.0,0.0,Dec,2,2,1,1,Returning_Visitor,False,False
0.0,0.0,0.0,0.0,20.0,410.58154,0.023794875,0.05208902,0.0,0.0,Dec,2,2,4,1,Returning_Visitor,False,False
0.0,0.0,0.0,0.0,29.0,709.4055,0.0,0.015632099,0.0,0.0,Nov,3,2,1,2,Returning_Visitor,True,False
2.0,16.72068,0.0,0.0,21.0,308.08295,0.0,0.03333333,0.0,0.0,Aug,2,2,1,1,Returning_Visitor,False,False
0.0,0.0,0.0,0.0,17.95634,541.69446,0.0,0.017249152,0.0,0.0,Dec,2,4,1,2,Returning_Visitor,False,False
3.0,87.62582,0.0,0.0,30.150387,1057.3889,0.0125,0.03121628,0.0,0.0,Dec,3,2,9,2,Returning_Visitor,False,False
1.0,0.0,2.0,106.0368,125.32139,4017.5322,0.005410111,0.02125685,0.0,0.0,Jul,2,2,3,1,Returning_Visitor,False,False
0.0,0.0,0.0,0.0,34.903408,672.79724,0.0,0.023014473,0.0,0.0,Dec,2,4,1,1,Returning_Visitor,False,False
5.0,333.76407,2.9184866,196.51688,38.098045,1723.75,0.0,0.01593342,0.0,0.0,Dec,2,2,1,2,Returning_Visitor,False,False
0.0,0.0,0.0,0.0,36.90143,916.064,0.0,0.022222223,0.0,0.0,Dec,2,2,1,1,Returning_Visitor,False,False
3.0,83.74401,0.0,0.0,30.51725,773.452,0.011709329,0.027784893,0.0,0.0,Nov,1,2,7,13,Returning_Visitor,False,False
0.0,0.0,0.0,0.0,11.0,363.87137,0.0,0.027295878,0.0,0.0,Nov,2,2,1,2,Returning_Visitor,False,False
0.0,0.0,0.0,0.0,14.0,581.3767,0.022722505,0.04920998,0.0,0.0,Nov,2,2,3,1,Returning_Visitor,False,False
0.0,0.0,0.0,0.0,14.310573,548.3481,0.0,0.027258169,0.0,0.0,Aug,2,2,4,1,Returning_Visitor,False,False
3.0,56.73037,0.0,0.0,52.24422,2122.1887,0.0,0.011085632,361.76373,0.0,Dec,2,2,1,2,Returning_Visitor,True,False
5.0,68.84679,0.0,0.0,32.0,635.5755,0.0,0.025,0.0,0.0,Dec,2,2,1,1,Returning_Visitor,False,False
0.0,0.0,0.0,0.0,15.0,239.26474,0.005038953,0.04,0.0,0.0,Dec,1,2,1,3,Returning_Visitor,False,False
2.0,35.004005,0.0,0.0,39.0,1422.8193,0.006702628,0.025,0.0,0.0,Dec,2,2,1,13,Returning_Visitor,False,False
0.0,0.0,0.0,0.0,8.181493,245.41682,0.0,0.03536231,0.0,0.0,Dec,4,2,7,3,Returning_Visitor,False,False
3.0,40.4699,0.0,0.0,36.0,639.32074,0.0,0.024987979,0.0,0.0,Nov,2,2,4,2,Returning_Visitor,False,True
4.0,97.71209,2.0,58.53355,27.0,699.53033,0.01182076,0.022469964,0.0,0.0,Dec,1,2,1,1,Returning_Visitor,False,False
3.0,83.82597,0.0,0.0,22.0,566.9716,0.0,0.02469218,0.0,0.0,Nov,1,2,4,13,Returning_Visitor,False,False
0.0,0.0,0.0,0.0,18.453257,415.64606,0.022663692,0.04644499,0.0,0.0,Nov,1,2,1,2,Returning_Visitor,False,False
0.0,0.0,0.0,0.0,12.0,360.01193,0.035263784,0.07084013,0.0,0.0,Aug,4,2,1,3,Returning_Visitor,False,False
0.0,0.0,0.0,0.0,30.0,908.6538,0.0,0.017209731,5.6146398,0.0,Dec,2,2,9,2,Returning_Visitor,False,True
3.0,54.42521,0.0,0.0,25.640936,537.1324,0.0,0.011263949,0.0,0.0,Dec,2,2,3,9,Returning_Visitor,False,False
3.0,34.796215,0.0,0.0,27.99518,699.27795,0.010477987,0.03624425,0.0,0.0,Jul,2,2,1,2,Returning_Visitor,False,False
4.0,135.29533,0.0,0.0,33.963116,1366.001,0.010325066,0.021043513,0.0,0.0,Aug,4,2,1,8,Returning_Visitor,False,False
0.0,0.0,0.0,0.0,6.0,254.77223,0.0,0.053211067,0.0,0.0,Aug,3,2,1,1,Returning_Visitor,False,False
0.0,0.0,0.0,0.0,28.166868,908.2135,0.005669188,0.025989845,0.0,0.0,Nov,4,2,1,9,Returning_Visitor,False,False
0.0,0.0,0.0,0.0,34.20988,775.48016,0.004096425,0.022222223,0.0,0.0,Dec,1,2,6,1,Returning_Visitor,False,False
0.0,0.0,0.0,0.0,24.0,674.44574,0.02244532,0.046259116,0.0,0.0,Dec,1,1,1,2,Returning_Visitor,False,False
0.0,0.0,0.0,0.0,31.076094,735.3826,0.0,0.015463854,0.0,0.0,Nov,2,2,1,8,Returning_Visitor,False,False
0.0,0.0,0.0,0.0,44.0,1723.5559,0.0,0.011585123,0.0,0.0,Aug,2,2,1,2,Returning_Visitor,False,False
0.0,0.0,0.0,0.0,26.0,420.26907,0.006263642,0.025104716,0.0,0.0,Dec,1,2,2,13,Returning_Visitor,False,False
1.0,11.998208,0.0,0.0,25.0,616.60596,0.0,0.015623673,0.0,0.0,May,1,4,6,2,Returning_Visitor,False,False
3.0,80.14149,0.0,0.0,40.0,1288.385,0.0014640149,0.01802727,0.0,0.0,Nov,2,2,8,1,Returning_Visitor,False,False
3.0,27.511301,0.0,0.0,22.67654,698.4567,0.0,0.018344728,0.0,0.0,Nov,2,2,1,1,Returning_Visitor,False,False
0.0,0.0,0.0,0.0,49.502846,1433.1216,0.008333333,0.025,0.0,0.0,Nov,2,2,7,2,Returning_Visitor,False,False
3.0,81.67315,0.0,0.0,30.650517,1473.5865,0.0,0.023821345,0.0,0.0,Nov,2,4,4,3,Returning_Visitor,False,False
0.0,0.0,0.0,0.0,14.0,1125.4622,0.0,0.034004442,0.0,0.0,Dec,4,2,3,1,Returning_Visitor,False,False
0.0,0.0,0.0,0.0,12.0,260.1673,0.0049686953,0.05,0.0,0.0,Nov,2,2,1,2,Returning_Visitor,False,False
0.0,0.0,0.0,0.0,19.0,249.93613,0.0125,0.024818772,0.0,0.0,Nov,1,2,7,2,Returning_Visitor,False,False
0.0,0.0,0.0,0.0,11.0,231.12448,0.0,0.048504602,0.0,0.0,Dec,2,2,1,3,Returning_Visitor,False,False
0.0,0.0,0.0,0.0,48.345913,1224.9846,0.0054566166,0.018108763,0.0,0.0,Dec,2,2,1,1,Returning_Visitor,False,False
4.0,81.003265,0.0,0.0,43.0,1095.4557,0.0068122335,0.022222223,0.0,0.0,Nov,2,2,1,2,Returning_Visitor,False,False
3.0,73.874695,0.0,0.0,8.9953165,229.07219,0.0,0.02335914,0.0,0.0,Sep,4,2,1,1,Returning_Visitor,False,False
0.0,0.0,0.0,0.0,30.0,665.3309,0.010098953,0.027908834,0.0,0.0,Aug,1,1,6,8,Returning_Visitor,False,False
2.0,43.48383,0.0,0.0,39.0,933.5038,0.0046544173,0.025888495,0.0,0.0,Dec,4,2,1,1,Returning_Visitor,False,False
2.0,29.109928,0.0,0.0,18.0,689.68695,0.0,0.016616609,0.0,0.0,Nov,2,2,2,1,Returning_Visitor,False,False
3.0,53.296024,0.0,0.0,44.777878,1643.2874,0.0058784164,0.02841888,0.0,0.0,Nov,1,1,3,1,Returning_Visitor,False,False
0.0,0.0,0.0,0.0,56.0,1586.5123,0.0048240037,0.023385733,11.551521,0.0,Dec,4,4,4,2,Returning_Visitor,False,False
0.0,0.0,0.0,0.0,25.0,639.8823,0.0,0.018145723,0.0,0.0,Aug,4,2,7,9,New_Visitor,False,False
0.0,0.0,2.0,0.0,27.0,688.68976,0.0033065234,0.028291803,0.0,0.0,Nov,2,2,9,1,Returning_Visitor,False,False
0.0,0.0,0.0,0.0,26.0,698.4197,0.0,0.010355435,0.0,0.0,Nov,1,1,1,2,Returning_Visitor,False,True
3.0,70.829346,0.0,0.0,43.0,1178.4308,0.0,0.016040578,0.0,0.0,Aug,2,2,1,2,Returning_Visitor,False,False
4.0,105.5347,0.0,0.0,28.0,583.1251,0.015384615,0.024985872,0.0,0.0,Dec,3,2,3,2,Returning_Visitor,False,False
3.4504392,162.36673,0.0,0.0,24.0,494.31186,0.0,0.016666668,0.0,0.0,Dec,1,1,1,3,Returning_Visitor,False,False
0.0,0.0,0.0,0.0,16.837154,360.48862,0.0,0.02620139,0.0,0.0,Nov,3,2,1,1,Returning_Visitor,False,False
0.0,0.0,0.0,0.0,12.0,323.73245,0.0,0.03333333,0.0,0.0,Aug,4,5,2,9,Returning_Visitor,False,True
0.0,0.0,0.0,0.0,14.101695,232.9408,0.0,0.03991127,0.0,0.0,May,2,2,9,2,Returning_Visitor,False,False
0.0,0.0,0.0,0.0,15.0,278.8893,0.0,0.022173947,0.0,0.0,Nov,1,1,1,9,Returning_Visitor,False,False
4.0,74.17354,0.0,0.0,42.0,1233.1215,0.0030369016,0.02,0.0,0.0,Dec,2,2,1,8,Returning_Visitor,False,False
1.4231236,24.661684,0.0,0.0,56.73679,2024.5062,0.00513176,0.01853506,0.0,0.0,Dec,2,2,1,2,Returning_Visitor,False,False
0.0,0.0,0.0,0.0,27.195095,775.9333,0.02527555,0.04,0.0,0.0,Nov,3,2,4,13,Returning_Visitor,False,False
3.0,30.629728,0.0,0.0,17.0,360.8261,0.0,0.019644257,0.0,0.0,Jul,2,2,1,2,Returning_Visitor,False,False
0.0,0.0,0.0,0.0,15.0,229.25305,0.006205296,0.03546593,0.0,0.0,Dec,2,2,1,3,Returning_Visitor,False,False
4.0,58.885544,0.0,0.0,19.0,500.99966,0.0,0.017079415,0.0,0.0,Aug,2,2,1,2,Returning_Visitor,False,False
0.0,0.0,0.0,0.0,19.85622,567.9873,0.0,0.018166535,0.0,0.0,Nov,2,8,1,19,Returning_Visitor,False,False
0.0,0.0,0.0,0.0,13.127516,271.9392,0.031564333,0.05,0.0,0.0,Dec,1,2,3,3,Returning_Visitor,False,False
5.0,131.39262,0.0,0.0,47.779896,1800.8507,0.0,0.014304204,11.495733,0.0,Dec,2,2,1,2,Returning_Visitor,False,False
0.0,0.0,0.0,0.0,23.333206,466.2982,0.0,0.016666668,0.0,0.0,Aug,4,1,1,2,Returning_Visitor,False,False
2.0,50.06996,0.0,0.0,11.0,278.29752,0.0,0.017531915,0.0,0.0,Dec,4,2,3,2,Returning_Visitor,False,False
4.0,85.88567,0.0,0.0,68.295944,2388.1997,0.0047967206,0.02,0.0,0.0,Aug,2,2,1,2,Returning_Visitor,False,False
0.0,0.0,0.0,0.0,27.0,682.15137,0.0,0.02,0.0,0.0,Sep,2,2,1,1,Returning_Visitor,False,False
0.0,0.0,0.0,0.0,28.0,956.4414,0.010006434,0.03740936,0.0,0.0,Dec,2,2,1,2,Returning_Visitor,False,False
4.0,127.40288,0.0,0.0,23.983435,546.08826,0.0,0.011830225,0.0,0.0,Dec,4,1,4,2,New_Visitor,False,False
0.0,0.0,0.0,0.0,24.231625,653.87897,0.013739113,0.036951654,0.0,0.0,Dec,2,2,1,13,Returning_Visitor,False,False
0.0,0.0,0.0,0.0,31.0,607.9291,0.0,0.019276915,0.0,0.0,Dec,1,4,1,13,Returning_Visitor,False,False
0.0,0.0,0.0,0.0,16.735048,441.4395,0.0,0.026746009,0.0,0.0,Dec,2,2,6,2,Returning_Visitor,False,False
3.0,70.434654,0.0,0.0,32.26127,1421.3955,0.0,0.014285714,0.0,0.0,Dec,2,2,1,2,Returning_Visitor,False,False
0.0,0.0,0.0,0.0,21.0,680.0271,0.004055287,0.03333333,0.0,0.0,Dec,2,4,1,1,Returning_Visitor,True,False
0.0,0.0,0.0,0.0,28.0,710.33453,0.011433341,0.032142144,0.0,0.0,Sep,2,5,6,2,Returning_Visitor,False,False
0.0,0.0,0.0,0.0,34.439262,755.236,0.0,0.0137908785,0.0,0.0,Nov,1,2,2,2,Returning_Visitor,False,False
3.0,78.72467,2.0,87.27862,42.42293,1305.9026,0.0,0.018401006,8.041468,0.0,Sep,2,2,3,13,Returning_Visitor,False,False
6.0,176.81122,3.0,72.58246,45.80925,1971.9664,0.011749465,0.029767018,6.664979,0.0,Sep,4,2,1,1,Returning_Visitor,False,False
4.0,103.93761,0.0,0.0,37.0,926.63464,0.0,0.015384615,6.1125712,0.0,Dec,2,2,1,2,Returning_Visitor,False,False
0.0,0.0,0.0,0.0,16.0,471.7754,0.029306013,0.054740813,0.0,0.0,Dec,2,2,2,1,Returning_Visitor,False,False
1.0,15.175406,0.0,0.0,44.0,1881.1194,0.0,0.016666668,0.0,0.0,Dec,2,2,7,2,Returning_Visitor,False,False
0.0,0.0,0.0,0.0,36.0,844.16516,0.0,0.025,0.0,0.0,Nov,2,2,7,1,Returning_Visitor,False,False
3.0,40.02424,0.0,0.0,42.625645,1528.8313,0.003684047,0.0245787,0.0,0.0,May,2,2,6,3,Returning_Visitor,False,False
0.0,0.0,0.0,0.0,26.0,604.59247,0.007109146,0.016666668,0.0,0.0,Aug,3,2,4,13,Returning_Visitor,False,False
0.0,0.0,0.0,0.0,20.0,335.85452,0.0,0.03556075,0.0,0.0,Aug,2,2,1,1,Returning_Visitor,False,False
0.0,0.0,0.0,0.0,23.141619,712.7409,0.0,0.02249518,0.0,0.0,Nov,2,2,1,3,Returning_Visitor,False,False
0.0,0.0,0.0,0.0,14.0,618.4593,0.0,0.025,0.0,0.0,Dec,2,2,7,13,Returning_Visitor,False,False
0.0,0.0,0.0,0.0,23.0,654.00635,0.0,0.025,0.0,0.0,Dec,2,2,1,1,Returning_Visitor,False,False
0.0,0.0,0.0,0.0,23.0,706.3767,0.018202275,0.04586767,0.0,0.0,May,2,2,1,1,Returning_Visitor,False,False
3.0,55.309155,0.0,0.0,29.0,719.99396,0.0,0.005291739,0.0,0.0,Dec,2,2,1,2,Returning_Visitor,False,False
4.0,103.374535,0.0,0.0,44.51727,1380.016,0.0,0.015794747,10.178661,0.0,Nov,3,2,4,9,Returning_Visitor,False,False
0.0,0.0,0.0,0.0,18.167757,582.2188,0.0,0.02191934,0.0,0.0,Nov,1,1,1,2,Returning_Visitor,False,False
2.0,48.548275,0.0,0.0,17.0,274.70575,0.0,0.016046325,0.0,0.0,Dec,2,2,3,2,Returning_Visitor,False,False
5.0,103.16199,0.0,0.0,27.0,705.37,0.009920762,0.026402673,0.0,0.0,Jul,3,2,1,2,Returning_Visitor,False,False
6.0,135.28098,2.0,258.91742,54.635223,2018.6863,0.01398888,0.026690047,0.0,0.0,Aug,3,2,1,2,Returning_Visitor,False,False
0.0,0.0,0.0,0.0,26.0,1145.6427,0.014285714,0.03770531,0.0,0.0,Dec,2,8,6,1,Returning_Visitor,False,False
0.0,0.0,0.0,0.0,12.0,335.0277,0.026669294,0.04339225,0.0,0.0,Nov,6,2,1,2,Returning_Visitor,False,False
4.0,82.341866,0.0,0.0,40.806362,1492.9801,0.0,0.021567786,0.0,0.0,Dec,2,2,1,2,Returning_Visitor,False,False
4.0,73.12162,0.0,0.0,36.0,858.2942,0.0125,0.027160615,0.0,0.0,Dec,3,2,1,1,Returning_Visitor,False,False
0.0,0.0,0.0,0.0,40.0,1356.1931,0.0,0.019144244,0.0,0.0,Dec,4,2,7,1,Returning_Visitor,False,False
1.0,0.0,0.0,0.0,33.0,712.5977,0.0,0.023289679,0.0,0.0,Dec,2,2,7,13,Returning_Visitor,False,False
0.0,0.0,0.0,0.0,46.0,727.2081,0.0,0.016666668,0.0,0.0,Nov,2,2,1,3,Returning_Visitor,False,False
3.0,45.21314,0.0,0.0,17.0,436.7627,0.0,0.015348196,0.0,0.0,Dec,4,2,1,2,Returning_Visitor,False,True
0.0,0.0,0.0,0.0,26.07804,612.6673,0.0,0.018643072,0.0,0.0,Jul,2,7,7,2,Returning_Visitor,False,False
0.0,0.0,0.0,0.0,9.0,422.47702,0.0,0.03068392,0.0,0.0,Dec,3,2,1,2,Returning_Visitor,False,False
2.0,54.30425,0.0,0.0,37.0,688.8221,0.007185371,0.027748343,0.0,0.0,Nov,2,2,1,2,Returning_Visitor,False,False
0.0,0.0,0.0,0.0,24.0,582.90967,0.012057638,0.029763205,0.0,0.0,Aug,3,2,4,13,Returning_Visitor,False,False
0.0,0.0,0.0,0.0,14.0,276.6098,0.0,0.038938917,0.0,0.0,Nov,2,2,1,13,Returning_Visitor,False,False
3.0,49.495544,0.0,0.0,25.206766,1197.0476,0.0,0.018166173,0.0,0.0,Nov,2,2,1,2,Returning_Visitor,False,False
5.0,77.51553,0.0,0.0,28.999544,1440.3425,0.0,0.01575114,8.938561,0.0,Dec,2,2,1,2,Returning_Visitor,False,False
4.0,65.12226,0.0,0.0,38.0,760.89545,0.0,0.01727921,0.0,0.0,Dec,2,2,1,1,Returning_Visitor,False,False
2.0,37.61288,0.0,0.0,24.0,831.677,0.020814149,0.040784825,0.0,0.0,Dec,2,2,1,1,Returning_Visitor,False,False
3.0,61.455414,0.0,0.0,31.836777,815.4275,0.0125,0.031098608,0.0,0.0,Nov,4,2,1,3,Returning_Visitor,False,False
1.0,5.217405,0.0,0.0,38.0,963.4831,0.0031219097,0.029933533,0.0,0.0,Dec,2,2,4,3,Returning_Visitor,False,False
0.0,0.0,0.0,0.0,17.0,494.7471,0.02232007,0.036907133,0.0,0.0,Nov,1,1,4,10,Returning_Visitor,False,False
3.0,76.40645,0.0,0.0,30.0,845.7545,0.010105987,0.025060948,0.0,0.0,Dec,1,2,1,1,Returning_Visitor,False,False
2.0,32.551624,0.0,0.0,40.910557,1342.8988,0.0,0.014663701,60.002308,0.0,Nov,2,2,1,2,Returning_Visitor,False,True
0.0,0.0,0.0,0.0,21.0,370.68958,0.0,0.0071874466,0.0,0.0,Dec,2,2,6,2,New_Visitor,False,False
3.0,105.64956,0.0,0.0,40.0,978.7638,0.010003105,0.028571429,0.0,0.0,Aug,1,1,1,13,Returning_Visitor,False,False
0.0,0.0,0.0,0.0,22.0,348.19675,0.0,0.015535679,0.0,0.0,Aug,2,2,3,2,Returning_Visitor,False,False
4.0,81.82925,0.0,0.0,24.0,622.4869,0.0,0.013686161,0.0,0.0,Nov,2,2,4,2,Returning_Visitor,False,False
0.0,0.0,0.0,0.0,14.283544,496.93893,0.0,0.020120995,0.0,0.0,Aug,1,4,1,13,Returning_Visitor,False,False
0.0,0.0,0.0,0.0,24.0,822.26575,0.0,0.01795078,21.364353,0.0,Jul,1,2,1,13,Returning_Visitor,False,True
0.0,0.0,0.0,0.0,12.0,221.10986,0.03944088,0.06666667,0.0,0.0,Jul,1,2,1,1,Returning_Visitor,False,False
0.0,0.0,0.0,0.0,13.0,361.1685,0.0,0.04,0.0,0.0,Dec,2,2,1,1,Returning_Visitor,False,False
0.0,0.0,0.0,0.0,34.0,1222.9762,0.0132398745,0.038110808,0.0,0.0,Dec,2,2,1,2,Returning_Visitor,False,False
1.0,0.0,0.0,0.0,24.0,539.1751,0.0,0.016666668,0.0,0.0,Dec,2,2,3,3,Returning_Visitor,False,False
2.0,41.607197,0.0,0.0,14.0,283.21906,0.0,0.025914047,0.0,0.0,Dec,1,2,6,2,Returning_Visitor,False,False
0.0,0.0,0.0,0.0,22.0,558.0847,0.0,0.020781389,0.0,0.0,Nov,4,2,8,2,Returning_Visitor,True,False
4.0,103.717674,0.0,0.0,26.0,585.8046,0.0105545055,0.030193979,0.0,0.0,Dec,1,1,4,4,Returning_Visitor,False,False
0.0,0.0,0.0,0.0,24.0,643.58093,0.012592169,0.033701193,0.0,0.0,Aug,1,2,4,2,Returning_Visitor,True,False
0.0,0.0,0.0,0.0,25.0,504.81918,0.0,0.031631384,0.0,0.0,Dec,2,2,4,1,Returning_Visitor,False,False
2.0,23.20373,0.0,0.0,22.968348,555.4202,0.0,0.011999243,0.0,0.0,Dec,2,2,1,1,Returning_Visitor,False,False
0.0,0.0,0.0,0.0,22.0,728.82117,0.0,0.016159475,0.0,0.0,Dec,2,2,1,10,Returning_Visitor,False,False
0.0,0.0,0.0,0.0,11.0,307.56848,0.0,0.031625934,0.0,0.0,Dec,2,2,4,3,Returning_Visitor,False,False
0.0,0.0,0.0,0.0,19.0,325.50757,0.022886688,0.038266085,0.0,0.0,Dec,2,2,9,1,Returning_Visitor,False,False
0.0,0.0,0.0,0.0,10.0,359.07626,0.04541906,0.08688533,0.0,0.0,Dec,2,2,1,13,Returning_Visitor,False,False
3.0,75.85002,0.0,0.0,23.0,674.9291,0.013333333,0.03314295,0.0,0.0,Dec,1,1,1,1,Returning_Visitor,False,False
2.0,25.29099,0.0,0.0,17.0,354.71414,0.0,0.014277531,0.0,0.0,Nov,2,2,9,3,Returning_Visitor,False,False
0.0,0.0,0.0,0.0,18.0,333.95444,0.0,0.019234907,0.0,0.0,Dec,2,2,1,2,Returning_Visitor,False,True
4.0,117.01834,0.0,0.0,26.394678,671.5933,0.0,0.015923033,0.0,0.0,Nov,2,2,1,2,Returning_Visitor,False,False
3.0,54.89514,0.0,0.0,18.0,505.4018,0.016666668,0.03333333,0.0,0.0,Nov,2,2,6,1,Returning_Visitor,False,False
5.0,98.6565,0.0,0.0,30.0,676.2074,0.0,0.01815784,8.670744,0.0,Nov,4,2,4,2,Returning_Visitor,False,True
0.0,0.0,0.0,0.0,28.0,988.7181,0.013333333,0.029486895,0.0,0.0,Dec,2,2,1,8,Returning_Visitor,False,False
2.0,53.27678,0.0,0.0,22.351154,579.8058,0.0,0.014794749,0.0,0.0,Aug,2,2,1,2,Returning_Visitor,False,False
0.0,0.0,0.0,0.0,16.0,292.35547,0.0,0.035648666,0.0,0.0,Aug,2,2,2,1,Returning_Visitor,False,False
0.0,0.0,0.0,0.0,28.0,664.8161,0.010777402,0.029408857,0.0,0.0,Dec,2,2,1,3,Returning_Visitor,False,False
0.0,0.0,0.0,0.0,17.0,533.7829,0.0,0.012554978,17.760347,0.0,Nov,1,1,1,10,Returning_Visitor,False,True
0.0,0.0,0.0,0.0,31.435135,897.0954,0.0073332847,0.028902778,0.0,0.0,Nov,2,2,1,1,Returning_Visitor,False,False
0.0,0.0,0.0,0.0,14.745616,415.33652,0.0,0.028568698,0.0,0.0,Nov,2,2,1,1,Returning_Visitor,False,False
0.0,0.0,0.0,0.0,12.0,502.8047,0.0,0.023332644,0.0,0.0,Dec,2,4,1,13,Returning_Visitor,False,False
0.0,0.0,0.0,0.0,13.0,221.00523,0.04059614,0.05918534,0.0,0.0,Aug,1,2,1,3,Returning_Visitor,False,False
2.0,53.80321,0.0,0.0,36.0,1124.8853,0.009509859,0.03333333,0.0,0.0,Dec,7,2,7,1,Returning_Visitor,False,False
3.0,37.39188,0.0,0.0,31.0,645.85443,0.0049734223,0.027263273,0.0,0.0,Nov,2,2,1,3,Returning_Visitor,False,False
5.0,81.12553,1.0,0.0,50.909172,2491.2537,0.0050718454,0.016148876,8.601639,0.0,Nov,2,2,1,19,Returning_Visitor,False,False
1.0,2.7021286,0.0,0.0,19.0,483.81848,0.0,0.022222223,0.0,0.0,Dec,2,2,8,2,Returning_Visitor,False,False
3.0,50.98353,0.0,0.0,26.0,570.3452,0.0066149156,0.018698055,0.0,0.0,Aug,2,2,1,2,Returning_Visitor,False,False
0.0,0.0,0.0,0.0,13.0,415.46924,0.017137298,0.045046438,0.0,0.0,Dec,2,2,1,2,Returning_Visitor,False,False
0.0,0.0,0.0,0.0,25.0,560.0551,0.0,0.01634216,0.0,0.0,Nov,1,1,9,2,Returning_Visitor,False,False
0.0,0.0,0.0,0.0,8.0,230.60219,0.0,0.038998008,0.0,0.0,Nov,4,1,2,2,Returning_Visitor,False,False
3.0,62.39735,0.0,0.0,36.798904,788.6375,0.007129483,0.025,0.0,0.0,Dec,2,2,1,1,Returning_Visitor,False,False
2.0,40.380943,0.0,0.0,39.196465,1307.1329,0.0016267997,0.022222223,0.0,0.0,Dec,4,1,9,19,Returning_Visitor,False,False
2.0,66.86874,0.0,0.0,16.0,538.2574,0.0,0.015384615,0.0,0.0,Mar,1,1,1,2,Returning_Visitor,False,False
0.0,0.0,0.0,0.0,13.0,539.50385,0.0,0.03003126,0.0,0.0,Nov,2,2,1,3,Returning_Visitor,False,False
4.0,81.727684,0.0,0.0,26.0,601.6172,0.0024156051,0.015384615,0.0,0.0,Nov,4,2,3,2,Returning_Visitor,False,False
2.0,56.31966,0.0,0.0,18.0,364.3934,0.0,0.02582447,0.0,0.0,Dec,1,2,4,13,Returning_Visitor,False,False
2.0,33.300232,0.0,0.0,45.827377,1690.2166,0.0,0.012662719,0.0,0.0,Oct,2,2,1,1,Returning_Visitor,False,False
0.0,0.0,0.0,0.0,16.0,304.2804,0.015530384,0.037934836,0.0,0.0,Dec,1,2,4,1,Returning_Visitor,False,False
4.0,77.46974,0.0,0.0,60.0,1766.4565,0.0,0.013333333,22.847208,0.0,Aug,1,2,1,2,Returning_Visitor,False,False
0.0,0.0,0.0,0.0,14.0,416.15488,0.0,0.019243248,0.0,0.0,Dec,3,2,4,1,Returning_Visitor,False,False
0.0,0.0,0.0,0.0,17.0,235.35901,0.008620927,0.042452462,0.0,0.0,Dec,2,2,1,3,Returning_Visitor,False,False
4.0,116.38978,1.0,0.0,23.0,536.51,0.0,0.013041403,0.0,0.0,Dec,1,1,6,2,Returning_Visitor,False,False
4.0,114.855644,0.0,0.0,27.0,850.4737,0.015384615,0.03333333,0.0,0.0,Dec,2,2,4,1,Returning_Visitor,False,False
0.0,0.0,0.0,0.0,1.0,0.0,0.2,0.2,0.0,0.0,Aug,3,2,1,1,Returning_Visitor,False,False
0.0,0.0,0.0,0.0,28.649887,1431.1437,0.0,0.007777719,26.160706,0.0,Dec,2,2,1,2,Returning_Visitor,False,False
0.0,0.0,0.0,0.0,26.0,649.50385,0.010418735,0.028571429,0.0,0.0,May,4,2,1,3,Returning_Visitor,False,False
0.0,0.0,0.0,0.0,13.0,358.11255,0.0024490738,0.037190937,0.0,0.0,Nov,2,2,1,3,Returning_Visitor,False,False
0.0,0.0,0.0,0.0,14.0,341.1023,0.0,0.024778621,0.0,0.0,Nov,2,2,7,1,Returning_Visitor,False,False
0.0,0.0,0.0,0.0,29.78825,1102.4865,0.0,0.023797458,0.0,0.0,Nov,2,2,1,2,Returning_Visitor,False,False
0.0,0.0,0.0,0.0,13.0,197.87643,0.0,0.03333333,0.0,0.0,Nov,2,2,1,20,Returning_Visitor,False,False
0.0,0.0,0.0,0.0,39.0,1025.4388,0.0,0.020901794,295.2988,0.0,Aug,2,1,1,1,Returning_Visitor,False,False
0.0,0.0,0.0,0.0,14.0,619.48157,0.0,0.021085156,0.0,0.0,Dec,1,4,4,2,Returning_Visitor,False,False
0.0,0.0,0.0,0.0,21.0,675.2168,0.0,0.013333333,0.0,0.0,Nov,2,2,6,8,Returning_Visitor,False,False
3.0,108.14718,0.0,0.0,37.0,1374.9666,0.0,0.016631447,0.0,0.0,Jul,2,2,1,2,Returning_Visitor,False,False
0.0,0.0,0.0,0.0,28.0,630.6563,0.0,0.022430813,0.0,0.0,Nov,4,2,1,1,Returning_Visitor,False,False
5.0,59.52647,0.0,0.0,44.00094,1845.4926,0.0,0.013333333,0.0,0.0,Nov,2,2,1,2,Returning_Visitor,False,False
0.0,0.0,0.0,0.0,26.0,455.55792,0.0,0.025957013,0.0,0.0,Dec,2,2,9,13,Returning_Visitor,False,False
1.0,0.0,0.0,0.0,25.0,793.0237,0.0,0.022358477,0.0,0.0,Dec,2,2,1,2,Returning_Visitor,False,False
1.0,12.389247,2.0,150.94498,68.959656,2484.5737,0.015377735,0.027793748,13.676748,0.0,Dec,1,2,1,1,Returning_Visitor,False,False
0.0,0.0,0.0,0.0,15.0,346.97906,0.007692308,0.05,0.0,0.0,Aug,2,2,1,1,Returning_Visitor,False,False
0.0,0.0,0.0,0.0,17.0,660.4433,0.0,0.0296648,0.0,0.0,Jul,2,2,3,13,Returning_Visitor,False,False
0.0,0.0,0.0,0.0,15.0,270.17163,0.0210663,0.044769004,0.0,0.0,Dec,1,1,1,3,Returning_Visitor,False,False
0.0,0.0,0.0,0.0,27.0,581.9528,0.0,0.02593573,0.0,0.0,Dec,2,2,1,1,Returning_Visitor,False,True
0.0,0.0,0.0,0.0,13.0,223.35312,0.0,0.02873249,0.0,0.0,May,4,2,6,1,Returning_Visitor,False,False
3.0,91.26029,0.0,0.0,41.0,2014.7142,0.0,0.01871696,0.0,0.0,Nov,2,2,7,2,Returning_Visitor,False,False
0.0,0.0,0.0,0.0,36.088737,873.0239,0.0,0.018250195,0.0,0.0,Aug,1,1,1,13,Returning_Visitor,True,False
0.0,0.0,0.0,0.0,22.0,553.1525,0.013843007,0.028925154,0.0,0.0,Aug,3,2,1,2,Returning_Visitor,True,False
1.0,0.0,0.0,0.0,43.262352,1344.5077,0.0,0.016666668,0.0,0.0,Dec,2,4,7,2,Returning_Visitor,False,False
0.0,0.0,0.0,0.0,3.0,66.66679,0.0,0.059857972,0.0,0.0,Dec,4,2,3,1,Returning_Visitor,False,False
3.0,108.50138,0.0,0.0,20.933468,552.181,0.0,0.011111111,0.0,0.0,Dec,1,1,1,20,Returning_Visitor,False,False
3.0,96.658554,0.0,0.0,38.0,781.42114,0.009638625,0.031364523,0.0,0.0,Sep,4,1,7,1,Returning_Visitor,False,False
0.0,0.0,0.0,0.0,19.0,316.14407,0.0,0.02816857,0.0,0.0,Dec,2,2,1,1,Returning_Visitor,False,False
0.0,0.0,0.0,0.0,11.0,566.3894,0.0,0.018811017,0.0,0.0,Aug,2,4,7,2,Returning_Visitor,False,True
2.0,21.05642,0.0,0.0,23.0,475.2107,0.0,0.025,0.0,0.0,Aug,2,2,1,13,Returning_Visitor,False,False
2.9390335,51.635845,0.0,0.0,30.0,1009.83563,0.009888333,0.025482167,0.0,0.0,Dec,3,2,4,2,Returning_Visitor,False,False
0.0,0.0,0.0,0.0,19.0,559.6401,0.0,0.026844352,0.0,0.0,Jul,2,2,7,1,Returning_Visitor,False,False
3.0,48.300198,0.0,0.0,24.0,471.78745,0.0,0.0125,0.0,0.0,Dec,1,2,1,1,Returning_Visitor,False,False
0.0,0.0,0.0,0.0,26.0,509.87997,0.018521449,0.048390742,0.0,0.0,Nov,2,2,1,10,Returning_Visitor,False,False
2.0,25.910772,0.0,0.0,12.698328,273.66245,0.0,0.008333333,0.0,0.0,Sep,2,2,1,2,New_Visitor,False,True
0.0,0.0,0.0,0.0,34.0,665.86005,0.0,0.008726906,0.0,0.0,Aug,1,1,1,2,Returning_Visitor,False,True
0.0,0.0,0.0,0.0,20.0,808.42175,0.0,0.028103577,0.0,0.0,Dec,2,2,1,2,Returning_Visitor,False,False
0.0,0.0,0.0,0.0,38.11511,1159.189,0.0,0.012625464,0.0,0.0,Aug,4,2,3,2,Returning_Visitor,False,False
3.0,61.959846,0.0,0.0,59.33564,2169.0576,0.0041687684,0.021449728,9.551943,0.0,Nov,2,2,7,2,Returning_Visitor,False,False
0.0,0.0,0.0,0.0,19.51858,376.499,0.0,0.027957788,0.0,0.0,Aug,1,1,6,3,Returning_Visitor,False,False
2.0,26.716667,0.0,0.0,11.0,226.02657,0.0,0.024799794,0.0,0.0,Aug,2,2,4,2,Returning_Visitor,False,False
3.0,92.02122,0.0,0.0,31.0,1003.8473,0.008657637,0.022222223,0.0,0.0,Dec,1,1,7,2,Returning_Visitor,False,False
5.0,108.64099,0.0,0.0,26.257027,743.9869,0.0,0.013102928,0.0,0.0,Dec,2,2,1,2,Returning_Visitor,False,False
2.0,48.43529,0.0,0.0,43.73982,926.72546,0.0,0.01902975,20.696339,0.0,Dec,4,2,1,2,Returning_Visitor,False,True
3.0,51.360474,0.0,0.0,22.0,468.88446,0.005412938,0.02,0.0,0.0,Dec,2,4,3,2,Returning_Visitor,False,False
4.0,90.02783,0.0,0.0,62.38152,2092.949,0.00902123,0.022222223,10.71778,0.0,Nov,2,2,1,13,Returning_Visitor,False,False
0.0,0.0,0.0,0.0,13.0,219.47572,0.0,0.013618384,0.0,0.0,Dec,2,2,7,2,Returning_Visitor,False,False
2.0,44.132656,0.0,0.0,21.32918,477.53653,0.0,0.0125,0.0,0.0,Sep,2,2,7,3,Returning_Visitor,False,False
4.0,81.933655,0.0,0.0,27.0,707.96484,0.0,0.018240966,0.0,0.0,May,2,2,1,1,Returning_Visitor,False,False
0.0,0.0,0.0,0.0,31.092772,1235.7964,0.010323345,0.028571429,0.0,0.0,Nov,1,1,1,2,Returning_Visitor,False,False
0.0,0.0,0.0,0.0,8.0,169.85213,0.04,0.06666667,0.0,0.0,Nov,2,1,1,13,Returning_Visitor,False,False
0.0,0.0,0.0,0.0,18.141354,459.5675,0.0,0.03333333,0.0,0.0,Dec,2,2,1,1,Returning_Visitor,False,False
1.0,14.56272,0.0,0.0,19.0,401.0749,0.0,0.01701819,0.0,0.0,Dec,3,2,6,2,Returning_Visitor,False,False
0.0,0.0,0.0,0.0,26.0,1149.8341,0.014808266,0.044450175,0.0,0.0,May,2,2,1,2,Returning_Visitor,False,False
0.0,0.0,0.0,0.0,48.830383,1923.0685,0.0,0.023067765,0.0,0.0,Nov,2,2,1,1,Returning_Visitor,False,False
3.0,91.75016,0.0,0.0,15.0,585.2231,0.0,0.011349695,0.0,0.0,Nov,1,2,1,2,Returning_Visitor,False,False
0.0,0.0,0.0,0.0,25.519163,689.7401,0.028571429,0.046955697,0.0,0.0,Jul,3,2,3,3,Returning_Visitor,False,False
0.0,0.0,0.0,0.0,14.0,551.9556,0.0,0.024202185,0.0,0.0,Dec,4,1,1,3,Returning_Visitor,False,False
5.0,101.67828,0.0,0.0,20.0,559.56903,0.0,0.018584607,0.0,0.0,Aug,1,2,1,2,Returning_Visitor,False,True
0.0,0.0,0.0,0.0,23.0,619.3508,0.0,0.02221234,0.0,0.0,Nov,2,2,3,3,Returning_Visitor,False,False
3.0,53.395473,0.0,0.0,30.41504,666.8551,0.0,0.017062731,0.0,0.0,Dec,2,2,7,1,Returning_Visitor,False,False
0.0,0.0,0.0,0.0,32.0,911.7999,0.0,0.028859321,0.0,0.0,Nov,2,2,1,1,Returning_Visitor,False,False
4.0,78.0045,0.0,0.0,38.0,1380.7811,0.0,0.018049946,0.0,0.0,Aug,2,2,9,2,Returning_Visitor,False,False
4.427541,70.883865,0.0,0.0,35.0,1247.7349,0.0063254395,0.028571429,0.0,0.0,Dec,2,4,1,2,Returning_Visitor,False,False
0.0,0.0,0.0,0.0,78.24948,1870.2906,0.0004295801,0.018160557,0.0,0.0,Dec,2,2,1,2,Returning_Visitor,False,False
2.0,27.047735,0.0,0.0,18.0,431.95166,0.0,0.028117852,0.0,0.0,Dec,2,2,7,1,Returning_Visitor,False,False
0.0,0.0,0.0,0.0,25.0,928.0538,0.0,0.024703253,0.0,0.0,Dec,2,2,4,2,Returning_Visitor,False,False
0.0,0.0,0.0,0.0,4.0,118.51353,0.06666667,0.09552316,0.0,0.0,Aug,3,2,3,1,Returning_Visitor,False,False
0.0,0.0,0.0,0.0,15.0,315.5006,0.01867062,0.04281413,0.0,0.0,Dec,4,2,8,1,Returning_Visitor,False,False
2.6666813,30.52078,0.0,0.0,25.0,763.0111,0.0,0.017139941,0.0,0.0,Dec,2,2,1,2,Returning_Visitor,False,False
0.0,0.0,0.0,0.0,41.0,1244.5841,0.0010659666,0.016666668,0.0,0.0,Dec,4,2,1,13,Returning_Visitor,False,False
2.0,50.422882,0.0,0.0,33.0,679.0129,0.0,0.015455553,0.0,0.0,Dec,4,2,1,1,Returning_Visitor,False,False
0.0,0.0,0.0,0.0,32.27439,776.83386,0.0,0.025,0.0,0.0,Aug,2,2,7,1,Returning_Visitor,False,False
0.0,0.0,0.0,0.0,24.0,686.5643,0.0,0.016309613,0.0,0.0,Aug,2,2,1,2,Returning_Visitor,False,False
5.0,167.03793,0.0,0.0,27.0,813.8507,0.011111111,0.024588246,0.0,0.0,Dec,1,2,1,2,Returning_Visitor,False,False
3.0,87.443726,0.0,0.0,30.542273,943.7871,0.0,0.02144401,0.0,0.0,Dec,2,2,1,13,Returning_Visitor,False,False
0.0,0.0,0.0,0.0,28.0,779.2652,0.018279484,0.04096537,0.0,0.0,Nov,2,2,1,1,Returning_Visitor,False,False
0.0,0.0,0.0,0.0,16.758152,493.62714,0.0,0.01817507,0.0,0.0,Dec,2,2,1,2,New_Visitor,True,False
0.0,0.0,0.0,0.0,19.0,358.3294,0.0,0.025,0.0,0.0,Aug,2,2,4,2,Returning_Visitor,False,False
0.0,0.0,0.0,0.0,10.0,267.2693,0.0,0.042668488,0.0,0.0,Nov,2,2,1,1,Returning_Visitor,False,False
0.0,0.0,0.0,0.0,17.0,410.05145,0.0,0.02635067,0.0,0.0,Dec,2,2,1,1,Returning_Visitor,False,False
0.0,0.0,0.0,0.0,32.0,745.5534,0.0,0.02,0.0,0.0,Dec,2,2,1,1,Returning_Visitor,False,False
0.0,0.0,0.0,0.0,8.0,189.63982,0.0,0.025,0.0,0.0,Aug,1,2,2,2,Returning_Visitor,False,False
0.0,0.0,0.0,0.0,15.0,768.5476,0.0,0.018960996,0.0,0.0,Dec,4,2,9,2,Returning_Visitor,False,False
0.0,0.0,0.0,0.0,26.0,559.6296,0.0,0.018833175,0.0,0.0,Nov,4,2,7,8,Returning_Visitor,False,True
2.0,36.29368,0.0,0.0,18.770636,506.83688,0.005655054,0.025811514,0.0,0.0,Dec,2,2,1,2,Returning_Visitor,False,False
3.0,70.80583,0.0,0.0,29.0,548.34515,0.0,0.013807122,0.0,0.0,Dec,1,2,7,1,Returning_Visitor,False,False
5.0,96.8704,0.0,0.0,29.0,653.05414,0.0,0.009392906,0.0,0.0,Nov,2,4,1,2,Returning_Visitor,False,False
0.0,0.0,0.0,0.0,22.0,687.7758,0.0076199374,0.028043445,0.0,0.0,Aug,4,2,3,2,Returning_Visitor,False,False
0.0,0.0,0.0,0.0,15.0,274.07053,0.0,0.030217431,0.0,0.0,Dec,2,2,4,2,Returning_Visitor,False,False
4.0,96.93115,0.0,0.0,31.0,713.63525,0.0,0.016666668,0.0,0.0,Dec,2,2,4,2,Returning_Visitor,False,False
0.0,0.0,0.0,0.0,36.0,869.1961,0.005890061,0.029216774,0.0,0.0,Dec,2,2,1,3,Returning_Visitor,False,False
3.0,39.490753,0.0,0.0,36.130264,691.63544,0.005857107,0.022708923,0.0,0.0,Sep,2,2,3,2,Returning_Visitor,False,False
3.0,98.38428,0.0,0.0,22.0,701.6551,0.009806653,0.023079474,0.0,0.0,Dec,1,1,7,1,Returning_Visitor,False,False
0.0,0.0,0.0,0.0,22.0,637.17737,0.0189007,0.05,0.0,0.0,Nov,2,8,1,2,Returning_Visitor,False,False
0.0,0.0,0.0,0.0,10.0,149.72237,0.0,0.038002126,0.0,0.0,Dec,2,2,3,3,Returning_Visitor,False,False
0.0,0.0,0.0,0.0,21.0,547.48035,0.0,0.030229062,0.0,0.0,Dec,2,2,9,1,Returning_Visitor,False,False
4.0,142.44904,0.0,0.0,29.0,636.7336,0.009090909,0.016666668,0.0,0.0,Nov,1,1,1,2,New_Visitor,False,False
2.0,37.25242,0.0,0.0,23.800201,894.3007,0.0,0.011678089,0.0,0.0,Dec,2,2,1,8,Returning_Visitor,False,False
0.0,0.0,0.0,0.0,18.0,290.00934,0.008466513,0.021450449,0.0,0.0,Dec,1,1,1,18,Returning_Visitor,False,False
0.0,0.0,0.0,0.0,26.0,469.44397,0.015428573,0.036149856,0.0,0.0,Dec,3,2,1,1,Returning_Visitor,False,False
0.0,0.0,0.0,0.0,24.0,705.91943,0.023794258,0.04764032,0.0,0.0,Nov,2,2,1,3,Returning_Visitor,False,False
4.0,77.63946,0.0,0.0,35.53352,1088.944,0.006958376,0.020622335,47.967766,0.0,Nov,4,1,1,2,Returning_Visitor,False,False
0.0,0.0,0.0,0.0,8.979571,112.38691,0.039264236,0.06666667,0.0,0.0,Dec,2,2,1,1,Returning_Visitor,False,False
4.0,52.096764,0.0,0.0,28.0,615.0272,0.010004542,0.03025163,0.0,0.0,Dec,3,2,1,1,Returning_Visitor,False,False
3.0,80.200485,0.0,0.0,36.0,1614.3435,0.008454215,0.02730742,0.0,0.0,Sep,4,2,1,1,Returning_Visitor,False,False
3.0,48.97014,0.0,0.0,26.0,639.47656,0.014704063,0.03333333,0.0,0.0,Nov,2,2,1,1,Returning_Visitor,False,False
0.0,0.0,0.0,0.0,16.0,572.39636,0.0,0.020283703,0.0,0.0,Dec,2,2,9,9,Returning_Visitor,False,False
1.0,21.887741,0.0,0.0,52.0,1379.7933,0.0008533683,0.023281697,0.0,0.0,Nov,4,2,1,13,Returning_Visitor,False,False
0.0,0.0,0.0,0.0,26.623127,632.6114,0.01783263,0.039964806,0.0,0.0,Dec,2,4,7,1,Returning_Visitor,False,False
0.0,0.0,0.0,0.0,33.0,806.774,0.009993471,0.025,0.0,0.0,Dec,3,2,1,1,Returning_Visitor,False,False
0.0,0.0,0.0,0.0,42.509895,1226.8053,0.0,0.01660573,0.0,0.0,Nov,2,2,3,8,Returning_Visitor,False,False
0.0,0.0,0.0,0.0,21.0,741.3684,0.0,0.022352552,0.0,0.0,Aug,2,2,4,3,Returning_Visitor,False,False
0.0,0.0,0.0,0.0,18.0,393.58066,0.0,0.01053445,0.0,0.0,Nov,4,1,2,3,Returning_Visitor,False,False
0.0,0.0,0.0,0.0,13.0,268.95007,0.0,0.03642864,0.0,0.0,May,2,2,1,3,Returning_Visitor,False,False
3.0,48.4003,0.0,0.0,20.285934,483.96722,0.0,0.008695646,0.0,0.0,Nov,4,2,1,2,New_Visitor,False,False
0.0,0.0,0.0,0.0,33.0,781.95355,0.011111111,0.034880422,0.0,0.0,Jul,2,12,4,3,Returning_Visitor,False,False
0.0,0.0,0.0,0.0,19.0,538.65375,0.0,0.016065693,0.0,0.0,Nov,1,4,7,15,Returning_Visitor,False,False
2.0,40.21667,0.0,0.0,43.0,1504.3013,0.0,0.014457552,0.0,0.0,Dec,2,2,7,13,Returning_Visitor,False,False
2.0,43.830456,0.0,0.0,25.0,1015.2459,0.013391746,0.031142712,12.846363,0.0,Jul,2,2,1,2,Returning_Visitor,False,False
0.0,0.0,0.0,0.0,16.0,524.8731,0.0,0.03333333,0.0,0.0,Nov,2,2,7,1,Returning_Visitor,False,False
0.0,0.0,0.0,0.0,23.0,703.9632,0.0,0.0128852185,0.0,0.0,Dec,2,2,1,9,Returning_Visitor,False,False
0.0,0.0,0.0,0.0,22.0,578.2929,0.0,0.022550318,0.0,0.0,Jul,2,4,4,1,Returning_Visitor,False,False
0.0,0.0,0.0,0.0,33.0,748.66943,0.02177509,0.03435266,0.0,0.0,Nov,3,2,1,2,Returning_Visitor,False,False
4.0,101.2681,0.0,0.0,21.0,554.45593,0.008719398,0.028571429,0.0,0.0,Jul,2,4,1,2,Returning_Visitor,False,False
0.0,0.0,0.0,0.0,9.0,476.75916,0.0,0.034841824,0.0,0.0,Aug,2,2,1,2,Returning_Visitor,False,False
4.0,77.39827,0.0,0.0,43.0,1522.076,0.0,0.013333333,0.0,0.0,Aug,4,2,1,2,Returning_Visitor,False,False
3.0,52.523834,0.0,0.0,24.0,442.79312,0.0,0.02,0.0,0.0,Dec,4,2,1,3,Returning_Visitor,False,False
0.0,0.0,0.0,0.0,28.52272,824.67535,0.014804492,0.036308262,0.0,0.0,Dec,1,4,7,1,Returning_Visitor,False,False
4.0,50.58808,0.0,0.0,26.0,547.1822,0.0,0.015886,0.0,0.0,Nov,2,2,4,19,Returning_Visitor,False,False
2.0,35.053642,0.0,0.0,9.0,295.25366,0.0,0.026045177,0.0,0.0,Dec,2,2,1,1,Returning_Visitor,False,False
0.0,0.0,0.0,0.0,20.0,440.55438,0.0,0.03815331,0.0,0.0,Nov,2,2,1,8,Returning_Visitor,False,False
0.0,0.0,0.0,0.0,49.0,1167.8914,0.0030312024,0.022222223,0.0,0.0,Nov,2,1,4,1,Returning_Visitor,False,False
0.0,0.0,0.0,0.0,30.0,1167.9944,0.006220883,0.023553587,22.845575,0.0,Dec,2,2,6,1,Returning_Visitor,False,False
0.0,0.0,0.0,0.0,35.0,859.6982,0.0,0.023821197,0.0,0.0,Dec,2,2,1,2,Returning_Visitor,False,False
0.0,0.0,0.0,0.0,30.100609,1222.7969,0.0,0.009472526,12.526782,0.0,Dec,2,2,9,2,New_Visitor,False,False
0.0,0.0,0.0,0.0,20.0,437.2677,0.0,0.025,0.0,0.0,Nov,2,2,1,2,Returning_Visitor,False,False
6.0,106.924065,0.0,0.0,33.16893,832.5169,0.0,0.007966849,0.0,0.0,Dec,2,4,1,2,Returning_Visitor,False,False
3.0,59.426155,0.0,0.0,36.0,1164.349,0.0,0.010739989,0.0,0.0,Aug,2,2,1,2,Returning_Visitor,False,False
0.0,0.0,0.0,0.0,52.0,1761.8113,0.0,0.015854258,0.0,0.4,May,2,2,1,2,Returning_Visitor,False,False
3.0,57.193592,0.0,0.0,36.34321,713.4228,0.00763022,0.018111056,18.089724,0.0,Dec,4,2,1,2,Returning_Visitor,False,False
0.0,0.0,0.0,0.0,26.0,577.93884,0.02,0.05,0.0,0.0,Dec,2,2,1,1,Returning_Visitor,False,False
1.0,22.948776,0.0,0.0,20.0,733.3889,0.018181818,0.028568003,0.0,0.0,Aug,2,2,1,1,Returning_Visitor,False,False
0.0,0.0,0.0,0.0,20.0,512.9992,0.012427548,0.039997432,0.0,0.0,Dec,3,2,1,1,Returning_Visitor,False,False
0.0,0.0,0.0,0.0,22.0,620.94244,0.0,0.011111111,0.0,0.0,Nov,2,2,1,20,Returning_Visitor,False,False
0.0,0.0,0.0,0.0,17.476324,350.16998,0.0,0.017966758,0.0,0.0,Dec,2,2,3,2,Returning_Visitor,False,False
4.0,70.295586,0.0,0.0,58.1331,1830.6986,0.0035434158,0.0125,0.0,0.0,Nov,1,2,1,2,Returning_Visitor,True,False
0.0,0.0,0.0,0.0,14.0,369.01547,0.0,0.029918585,0.0,0.0,Aug,1,4,1,10,Returning_Visitor,False,False
4.0,54.949883,0.0,0.0,26.543556,644.69305,0.0,0.020760614,0.0,0.0,Aug,2,2,1,1,Returning_Visitor,False,False
0.0,0.0,0.0,0.0,10.0,197.68687,0.0,0.042841297,0.0,0.0,Dec,2,1,1,8,Returning_Visitor,False,False
0.0,0.0,0.0,0.0,27.0,872.72675,0.01852353,0.046165157,0.0,0.0,Aug,2,2,1,1,Returning_Visitor,False,False
0.0,0.0,0.0,0.0,9.0,221.2617,0.0,0.023006972,0.0,0.0,Aug,2,1,1,20,New_Visitor,False,False
3.0,53.616497,0.0,0.0,8.0,156.3365,0.0,0.016361436,0.0,0.0,Dec,3,2,1,2,Returning_Visitor,False,False
0.0,0.0,0.0,0.0,23.0,633.1418,0.0,0.011941008,0.0,0.0,Nov,2,2,6,2,Returning_Visitor,False,False
5.0,104.166245,0.0,0.0,37.0,794.30273,0.0,0.01682956,0.0,0.0,Dec,2,2,1,2,Returning_Visitor,False,False
0.0,0.0,0.0,0.0,14.0,233.09796,0.04,0.06666667,0.0,0.0,Nov,2,2,1,1,Returning_Visitor,False,False
0.0,0.0,0.0,0.0,21.0,545.59534,0.011430061,0.03333333,0.0,0.0,Dec,2,2,1,13,Returning_Visitor,False,False
0.0,0.0,0.0,0.0,14.849779,256.85635,0.0,0.02550513,0.0,0.0,Dec,2,2,6,19,Returning_Visitor,False,False
2.0,45.201176,0.0,0.0,39.0,944.71436,0.0,0.01173948,8.975326,0.0,Aug,2,2,1,2,Returning_Visitor,False,False
0.0,0.0,0.0,0.0,12.609107,319.28354,0.0,0.018639086,0.0,0.0,Dec,2,2,1,3,Returning_Visitor,False,False
0.0,0.0,0.0,0.0,24.0,471.8475,0.014209638,0.042983487,0.0,0.0,Aug,4,1,1,1,Returning_Visitor,False,False
0.0,0.0,0.0,0.0,31.637573,913.6943,0.019955771,0.037867423,0.0,0.0,Nov,1,1,1,1,Returning_Visitor,False,False
0.0,0.0,0.0,0.0,31.0,975.75446,0.0,0.016174713,0.0,0.0,Aug,2,2,7,9,Returning_Visitor,False,False
0.0,0.0,0.0,0.0,26.0,625.3732,0.0,0.021355845,0.0,0.0,Nov,4,4,1,13,Returning_Visitor,False,False
3.0,49.41462,0.0,0.0,44.419323,1049.5367,0.004639201,0.021270173,0.0,0.0,Dec,4,1,1,3,Returning_Visitor,False,False
0.0,0.0,0.0,0.0,15.0,371.41983,0.0072418666,0.025,0.0,0.0,Nov,7,2,3,2,Returning_Visitor,True,False
0.0,0.0,0.0,0.0,13.0,443.67783,0.0,0.028571429,0.0,0.0,Dec,2,2,7,3,Returning_Visitor,False,False
0.0,0.0,0.0,0.0,24.0,651.95386,0.025,0.036278903,0.0,0.0,Dec,1,1,1,1,Returning_Visitor,False,False
0.0,0.0,0.0,0.0,14.0,332.97415,0.026300455,0.05985213,0.0,0.0,Aug,4,1,4,1,Returning_Visitor,False,False
0.0,0.0,0.0,0.0,15.0,253.40973,0.018855413,0.059073854,0.0,0.0,Dec,2,2,1,1,Returning_Visitor,False,False
3.0,58.69437,0.0,0.0,29.179983,653.96295,0.011666906,0.029738463,0.0,0.0,Dec,2,2,9,3,Returning_Visitor,False,False
3.0,66.44413,0.0,0.0,33.0,1003.12823,0.017462403,0.039696254,0.0,0.0,Dec,2,2,1,1,Returning_Visitor,False,False
2.0064049,63.27478,0.0,0.0,20.0,285.13614,0.0,0.012116458,0.0,0.0,Nov,1,1,1,2,Returning_Visitor,False,False
0.0,0.0,0.0,0.0,33.0,1849.7213,0.01656321,0.033905365,0.0,0.0,Nov,2,2,6,1,Returning_Visitor,False,False
3.0,59.39415,0.0,0.0,42.0,976.0756,0.0,0.013333333,0.0,0.0,Dec,2,2,1,2,Returning_Visitor,False,False
0.0,0.0,0.0,0.0,14.0,328.36786,0.0,0.014285714,0.0,0.0,Dec,4,1,7,2,Returning_Visitor,False,False
3.0,62.49862,0.0,0.0,20.0,489.8447,0.011047674,0.03808237,0.0,0.0,Dec,2,2,4,3,Returning_Visitor,False,False
0.0,0.0,0.0,0.0,9.0,245.03712,0.0,0.032132305,0.0,0.0,Dec,4,2,1,2,New_Visitor,False,False
0.0,0.0,0.0,0.0,20.00119,505.53598,0.0,0.016657587,0.0,0.0,Nov,2,2,1,2,Returning_Visitor,False,False
0.0,0.0,0.0,0.0,11.0,210.18155,0.0,0.03333333,0.0,0.0,Nov,2,2,1,2,Returning_Visitor,False,False
8.0,154.23038,0.0,0.0,46.0,1700.7498,0.0027763192,0.016666668,0.0,0.0,Dec,4,2,7,1,Returning_Visitor,False,True
3.0,53.916107,0.0,0.0,26.0,565.7811,0.0,0.01852652,0.0,0.0,Aug,1,2,2,2,Returning_Visitor,False,False
3.0,73.90465,0.0,0.0,9.0,163.27036,0.0,0.021222875,0.0,0.0,Dec,1,2,3,2,New_Visitor,False,False
0.0,0.0,0.0,0.0,14.0,304.44745,0.0,0.027249886,0.0,0.0,Nov,7,2,1,2,Returning_Visitor,False,False
0.0,0.0,0.0,0.0,25.893414,691.37067,0.0047460925,0.027563475,0.0,0.0,Dec,3,2,9,1,Returning_Visitor,False,False
0.0,0.0,0.0,0.0,18.0,531.65906,0.014892095,0.03422905,0.0,0.0,Dec,1,1,1,1,Returning_Visitor,False,False
0.0,0.0,0.0,0.0,31.0,614.51056,0.0051322593,0.022222223,0.0,0.0,Nov,4,2,1,13,Returning_Visitor,False,False
0.0,0.0,0.0,0.0,11.0,181.86575,0.0,0.04,0.0,0.0,Nov,2,2,1,20,Returning_Visitor,False,False
0.0,0.0,0.0,0.0,33.0,818.5678,0.021561477,0.03833226,0.0,0.0,Nov,3,2,4,2,Returning_Visitor,False,False
0.0,0.0,0.0,0.0,22.0,498.346,0.017098686,0.04,0.0,0.0,Dec,1,2,1,13,Returning_Visitor,False,False
0.0,0.0,0.0,0.0,43.0,904.75214,0.0,0.026622059,0.0,0.0,Aug,2,2,6,3,Returning_Visitor,False,False
0.0,0.0,0.0,0.0,12.0,655.38763,0.0,0.04,0.0,0.0,Mar,1,1,6,3,Returning_Visitor,False,False
0.0,0.0,0.0,0.0,29.0,778.4526,0.0,0.016591212,0.0,0.0,Nov,1,2,9,2,Returning_Visitor,True,False
0.0,0.0,0.0,0.0,10.0,228.30887,0.0,0.02393291,0.0,0.0,Dec,1,2,1,3,Returning_Visitor,True,False
0.0,0.0,0.0,0.0,14.0,527.9764,0.024543433,0.05,0.0,0.0,Dec,1,1,1,1,Returning_Visitor,True,False
2.0,32.704136,0.0,0.0,44.0,1675.6414,0.0,0.014906926,15.506459,0.0,Nov,2,2,1,2,Returning_Visitor,False,True
0.0,0.0,0.0,0.0,27.45154,833.8189,0.0021293848,0.029614046,0.0,0.0,Dec,2,2,9,3,Returning_Visitor,False,False
0.0,0.0,0.0,0.0,20.33761,717.2663,0.0,0.011764706,0.0,0.0,Dec,2,2,4,2,New_Visitor,False,False
3.0,28.061544,0.0,0.0,24.471949,591.9118,0.0,0.020736685,0.0,0.0,Nov,2,2,1,2,Returning_Visitor,False,False
3.0,91.02856,0.0,0.0,31.780432,1046.4243,0.010000889,0.026159288,0.0,0.0,Dec,1,4,1,2,Returning_Visitor,False,False
3.0,53.19688,0.0,0.0,26.0,841.06226,0.0,0.014295583,0.0,0.0,Mar,2,2,1,13,Returning_Visitor,False,False
2.0,74.48151,0.0,0.0,37.0,1651.7653,0.012388469,0.029461982,0.0,0.0,Dec,2,2,1,13,Returning_Visitor,False,False
4.0,81.78066,0.0,0.0,34.0,858.4195,0.0,0.019698782,0.0,0.0,Nov,2,2,1,2,Returning_Visitor,False,False
0.0,0.0,0.0,0.0,30.0,693.21924,0.0,0.018516408,0.0,0.0,Nov,2,2,3,19,Returning_Visitor,False,False
0.0,0.0,0.0,0.0,22.0,512.881,0.0,0.017257094,0.0,0.0,Dec,3,2,3,3,Returning_Visitor,False,False
0.0,0.0,0.0,0.0,12.0,333.683,0.0,0.026503995,0.0,0.0,Dec,2,2,1,8,Returning_Visitor,False,False
1.0,27.625399,0.0,0.0,28.0,970.8009,0.0,0.014285714,0.0,0.0,Dec,2,2,1,10,Returning_Visitor,False,False
1.0,8.165193,0.0,0.0,37.401646,748.60535,0.005569604,0.01929869,0.0,0.0,Nov,1,2,1,2,Returning_Visitor,False,False
0.0,0.0,0.0,0.0,26.0,667.2398,0.0,0.015384615,0.0,0.0,Nov,1,1,1,2,Returning_Visitor,False,False
0.0,0.0,0.0,0.0,22.0,408.20825,0.0,0.027842276,0.0,0.0,Dec,1,2,9,19,Returning_Visitor,False,False
3.0,110.87932,0.0,0.0,31.0,791.5415,0.0074407537,0.018316885,0.0,0.0,Dec,2,2,9,1,Returning_Visitor,False,False
0.0,0.0,0.0,0.0,16.0,334.26038,0.0,0.02,0.0,0.0,Dec,2,2,1,2,Returning_Visitor,False,False
3.0,39.389606,0.0,0.0,40.0,888.58234,0.0,0.009090909,0.0,0.0,Dec,2,2,1,1,Returning_Visitor,False,False
0.0,0.0,0.0,0.0,27.0,655.0023,0.010556324,0.025962275,0.0,0.0,Dec,4,2,1,2,New_Visitor,False,False
0.0,0.0,0.0,0.0,26.0,529.8658,0.0125,0.027237711,0.0,0.0,Nov,2,2,3,20,Returning_Visitor,False,False
4.0,85.831795,0.0,0.0,24.0,442.735,0.0,0.011764171,0.0,0.0,Aug,2,2,1,2,New_Visitor,True,False
1.0,0.0,0.0,0.0,11.0,281.08118,0.0,0.03337676,0.0,0.0,Dec,2,2,4,2,Returning_Visitor,False,False
0.0,0.0,0.0,0.0,13.318724,275.4158,0.0,0.031226605,0.0,0.0,Nov,1,2,4,3,Returning_Visitor,False,False
3.0,56.556023,0.0,0.0,27.0,602.5299,0.0048186323,0.03132991,0.0,0.0,Dec,2,2,1,1,Returning_Visitor,False,False
3.0,59.613132,0.0,0.0,27.0,846.11163,0.0,0.014822831,11.495292,0.0,Aug,2,2,1,2,Returning_Visitor,False,False
0.0,0.0,0.0,0.0,12.0,297.3439,0.0,0.013333333,0.0,0.0,Dec,3,2,7,8,Returning_Visitor,False,False
4.0,69.01252,0.0,0.0,67.61416,2581.1746,0.0034532165,0.013333333,0.0,0.0,Nov,2,4,1,2,Returning_Visitor,False,False
0.0,0.0,0.0,0.0,18.0,651.95636,0.015376998,0.03976651,0.0,0.0,Aug,2,2,1,2,Returning_Visitor,False,False
0.0,0.0,0.0,0.0,24.0,552.6084,0.0,0.025,0.0,0.0,Dec,4,2,1,9,Returning_Visitor,False,False
4.0,95.01451,0.0,0.0,40.32229,1200.3866,0.0018526018,0.015636688,0.0,0.0,Dec,1,2,1,2,Returning_Visitor,False,False
3.0,48.655487,0.0,0.0,33.0,1086.3877,0.011623177,0.028571429,0.0,0.0,Dec,2,2,1,13,Returning_Visitor,False,False
0.0,0.0,0.0,0.0,8.0,97.21203,0.0,0.059879724,0.0,0.0,Nov,2,2,7,1,Returning_Visitor,False,False
0.0,0.0,0.0,0.0,2.0,0.0,0.2,0.2,0.0,0.0,Dec,3,2,1,1,Returning_Visitor,False,False
0.0,0.0,0.0,0.0,24.742582,697.4412,0.0,0.0102517195,57.443417,0.0,Nov,2,2,4,2,New_Visitor,False,False
0.0,0.0,0.0,0.0,25.0,686.57,0.0,0.0124302525,0.0,0.0,Nov,1,1,9,2,Returning_Visitor,False,False
0.0,0.0,0.0,0.0,23.0,881.57996,0.015384615,0.04302127,0.0,0.0,Dec,2,2,1,1,Returning_Visitor,False,False
3.0,53.675938,0.0,0.0,28.82197,623.9268,0.0,0.025462074,0.0,0.0,Dec,2,2,1,1,Returning_Visitor,False,False
0.0,0.0,0.0,0.0,13.0,254.81567,0.0,0.02805236,0.0,0.0,Dec,4,4,1,1,Returning_Visitor,False,False
0.0,0.0,0.0,0.0,41.48313,1479.3352,0.0,0.02,0.0,0.0,Nov,2,2,1,3,Returning_Visitor,False,False
0.0,0.0,0.0,0.0,11.0,203.94797,0.0,0.04,0.0,0.0,Nov,2,2,1,2,Returning_Visitor,False,False
0.0,0.0,0.0,0.0,19.0,300.65125,0.0,0.02718576,0.0,0.0,Dec,2,2,1,2,Returning_Visitor,False,False
0.0,0.0,0.0,0.0,28.0,1204.4359,0.011482449,0.028897032,0.0,0.0,Aug,2,4,1,9,Returning_Visitor,False,False
0.0,0.0,0.0,0.0,17.0,550.81506,0.0,0.02697091,0.0,0.0,Dec,4,1,4,1,Returning_Visitor,False,False
2.0,56.140217,0.0,0.0,39.0,1851.9586,0.013295506,0.03333333,0.0,0.0,Aug,2,2,1,1,Returning_Visitor,False,False
0.0,0.0,0.0,0.0,35.22866,654.614,0.0059215976,0.014655583,0.0,0.0,Nov,3,2,1,2,Returning_Visitor,False,False
5.623191,102.504074,0.0,0.0,45.68544,1035.7472,0.0,0.012261591,0.0,0.0,Sep,2,2,1,2,Returning_Visitor,False,False
4.0,141.63472,0.0,0.0,29.01985,1082.9585,0.0,0.011928611,0.0,0.0,Dec,2,2,1,2,New_Visitor,False,False
0.0,0.0,0.0,0.0,14.0,361.7635,0.0,0.033168994,0.0,0.0,Jul,2,2,9,2,Returning_Visitor,False,False
0.0,0.0,0.0,0.0,20.0,334.31897,0.0,0.01430479,0.0,0.0,Jul,4,1,9,2,Returning_Visitor,False,False
4.0,90.30666,0.0,0.0,29.0,792.9329,0.0,0.01917283,0.0,0.0,Dec,2,2,2,2,Returning_Visitor,False,False
3.0,64.89128,0.0,0.0,41.0,1576.6108,0.0058075725,0.018158419,0.0,0.0,Dec,2,2,1,1,Returning_Visitor,False,False
0.0,0.0,0.0,0.0,46.749294,1448.536,0.009511617,0.025685944,0.0,0.0,Nov,2,2,9,3,Returning_Visitor,False,False
2.0,47.593662,0.0,0.0,31.60926,684.8076,0.00994612,0.019128812,19.01329,0.0,Nov,1,1,1,2,Returning_Visitor,False,True
4.0,75.31447,0.0,0.0,16.376335,360.70065,0.0,0.016422423,0.0,0.0,Sep,3,2,1,2,Returning_Visitor,False,False
0.0,0.0,0.0,0.0,18.0,651.63794,0.0,0.02118499,21.76353,0.0,Nov,4,1,1,14,Returning_Visitor,False,False
2.0,20.121944,0.0,0.0,17.223162,524.7685,0.0,0.013333333,0.0,0.0,Dec,2,2,2,2,New_Visitor,False,False
3.0,49.687023,0.0,0.0,91.14567,2788.2092,0.0013942925,0.014709873,9.0315895,0.0,Nov,2,2,1,13,Returning_Visitor,False,True
2.0,12.856893,0.0,0.0,45.0,1432.9707,0.008333333,0.020694248,0.0,0.0,Dec,1,2,1,2,Returning_Visitor,False,False
0.0,0.0,0.0,0.0,39.0,1120.0181,0.0,0.022222223,0.0,0.0,Dec,4,2,2,3,Returning_Visitor,False,False
4.0,121.59536,0.0,0.0,18.0,438.8477,0.009604975,0.02404319,0.0,0.0,Dec,2,2,3,8,Returning_Visitor,False,False
0.0,0.0,0.0,0.0,20.0,425.9925,0.0,0.031145912,0.0,0.0,Nov,2,2,1,1,Returning_Visitor,False,False
0.0,0.0,0.0,0.0,19.0,323.0212,0.0,0.019738967,0.0,0.0,Nov,1,4,1,2,Returning_Visitor,False,False
0.0,0.0,0.0,0.0,38.0,719.04895,0.0,0.016666668,0.0,0.0,Mar,4,2,1,2,Returning_Visitor,False,True
0.0,0.0,0.0,0.0,15.0,320.12943,0.0,0.019296044,0.0,0.0,Dec,2,2,1,15,Returning_Visitor,False,False
5.0,168.16339,0.0,0.0,37.0,1239.0093,0.0031875013,0.02,24.30723,0.0,Dec,1,2,1,2,Returning_Visitor,False,True
0.0,0.0,0.0,0.0,11.0,218.71844,0.0,0.03333333,0.0,0.0,Sep,1,2,9,3,Returning_Visitor,False,False
0.0,0.0,0.0,0.0,17.0,575.2646,0.0,0.019040624,0.0,0.0,Dec,2,2,6,2,Returning_Visitor,False,False
3.0,45.299538,0.0,0.0,9.0,142.95975,0.0,0.028571429,0.0,0.0,Aug,2,2,1,2,Returning_Visitor,False,False
0.0,0.0,0.0,0.0,19.0,365.22433,0.0,0.02325396,0.0,0.0,May,4,2,1,2,Returning_Visitor,False,False
2.0,11.320291,0.0,0.0,8.0,144.5835,0.0,0.014274843,0.0,0.0,Nov,4,4,1,13,Returning_Visitor,False,False
0.0,0.0,0.0,0.0,40.900658,1883.8112,0.0,0.011889344,0.0,0.0,Aug,2,2,1,2,Returning_Visitor,False,False
2.2010794,45.184296,0.0,0.0,33.22244,1005.0101,0.0,0.010245658,0.0,0.0,Dec,2,2,1,13,Returning_Visitor,False,False
0.0,0.0,0.0,0.0,31.0,851.45764,0.0,0.025036091,0.0,0.0,Nov,3,2,9,3,Returning_Visitor,False,False
2.0,27.754738,0.0,0.0,7.0,160.13518,0.0,0.03624945,0.0,0.0,Dec,2,2,1,1,Returning_Visitor,False,False
4.0,77.30648,0.0,0.0,39.63986,909.7575,0.007438276,0.022342104,0.0,0.0,Dec,3,2,1,2,Returning_Visitor,False,False
0.0,0.0,0.0,0.0,13.0,333.94467,0.0,0.034895353,0.0,0.0,Mar,1,4,1,8,Returning_Visitor,False,False
3.0,51.38796,0.0,0.0,63.08034,2259.716,0.0,0.007184484,32.733498,0.0,Jul,2,2,1,2,Returning_Visitor,False,True
0.0,0.0,0.0,0.0,17.0,306.14273,0.0,0.017575415,0.0,0.0,Dec,2,2,3,1,Returning_Visitor,False,False
0.0,0.0,0.0,0.0,17.0,322.76447,0.015383995,0.03842606,0.0,0.0,Nov,3,2,1,3,Returning_Visitor,False,False
5.0,121.34012,0.0,0.0,39.0,1376.3796,0.0006191687,0.018871052,0.0,0.0,Dec,4,2,1,3,Returning_Visitor,False,False
0.0,0.0,0.0,0.0,38.68779,637.87024,0.0,0.018246446,0.0,0.0,Dec,1,2,1,1,Returning_Visitor,False,False
5.0,75.41401,0.0,0.0,25.275429,1040.9734,0.0,0.016666668,0.0,0.0,Nov,2,2,7,2,Returning_Visitor,False,False
3.0,68.4662,0.0,0.0,40.0,1390.333,0.004821065,0.015192876,0.0,0.0,Dec,2,2,1,1,Returning_Visitor,False,False
3.0,98.207375,0.0,0.0,12.0,349.86267,0.0,0.008001728,0.0,0.0,Mar,3,2,1,2,Returning_Visitor,False,False
5.0,91.5822,0.0,0.0,33.29092,759.4163,0.0,0.0136250425,0.0,0.0,Dec,2,2,4,2,Returning_Visitor,False,False
5.0,157.7773,1.8605049,32.512608,65.674934,2584.611,0.011573469,0.023612294,0.0,0.0,Nov,3,2,1,13,Returning_Visitor,False,False
4.0,107.80176,0.0,0.0,42.0,1126.0911,0.009961311,0.022222223,0.0,0.0,Dec,1,1,1,1,Returning_Visitor,False,False
0.0,0.0,0.0,0.0,36.890625,1248.2202,0.0132081015,0.027130287,0.0,0.0,Dec,2,2,7,1,Returning_Visitor,False,False
0.0,0.0,0.0,0.0,22.0,571.4704,0.0,0.02853638,0.0,0.0,Nov,3,2,1,13,Returning_Visitor,False,False
0.0,0.0,0.0,0.0,47.0,980.5042,0.0,0.012474015,0.0,0.0,Nov,3,2,1,2,Returning_Visitor,False,False
0.0,0.0,0.0,0.0,17.0,374.30777,0.0,0.016666668,0.0,0.0,Dec,2,2,2,15,Returning_Visitor,False,False
0.0,0.0,0.0,0.0,31.0,947.5839,0.009519802,0.023800272,0.0,0.0,Jul,3,2,4,3,Returning_Visitor,False,False
0.0,0.0,0.0,0.0,19.37749,682.7849,0.015935156,0.04079809,0.0,0.0,Nov,1,8,1,8,Returning_Visitor,False,False
0.0,0.0,0.0,0.0,16.067377,266.8111,0.0040963665,0.03333333,0.0,0.0,Dec,4,2,1,2,Returning_Visitor,False,False
0.0,0.0,0.0,0.0,18.0,311.32568,0.0,0.017653076,0.0,0.0,Nov,2,2,1,2,Returning_Visitor,False,False
0.0,0.0,0.0,0.0,44.0,1289.4017,0.0,0.02138738,0.0,0.0,Dec,2,2,4,1,Returning_Visitor,False,False
0.0,0.0,0.0,0.0,5.0,63.379353,0.06666667,0.1,0.0,0.0,May,1,1,1,1,Returning_Visitor,False,False
4.0,111.36434,0.0,0.0,36.0,1240.8097,0.009506731,0.02140493,0.0,0.0,Nov,3,2,1,2,Returning_Visitor,False,False
0.0,0.0,0.0,0.0,22.0,457.69745,0.0,0.03746129,0.0,0.0,Jul,2,2,1,3,Returning_Visitor,False,False
0.0,0.0,0.0,0.0,16.0,249.0809,0.009248199,0.05,0.0,0.0,Jul,2,2,4,1,Returning_Visitor,False,False
0.0,0.0,0.0,0.0,35.128155,776.6604,0.008333333,0.030584164,0.0,0.0,Dec,2,2,1,1,Returning_Visitor,False,False
0.0,0.0,0.0,0.0,21.0,518.6099,0.0,0.027063312,0.0,0.0,Nov,2,2,7,13,Returning_Visitor,False,False
2.0,27.732996,0.0,0.0,19.0,417.63388,0.0,0.016666668,0.0,0.0,Nov,2,2,4,3,Returning_Visitor,False,False
0.0,0.0,0.0,0.0,9.0,177.22281,0.044482306,0.07698178,0.0,0.0,Dec,4,2,1,3,Returning_Visitor,False,False
0.0,0.0,0.0,0.0,10.0,215.36784,0.0,0.05515958,0.0,0.0,Dec,1,1,3,1,Returning_Visitor,False,False
4.0,105.34959,0.0,0.0,24.0,650.5255,0.012405665,0.02943709,0.0,0.0,Dec,4,2,1,1,Returning_Visitor,False,False
0.0,0.0,0.0,0.0,14.0,279.65747,0.0,0.028175391,0.0,0.0,Nov,2,2,1,2,Returning_Visitor,False,False
3.0,60.03373,3.0,246.28813,33.0,1089.4067,0.008992051,0.028110502,0.0,0.0,Nov,2,2,1,2,Returning_Visitor,False,False
2.0,36.556675,0.0,0.0,28.0,821.93787,0.0,0.017130975,0.0,0.0,Nov,2,2,3,2,Returning_Visitor,False,False
0.0,0.0,0.0,0.0,8.987081,164.32529,0.0,0.031669624,0.0,0.0,Dec,2,2,1,2,Returning_Visitor,False,False
0.0,0.0,0.0,0.0,42.0,1468.8966,0.0,0.021432545,0.0,0.0,Dec,2,2,1,2,Returning_Visitor,False,False
0.0,0.0,0.0,0.0,20.0,437.68063,0.0,0.028571429,0.0,0.0,Nov,2,2,1,1,Returning_Visitor,False,False
3.0,65.47784,0.0,0.0,15.0,424.69775,0.0,0.022222223,0.0,0.0,Nov,4,1,1,2,Returning_Visitor,False,False
3.0,44.549534,0.0,0.0,36.66343,1036.1635,0.0,0.027738294,0.0,0.0,Dec,2,2,3,2,Returning_Visitor,False,False
1.0,0.0,0.0,0.0,50.26208,1923.5803,0.008333333,0.023494394,0.0,0.0,Aug,4,1,1,2,Returning_Visitor,False,False
4.0,49.37767,0.0,0.0,27.0,919.3127,0.0,0.012617567,0.0,0.0,Nov,2,2,1,2,Returning_Visitor,False,False
3.0,59.35864,0.0,0.0,18.0,286.5818,0.0,0.016666668,0.0,0.0,Aug,1,1,4,15,Returning_Visitor,False,False
0.0,0.0,0.0,0.0,8.0,238.10007,0.0,0.037489783,0.0,0.0,Dec,2,2,1,2,Returning_Visitor,False,False
0.0,0.0,0.0,0.0,25.0,590.3514,0.0,0.020081954,0.0,0.0,Dec,2,2,7,13,Returning_Visitor,False,False
0.0,0.0,0.0,0.0,11.0,230.12962,0.0,0.025,0.0,0.0,Dec,4,2,1,2,Returning_Visitor,False,False
3.0,32.023106,0.0,0.0,20.0,421.64215,0.0,0.018399926,0.0,0.0,Aug,2,2,1,2,Returning_Visitor,False,False
3.0,97.50291,0.0,0.0,34.0,1224.5988,0.009090909,0.02183522,10.263797,0.0,Aug,1,2,1,2,Returning_Visitor,False,False
3.0,69.88262,0.0,0.0,37.0,981.2169,0.0,0.012788055,16.73149,0.0,Dec,2,5,1,13,Returning_Visitor,False,False
0.0,0.0,0.0,0.0,12.0,553.43243,0.0,0.032998066,0.0,0.0,Nov,2,2,1,3,Returning_Visitor,False,False
0.0,0.0,0.0,0.0,19.0,535.0129,0.0,0.03333333,0.0,0.0,Mar,2,2,1,1,Returning_Visitor,False,False
0.0,0.0,0.0,0.0,20.0,397.7323,0.015374831,0.025,0.0,0.0,Nov,1,1,4,13,Returning_Visitor,False,False
2.0,29.284481,0.0,0.0,15.0,323.68524,0.006556114,0.02881286,0.0,0.0,Nov,2,2,7,2,Returning_Visitor,False,False
3.0,54.63723,0.0,0.0,23.0,612.8939,0.0059087826,0.023283137,0.0,0.0,Dec,4,4,1,2,Returning_Visitor,False,False
0.0,0.0,0.0,0.0,26.369497,646.9502,0.02187769,0.045540497,0.0,0.0,Dec,1,1,1,1,Returning_Visitor,False,False
0.0,0.0,0.0,0.0,12.0,481.6895,0.0,0.02817471,0.0,0.0,Nov,2,2,7,3,Returning_Visitor,False,False
0.0,0.0,0.0,0.0,15.0,665.8908,0.0,0.03333333,0.0,0.0,Aug,2,2,1,2,Returning_Visitor,False,False
3.0,45.508,0.0,0.0,13.0,394.1338,0.0,0.016666668,0.0,0.0,Nov,2,2,3,2,Returning_Visitor,False,False
3.0,59.566624,0.0,0.0,27.0,649.87506,0.0,0.021505771,0.0,0.0,Nov,2,2,1,3,Returning_Visitor,False,False
3.0,44.253113,0.0,0.0,25.0,1246.2102,0.0,0.017273713,0.0,0.0,Jul,4,2,1,2,Returning_Visitor,False,False
2.0,14.903144,0.0,0.0,27.586681,827.88104,0.0,0.020812986,0.0,0.0,Nov,2,2,1,1,Returning_Visitor,False,False
0.0,0.0,0.0,0.0,5.0,86.50799,0.08011638,0.1,0.0,0.0,Dec,1,1,4,13,Returning_Visitor,False,False
3.0,48.16359,0.0,0.0,49.0,1375.9283,0.006666667,0.024412546,0.0,0.0,Dec,2,2,1,3,Returning_Visitor,False,False
0.0,0.0,0.0,0.0,17.0,297.94055,0.0,0.020331433,0.0,0.0,Aug,2,2,9,9,Returning_Visitor,False,False
4.0,81.86458,0.0,0.0,43.024708,1909.1168,0.009615519,0.023492888,17.88823,0.0,Dec,4,2,1,13,Returning_Visitor,False,False
0.0,0.0,0.0,0.0,11.0,171.46194,0.0,0.020687554,0.0,0.0,Dec,2,2,1,1,Returning_Visitor,False,False
6.0,206.37831,0.0,0.0,43.0,1280.8657,0.0,0.015087063,0.0,0.0,Dec,2,2,2,2,Returning_Visitor,False,False
1.0,0.0,0.0,0.0,27.0,676.4716,0.012182534,0.03014669,17.11249,0.0,Dec,1,1,1,2,Returning_Visitor,False,True
2.0,63.924232,0.0,0.0,24.0,535.4602,0.011482295,0.040237933,0.0,0.0,Dec,2,2,1,1,Returning_Visitor,False,False
4.0,110.25141,2.0,0.0,40.490677,1436.1062,0.004266027,0.0139544485,19.400244,0.0,Aug,4,2,4,3,Returning_Visitor,False,False
0.0,0.0,0.0,0.0,9.0,321.54083,0.0,0.035981838,0.0,0.0,Aug,2,2,1,1,Returning_Visitor,False,False
0.0,0.0,0.0,0.0,11.0,383.62857,0.0,0.02653868,0.0,0.0,Nov,3,2,9,8,Returning_Visitor,True,False
0.0,0.0,0.0,0.0,17.0,460.58044,0.0,0.015540693,0.0,0.0,Mar,1,2,1,1,Returning_Visitor,False,False
0.0,0.0,0.0,0.0,23.0,548.1517,0.0,0.029402453,0.0,0.0,Aug,2,2,1,1,Returning_Visitor,False,False
5.0,86.569984,0.0,0.0,42.520123,1146.7606,0.0,0.012596982,8.140958,0.0,Oct,2,2,1,2,Returning_Visitor,False,False
0.0,0.0,0.0,0.0,9.0,235.54054,0.0,0.024390068,0.0,0.0,Nov,1,4,4,2,Returning_Visitor,False,False
0.0,0.0,0.0,0.0,28.0,583.9578,0.0097597325,0.025237285,0.0,0.0,Dec,3,2,1,2,Returning_Visitor,False,False
0.0,0.0,0.0,0.0,47.51892,1301.4033,0.0,0.019260183,0.0,0.0,Nov,2,2,9,2,Returning_Visitor,False,False
0.0,0.0,0.0,0.0,15.123633,602.1569,0.024277044,0.05,0.0,0.0,Dec,2,2,4,1,Returning_Visitor,False,False
0.0,0.0,0.0,0.0,8.0,246.9525,0.0,0.024778886,0.0,0.0,Dec,2,2,1,1,Returning_Visitor,False,False
3.0,57.818348,0.0,0.0,39.89839,698.1919,0.005665218,0.024418086,0.0,0.0,Dec,4,4,1,2,Returning_Visitor,False,False
5.0,89.57446,0.0,0.0,48.0,1365.0999,0.0,0.0133597525,0.0,0.0,Jul,2,2,4,8,Returning_Visitor,False,False
0.0,0.0,0.0,0.0,15.0,271.52908,0.0,0.030598007,0.0,0.0,Nov,3,2,4,3,Returning_Visitor,False,False
0.0,0.0,0.0,0.0,31.0,959.9375,0.005401354,0.016150322,22.345577,0.0,Dec,2,2,2,2,Returning_Visitor,False,True
0.0,0.0,0.0,0.0,7.0,202.74812,0.0,0.040713646,0.0,0.0,Dec,2,2,1,1,New_Visitor,False,False
3.0,50.19753,0.0,0.0,27.0,631.9096,0.006008174,0.017556153,0.0,0.0,Dec,2,2,9,1,Returning_Visitor,False,False
0.0,0.0,0.0,0.0,20.0,713.464,0.022242727,0.036562838,0.0,0.0,Dec,3,2,7,2,Returning_Visitor,False,False
0.0,0.0,0.0,0.0,32.397877,922.28674,0.008485171,0.027267292,0.0,0.0,Dec,2,2,7,2,Returning_Visitor,False,False
3.0,85.84827,1.0,0.0,39.0,1182.7584,0.01028411,0.030766385,0.0,0.0,Dec,2,2,1,13,Returning_Visitor,False,False
4.0,104.5495,0.0,0.0,27.0,647.88226,0.0,0.015949799,0.0,0.0,Dec,3,2,1,13,Returning_Visitor,False,False
4.0,115.54547,0.0,0.0,30.937351,663.0855,0.0,0.017819175,0.0,0.0,Sep,3,2,1,4,Returning_Visitor,False,False
0.0,0.0,0.0,0.0,27.0,668.97876,0.0,0.029639347,0.0,0.0,Nov,2,2,1,1,Returning_Visitor,False,False
0.0,0.0,0.0,0.0,31.0,726.92535,0.0,0.022827853,0.0,0.0,Aug,1,2,3,3,Returning_Visitor,False,False
0.0,0.0,0.0,0.0,24.0,696.63654,0.0050848923,0.03333333,0.0,0.0,Dec,2,2,7,8,Returning_Visitor,False,False
0.0,0.0,0.0,0.0,20.0,390.73584,0.014299924,0.045684002,0.0,0.0,Dec,1,2,1,1,Returning_Visitor,False,False
0.0,0.0,0.0,0.0,19.0,965.5882,0.0,0.028571429,0.0,0.0,Aug,2,2,1,1,Returning_Visitor,False,False
0.0,0.0,0.0,0.0,15.0,637.50757,0.0,0.02659958,0.0,0.0,Nov,2,2,1,1,Returning_Visitor,False,False
0.0,0.0,0.0,0.0,28.0,662.7391,0.0,0.022905862,0.0,0.0,Dec,4,2,1,1,Returning_Visitor,False,False
6.0,151.7417,0.0,0.0,66.277565,2582.044,0.010998034,0.031626366,9.3036375,0.0,Aug,4,1,7,1,Returning_Visitor,False,False
2.0,49.721172,0.0,0.0,44.56534,932.41327,0.003211366,0.02223933,0.0,0.0,Aug,2,2,1,2,Returning_Visitor,False,False
4.0,62.955418,0.0,0.0,24.0,402.34814,0.0,0.018219687,0.0,0.0,Dec,1,4,1,2,Returning_Visitor,False,False
0.0,0.0,0.0,0.0,38.629307,780.1405,0.0054083113,0.024998091,0.0,0.0,Nov,2,2,1,1,Returning_Visitor,False,False
0.0,0.0,0.0,0.0,14.0,285.28162,0.0,0.03955452,0.0,0.0,Dec,1,1,4,2,Returning_Visitor,False,False
0.0,0.0,0.0,0.0,45.74276,1227.1989,0.0,0.015789758,0.0,0.0,Dec,2,2,7,2,Returning_Visitor,True,False
8.0,159.55522,3.0,184.98233,51.504562,1969.1189,0.005493064,0.021213267,0.0,0.0,Dec,2,2,3,2,Returning_Visitor,False,False
2.0,42.45988,0.0,0.0,33.0,1799.744,0.0,0.010308275,1.5275116,0.0,Dec,2,2,7,1,Returning_Visitor,False,True
0.0,0.0,0.0,0.0,17.0,305.05316,0.016666668,0.027258776,0.0,0.0,Dec,3,2,3,13,Returning_Visitor,False,False
0.0,0.0,0.0,0.0,18.0,338.77563,0.0,0.031393528,0.0,0.0,Dec,3,2,1,1,Returning_Visitor,False,False
0.0,0.0,0.0,0.0,25.0,553.94275,0.0046217483,0.031721205,0.0,0.0,May,2,2,7,3,Returning_Visitor,False,False
0.0,0.0,0.0,0.0,32.0,846.6082,0.0,0.022652699,0.0,0.0,Dec,2,2,9,3,Returning_Visitor,False,False
0.0,0.0,0.0,0.0,13.0,360.8623,0.0,0.032849528,0.0,0.0,Dec,3,2,6,3,Returning_Visitor,False,False
0.0,0.0,0.0,0.0,22.0,389.27728,0.0051301224,0.028571429,0.0,0.0,Dec,2,2,7,2,Returning_Visitor,False,False
0.0,0.0,0.0,0.0,13.0,201.73325,0.0,0.04657644,0.0,0.0,Dec,2,2,1,3,Returning_Visitor,False,False
0.0,0.0,0.0,0.0,21.0,438.74292,0.0288183,0.05,0.0,0.0,Dec,3,2,9,13,Returning_Visitor,False,False
0.0,0.0,0.0,0.0,22.0,630.30426,0.0,0.024627792,0.0,0.0,Nov,2,2,1,13,Returning_Visitor,False,False
0.0,0.0,0.0,0.0,24.0,673.67377,0.007233545,0.03820257,0.0,0.0,Nov,2,2,1,3,Returning_Visitor,False,False
3.0,61.897213,0.0,0.0,19.691227,530.7971,0.0,0.024246506,0.0,0.0,Dec,2,2,9,13,Returning_Visitor,False,False
0.0,0.0,0.0,0.0,11.0,203.47052,0.00070153776,0.048515208,0.0,0.0,May,2,2,1,2,Returning_Visitor,False,False
0.0,0.0,0.0,0.0,35.0,880.0999,0.010458806,0.03333333,0.0,0.0,Nov,2,2,1,3,Returning_Visitor,False,False
0.0,0.0,0.0,0.0,10.0,176.21408,0.0,0.03511111,0.0,0.0,Nov,1,1,1,3,Returning_Visitor,False,False
0.0,0.0,0.0,0.0,10.0,354.58478,0.0,0.025605945,0.0,0.0,Dec,2,1,1,13,Returning_Visitor,False,False
0.0,0.0,0.0,0.0,35.0,1238.7655,0.015235757,0.03447776,0.0,0.0,May,1,2,1,1,Returning_Visitor,False,False
0.0,0.0,0.0,0.0,15.0,408.60507,0.0,0.027624603,0.0,0.0,Aug,2,2,1,2,Returning_Visitor,False,False
0.0,0.0,0.0,0.0,46.0,1538.934,0.0,0.011078675,14.514532,0.0,Nov,2,2,8,2,Returning_Visitor,False,False
0.0,0.0,0.0,0.0,27.0,718.88416,0.0,0.0168995,9.482536,0.0,Nov,2,2,3,2,Returning_Visitor,False,True
3.0,76.575874,0.0,0.0,42.0,2202.245,0.005252551,0.016666668,10.4009495,0.0,Dec,2,2,3,2,Returning_Visitor,False,False
0.0,0.0,0.0,0.0,12.0,276.04697,0.022838626,0.05,0.0,0.0,Dec,2,2,7,1,Returning_Visitor,False,False
0.0,0.0,0.0,0.0,27.0,536.6837,0.0,0.026907234,0.0,0.0,Dec,2,2,1,2,Returning_Visitor,False,False
5.0,72.37763,1.0,7.169837,26.0,979.5724,0.0,0.015583423,0.0,0.0,Dec,2,2,1,2,Returning_Visitor,False,False
0.0,0.0,0.0,0.0,25.0,547.1488,0.0,0.020676209,0.0,0.0,Dec,4,2,1,1,Returning_Visitor,False,False
0.0,0.0,0.0,0.0,23.0,546.7369,0.0,0.026676076,0.0,0.0,Mar,4,2,1,2,Returning_Visitor,False,False
0.0,0.0,0.0,0.0,16.0,429.04007,0.0,0.017648885,0.0,0.0,Dec,2,2,1,9,Returning_Visitor,False,False
2.0,54.722725,0.0,0.0,37.00276,1204.9303,0.0,0.011275178,17.58987,0.0,Dec,2,2,2,2,Returning_Visitor,False,True
0.0,0.0,0.0,0.0,35.0,932.57806,0.0,0.023545759,0.0,0.0,Dec,2,2,1,8,Returning_Visitor,False,False
4.0,114.15182,0.0,0.0,27.634914,934.67944,0.009783131,0.030332545,0.0,0.0,Sep,2,4,8,1,Returning_Visitor,False,False
5.0,127.11049,0.0,0.0,39.0,1691.0752,0.0,0.0073481174,0.0,0.0,Dec,2,8,1,2,Returning_Visitor,False,False
0.0,0.0,0.0,0.0,17.0,343.7274,0.0,0.01388076,0.0,0.0,Dec,2,2,9,2,Returning_Visitor,False,False
3.0,136.38582,0.0,0.0,15.0,497.8854,0.0,0.020034224,0.0,0.0,Dec,2,2,7,2,Returning_Visitor,False,False
0.0,0.0,0.0,0.0,8.0,128.57301,0.0,0.034767743,0.0,0.0,Nov,2,2,1,2,Returning_Visitor,False,False
0.0,0.0,0.0,0.0,24.0,561.0687,0.0,0.01,0.0,0.0,Dec,2,2,7,1,Returning_Visitor,False,False
0.0,0.0,0.0,0.0,13.0,283.26965,0.014285714,0.062448207,0.0,0.0,Nov,2,2,1,1,Returning_Visitor,False,False
0.0,0.0,0.0,0.0,25.0,633.0359,0.0,0.016666668,0.0,0.0,Jul,2,2,3,2,Returning_Visitor,False,False
0.0,0.0,0.0,0.0,27.0,709.44415,0.0,0.018516416,0.0,0.0,Dec,2,2,9,1,Returning_Visitor,False,False
0.0,0.0,0.0,0.0,14.0,277.03403,0.017312367,0.0402502,0.0,0.0,Dec,2,4,1,1,Returning_Visitor,False,False
5.0,102.82738,0.0,0.0,25.0,580.23627,0.010988538,0.028180905,0.0,0.0,Aug,3,2,1,2,Returning_Visitor,False,False
0.0,0.0,0.0,0.0,9.0,248.5529,0.0,0.032196295,0.0,0.0,Dec,1,2,7,3,Returning_Visitor,False,False
3.0,78.24905,0.0,0.0,63.68369,2147.883,0.006925836,0.024037702,7.5263057,0.0,Aug,2,2,4,2,Returning_Visitor,False,False
0.0,0.0,0.0,0.0,24.0,642.06384,0.0,0.022583272,0.0,0.0,Nov,2,2,1,2,Returning_Visitor,False,False
2.0,80.205826,0.0,0.0,42.512146,1473.2472,0.0087592825,0.025,0.0,0.0,Dec,2,2,1,1,Returning_Visitor,False,False
0.0,0.0,0.0,0.0,20.0,385.703,0.0,0.02577713,0.0,0.0,Dec,2,2,7,3,Returning_Visitor,False,False
0.0,0.0,0.0,0.0,12.0,279.12494,0.0,0.03633552,0.0,0.0,Nov,3,2,7,1,Returning_Visitor,False,False
3.0,111.79419,0.0,0.0,40.372635,1116.9895,0.0027809676,0.0107278805,0.0,0.0,Aug,1,2,1,19,Returning_Visitor,False,False
0.0,0.0,0.0,0.0,23.0,442.31308,0.0,0.025255997,0.0,0.0,Aug,2,2,9,13,Returning_Visitor,False,False
0.0,0.0,0.0,0.0,39.86427,885.1937,0.0,0.025373403,0.0,0.0,Dec,2,2,1,1,Returning_Visitor,False,False
0.0,0.0,0.0,0.0,36.0,1494.4097,0.0,0.023284592,0.0,0.0,Nov,4,1,9,2,Returning_Visitor,False,False
0.0,0.0,0.0,0.0,15.715958,317.02502,0.0,0.04273731,0.0,0.0,Dec,2,2,7,1,Returning_Visitor,False,False
0.0,0.0,0.0,0.0,24.0,461.00827,0.008333333,0.03227229,0.0,0.0,Dec,2,2,9,13,Returning_Visitor,False,False
2.0,29.666718,0.0,0.0,39.0,1642.3025,0.0068720663,0.02,0.0,0.0,Dec,7,2,7,1,Returning_Visitor,False,False
4.0,55.536304,0.0,0.0,29.0,650.61615,0.0,0.02170507,0.0,0.0,Dec,1,2,1,2,Returning_Visitor,False,False
0.0,0.0,0.0,0.0,39.0,780.53973,0.0,0.01771428,0.0,0.0,Aug,2,2,6,3,Returning_Visitor,False,False
0.0,0.0,0.0,0.0,6.0,142.04893,0.0,0.03534734,0.0,0.0,Dec,2,2,1,2,Returning_Visitor,False,False
0.0,0.0,0.0,0.0,21.0,590.0739,0.010511585,0.028979527,0.0,0.0,Aug,2,2,9,2,Returning_Visitor,False,False
4.0,115.8137,0.0,0.0,60.649754,2001.1342,0.0031574306,0.013102206,0.0,0.0,Dec,2,2,7,2,Returning_Visitor,False,False
6.0,93.32074,0.0,0.0,82.955475,2935.0632,0.0038335223,0.016005885,9.775566,0.0,Nov,2,2,4,13,Returning_Visitor,False,False
0.0,0.0,0.0,0.0,40.629337,1682.8381,0.010208445,0.02572382,8.626814,0.0,Nov,3,2,1,2,Returning_Visitor,False,False
3.7944553,126.72711,0.0,0.0,43.06392,1368.6611,0.0028742838,0.018176118,0.0,0.0,Dec,4,2,1,2,Returning_Visitor,False,False
4.0,71.020874,0.0,0.0,17.0,465.77988,0.0,0.012151138,0.0,0.0,Aug,2,2,1,2,New_Visitor,False,False
2.0,23.953358,0.0,0.0,24.688822,651.861,0.0,0.016574305,0.0,0.0,Dec,2,4,1,2,Returning_Visitor,False,False
0.0,0.0,0.0,0.0,28.0,890.26227,0.0,0.025025045,0.0,0.0,Dec,2,2,4,1,Returning_Visitor,False,False
0.0,0.0,0.0,0.0,43.0,1166.6025,0.013712316,0.034174908,0.0,0.0,Dec,2,2,1,1,Returning_Visitor,False,False
0.0,0.0,0.0,0.0,16.0,651.1979,0.0,0.025586754,0.0,0.0,Nov,2,2,1,1,Returning_Visitor,False,False
0.0,0.0,0.0,0.0,10.0,202.74373,0.04,0.06908622,0.0,0.0,Dec,1,1,1,3,Returning_Visitor,False,False
4.0,51.43953,0.0,0.0,17.0,588.478,0.0,0.015599514,0.0,0.0,Dec,2,2,4,2,Returning_Visitor,False,False
5.0,200.90196,3.0,237.88612,81.46372,2998.0354,0.005411488,0.023503788,0.0,0.0,Dec,2,2,3,2,Returning_Visitor,False,False
3.0,64.79134,1.0,0.0,24.0,611.2163,0.0038556524,0.016510371,0.0,0.0,Mar,3,2,1,2,Returning_Visitor,False,False
0.0,0.0,0.0,0.0,25.0,584.07227,0.0,0.021518435,0.0,0.0,Dec,2,2,9,9,Returning_Visitor,False,False
0.0,0.0,0.0,0.0,24.0,619.4345,0.0075724586,0.03742148,0.0,0.0,Dec,2,2,1,1,Returning_Visitor,False,False
0.0,0.0,0.0,0.0,34.0,967.28516,0.002485052,0.016170805,0.0,0.0,Dec,2,2,1,1,Returning_Visitor,False,False
0.0,0.0,0.0,0.0,7.0,132.53972,0.0,0.03333333,0.0,0.0,May,2,2,1,3,Returning_Visitor,False,False
4.0,60.700703,0.0,0.0,26.241964,597.8214,0.0,0.014414172,53.962215,0.0,Nov,4,2,1,2,Returning_Visitor,False,False
0.0,0.0,0.0,0.0,23.124228,678.93445,0.0,0.026462488,0.0,0.0,Dec,2,2,1,1,Returning_Visitor,False,False
0.0,0.0,0.0,0.0,24.0,714.9317,0.0,0.031394232,0.0,0.0,Dec,2,2,1,1,Returning_Visitor,True,False
0.0,0.0,0.0,0.0,19.0,529.2503,0.0,0.014285714,0.0,0.0,Nov,3,2,7,2,Returning_Visitor,False,True
0.0,0.0,0.0,0.0,15.0,274.65497,0.024593588,0.05,0.0,0.0,Dec,3,2,1,2,Returning_Visitor,False,False
0.0,0.0,0.0,0.0,25.0,807.11285,0.0,0.018048927,2.2284212,0.0,Jul,2,2,1,3,Returning_Visitor,False,False
0.0,0.0,0.0,0.0,16.0,486.7846,0.0,0.030156456,0.0,0.0,Aug,2,2,3,1,Returning_Visitor,False,False
0.0,0.0,0.0,0.0,22.0,413.1797,0.0,0.03038094,0.0,0.0,Dec,2,2,3,1,Returning_Visitor,False,False
0.0,0.0,0.0,0.0,12.0,201.24298,0.03927723,0.06798603,0.0,0.0,Dec,1,1,1,1,Returning_Visitor,False,False
0.0,0.0,0.0,0.0,14.0,282.93527,0.028571429,0.055577226,0.0,0.0,Dec,1,1,6,1,Returning_Visitor,False,False
4.0,149.80878,0.0,0.0,28.0,752.69476,0.0,0.014285714,0.0,0.0,Nov,3,2,1,2,Returning_Visitor,False,False
2.0,21.759708,0.0,0.0,24.0,543.73486,0.0,0.022222223,0.0,0.0,Mar,2,2,4,13,Returning_Visitor,False,False
0.0,0.0,0.0,0.0,39.0,830.0142,0.0,0.017668864,0.0,0.0,Dec,2,2,1,2,Returning_Visitor,False,True
0.0,0.0,0.0,0.0,21.0,473.20102,0.0125,0.04,0.0,0.0,Dec,1,1,3,3,Returning_Visitor,False,False
3.0,66.481674,0.0,0.0,16.0,399.57352,0.0,0.014317908,0.0,0.0,Dec,4,2,1,13,Returning_Visitor,False,False
0.0,0.0,0.0,0.0,11.0,336.79962,0.0,0.028741516,0.0,0.0,Mar,2,4,1,3,Returning_Visitor,True,False
0.0,0.0,0.0,0.0,29.0,587.0736,0.0,0.01805065,0.0,0.0,Nov,2,2,1,1,Returning_Visitor,False,False
2.0,48.482506,0.0,0.0,21.0,583.1009,0.0,0.0135030355,0.0,0.0,Nov,4,2,3,13,Returning_Visitor,False,False
0.0,0.0,0.0,0.0,27.0,850.8256,0.0,0.028571429,0.0,0.0,Dec,2,2,4,3,Returning_Visitor,False,False
3.0,65.66097,0.0,0.0,28.0,720.44763,0.0,0.011924774,0.0,0.0,Nov,2,2,1,2,Returning_Visitor,False,False
0.0,0.0,0.0,0.0,15.0,324.6315,0.013333333,0.04294981,0.0,0.0,Aug,4,2,6,1,Returning_Visitor,False,False
3.0,76.932144,0.0,0.0,29.0,936.19116,0.009537308,0.030371316,0.0,0.0,Dec,2,2,1,1,Returning_Visitor,False,False
3.0,62.81686,0.0,0.0,115.14906,3577.4607,0.0043996503,0.021569615,0.0,0.0,Dec,2,2,4,9,Returning_Visitor,False,False
0.0,0.0,0.0,0.0,15.0,449.21143,0.0,0.02568682,0.0,0.0,Dec,2,2,7,3,Returning_Visitor,False,False
0.0,0.0,0.0,0.0,23.0,540.14514,0.008280981,0.029667111,0.0,0.0,Aug,2,2,6,1,Returning_Visitor,False,False
4.0,121.68931,0.0,0.0,26.0,620.62415,0.013650463,0.029160805,0.0,0.0,Aug,1,2,1,2,Returning_Visitor,False,False
0.0,0.0,0.0,0.0,15.158203,313.10687,0.0,0.023780169,0.0,0.0,Nov,2,2,3,2,New_Visitor,False,False
0.0,0.0,0.0,0.0,35.0,789.38525,0.0,0.02387334,0.0,0.0,Dec,2,2,1,2,Returning_Visitor,False,False
0.0,0.0,0.0,0.0,28.0,782.6919,0.0,0.017045302,19.329174,0.0,Nov,2,2,1,9,Returning_Visitor,False,True
4.0,85.37825,0.0,0.0,29.0,805.7367,0.009383764,0.019787923,0.0,0.0,Nov,4,2,3,1,Returning_Visitor,False,False
0.0,0.0,0.0,0.0,7.0,168.8759,0.0,0.022222223,0.0,0.0,Mar,2,2,6,3,Returning_Visitor,False,False
0.0,0.0,0.0,0.0,25.0,813.27454,0.012478118,0.027131306,0.0,0.0,Nov,1,2,1,2,Returning_Visitor,False,False
0.0,0.0,0.0,0.0,24.0,718.79004,0.024971377,0.04,0.0,0.0,Dec,2,2,1,1,Returning_Visitor,False,False
0.0,0.0,0.0,0.0,27.0,769.18884,0.0069695082,0.025,0.0,0.0,Dec,2,2,1,2,Returning_Visitor,False,False
0.0,0.0,0.0,0.0,28.0,749.13556,0.0,0.03436943,0.0,0.0,Aug,2,2,1,1,Returning_Visitor,False,False
0.0,0.0,0.0,0.0,21.0,451.7054,0.0,0.020773653,0.0,0.0,Dec,2,1,4,9,Returning_Visitor,False,False
6.0,176.4112,0.0,0.0,25.0,541.654,0.010268378,0.03333333,0.0,0.0,Dec,2,5,1,1,Returning_Visitor,False,False
0.0,0.0,0.0,0.0,22.0,535.41205,0.019889066,0.03639661,0.0,0.0,Dec,2,2,4,2,Returning_Visitor,False,False
3.0,82.65268,0.0,0.0,37.0,602.3316,0.0,0.016143464,0.0,0.0,Dec,1,1,1,2,Returning_Visitor,False,False
4.0,56.958836,0.0,0.0,43.60685,1391.4934,0.0,0.012090288,361.76373,0.0,Dec,2,2,1,2,Returning_Visitor,False,False
0.0,0.0,0.0,0.0,6.0,205.52263,0.0,0.0416281,0.0,0.0,Nov,4,2,1,2,Returning_Visitor,False,False
3.0,50.962227,0.0,0.0,21.0,574.24927,0.0,0.014703403,0.0,0.0,Nov,2,2,1,13,Returning_Visitor,False,False
0.0,0.0,0.0,0.0,19.0,448.35547,0.0,0.03333333,0.0,0.0,Dec,2,7,4,1,Returning_Visitor,False,False
0.0,0.0,0.0,0.0,27.0,702.3892,0.0,0.034732126,0.0,0.0,Dec,2,2,1,3,Returning_Visitor,False,False
0.0,0.0,0.0,0.0,23.0,660.3799,0.009090909,0.0325025,0.0,0.0,Aug,2,2,3,1,Returning_Visitor,False,False
3.0,50.237816,0.0,0.0,25.0,690.1476,0.0010979442,0.0209477,0.0,0.0,Nov,2,2,1,8,Returning_Visitor,False,False
0.0,0.0,0.0,0.0,20.0,382.10873,0.011581056,0.04,0.0,0.0,Dec,1,2,1,2,Returning_Visitor,False,False
4.0,60.071224,0.0,0.0,16.0,603.6805,0.0,0.022116868,0.0,0.0,Aug,2,2,1,2,Returning_Visitor,False,False
4.0,52.071915,0.0,0.0,25.0,981.04315,0.0,0.019434154,4.6316214,0.0,Dec,2,2,1,2,Returning_Visitor,False,False
0.0,0.0,0.0,0.0,31.0,668.97485,0.0,0.017363317,0.0,0.0,Nov,2,2,4,2,Returning_Visitor,False,True
0.0,0.0,0.0,0.0,18.0,333.58582,0.016666668,0.04,0.0,0.0,Nov,3,2,2,1,Returning_Visitor,False,False
0.0,0.0,0.0,0.0,24.0,316.05237,0.0044652876,0.027238281,0.0,0.0,Dec,2,2,9,3,Returning_Visitor,False,False
3.0,64.5672,2.0,100.76375,62.193916,1434.3439,0.0,0.014287676,7.417149,0.0,Aug,2,2,1,2,Returning_Visitor,False,False
7.0,154.8286,2.309944,186.15407,27.0,985.35077,0.0,0.017559849,0.0,0.0,Dec,4,1,1,2,Returning_Visitor,False,False
0.0,0.0,0.0,0.0,9.0,157.73213,0.0,0.031173462,0.0,0.0,Dec,2,2,1,2,Returning_Visitor,False,False
3.0,50.943336,0.0,0.0,20.0,917.57434,0.0,0.025,361.76373,0.0,Dec,2,2,2,1,Returning_Visitor,False,False
0.0,0.0,0.0,0.0,32.92646,1020.81287,0.014303068,0.0322181,0.0,0.0,Aug,4,1,1,1,Returning_Visitor,False,False
0.0,0.0,0.0,0.0,43.571014,834.9153,0.012536365,0.031455237,0.0,0.0,Dec,2,2,7,1,Returning_Visitor,False,False
3.0,52.23268,0.0,0.0,29.0,882.39996,0.0125,0.035875164,0.0,0.0,Dec,2,2,7,3,Returning_Visitor,False,False
0.0,0.0,0.0,0.0,10.0,311.56512,0.0,0.03333333,0.0,0.0,Aug,2,2,4,13,Returning_Visitor,False,False
4.4008985,72.13252,1.0,50.8633,38.694332,779.46545,0.0,0.014127825,0.0,0.0,Nov,2,2,1,9,Returning_Visitor,False,False
2.0,43.4366,0.0,0.0,25.0,644.11755,0.0,0.011111111,0.0,0.0,Dec,2,2,1,13,Returning_Visitor,False,False
3.0,73.85121,0.0,0.0,25.374462,582.34607,0.0,0.014518212,0.0,0.0,Dec,1,2,1,2,Returning_Visitor,False,False
0.0,0.0,0.0,0.0,13.0,587.9081,0.0,0.031053327,0.0,0.0,Dec,2,2,3,1,Returning_Visitor,False,False
0.0,0.0,0.0,0.0,9.0,245.3558,0.0,0.0327216,0.0,0.0,Nov,2,2,4,9,Returning_Visitor,False,False
0.0,0.0,0.0,0.0,34.0,850.6649,0.0,0.023466391,0.0,0.0,Dec,3,2,6,2,Returning_Visitor,False,False
4.0,135.41954,0.0,0.0,28.784801,1329.3568,0.012219932,0.028571429,0.0,0.0,Aug,1,4,1,3,Returning_Visitor,False,False
2.0,45.411644,0.0,0.0,14.0,420.22263,0.0,0.030751692,0.0,0.0,Dec,2,2,1,2,Returning_Visitor,False,False
2.0,11.128951,0.0,0.0,23.0,758.55225,0.0,0.028085325,0.0,0.0,Dec,2,2,4,3,Returning_Visitor,False,False
3.0,82.32374,0.0,0.0,15.0,400.06845,0.025,0.04,0.0,0.0,Jul,3,2,1,1,Returning_Visitor,False,False
0.0,0.0,0.0,0.0,10.0,202.00269,0.0,0.048919946,0.0,0.0,Nov,2,2,1,1,Returning_Visitor,False,False
0.0,0.0,0.0,0.0,25.0,778.11475,0.025,0.04554563,0.0,0.0,Dec,1,1,1,1,Returning_Visitor,False,False
0.0,0.0,0.0,0.0,15.0,261.7149,0.0,0.034998406,0.0,0.0,Nov,1,1,1,2,Returning_Visitor,False,False
0.0,0.0,0.0,0.0,19.0,255.98073,0.0020871405,0.03801302,0.0,0.0,Dec,2,4,3,1,Returning_Visitor,False,False
0.0,0.0,0.0,0.0,18.0,542.54395,0.0,0.03285186,0.0,0.0,Nov,2,8,1,13,Returning_Visitor,False,False
0.0,0.0,0.0,0.0,13.0,254.08926,0.0,0.034510996,0.0,0.0,Dec,3,2,1,8,Returning_Visitor,False,False
0.0,0.0,0.0,0.0,17.0,276.4411,0.0,0.02771703,0.0,0.0,Nov,4,2,9,9,Returning_Visitor,False,False
0.0,0.0,0.0,0.0,17.0,676.3128,0.030018158,0.062178843,0.0,0.0,Dec,4,1,7,3,Returning_Visitor,False,False
0.0,0.0,0.0,0.0,16.0,270.3775,0.0023072232,0.029412951,0.0,0.0,Mar,2,2,1,2,Returning_Visitor,False,False
0.0,0.0,0.0,0.0,13.0,308.55164,0.025045978,0.044444446,0.0,0.0,Dec,4,2,1,2,Returning_Visitor,False,False
4.0,70.9555,0.0,0.0,26.0,581.2826,0.0,0.016666668,0.0,0.0,Sep,2,2,4,2,Returning_Visitor,False,False
3.0,48.971848,0.0,0.0,37.0,631.3122,0.004256635,0.02,0.0,0.0,Dec,2,2,6,2,Returning_Visitor,False,False
4.0,76.937485,0.0,0.0,44.0,1423.0907,0.0,0.016666668,0.0,0.0,Dec,2,2,9,1,Returning_Visitor,False,False
0.0,0.0,0.0,0.0,11.0,254.26595,0.0,0.035178315,0.0,0.0,Dec,2,6,1,1,Returning_Visitor,False,False
0.0,0.0,0.0,0.0,26.0,1286.21,0.0,0.015289053,0.0,0.0,Dec,2,2,1,2,Returning_Visitor,False,False
0.0,0.0,0.0,0.0,19.0,425.91583,0.0,0.018181818,0.0,0.0,Aug,4,4,3,13,New_Visitor,False,False
1.0,15.490067,0.0,0.0,53.51987,1490.0422,0.0,0.009178178,0.0,0.0,Aug,2,2,2,2,Returning_Visitor,False,False
0.0,0.0,0.0,0.0,16.0,410.66647,0.028571429,0.056967914,0.0,0.0,Nov,2,4,1,1,Returning_Visitor,False,False
0.0,0.0,0.0,0.0,25.493877,471.4704,0.020470735,0.04,0.0,0.0,Dec,2,2,1,1,Returning_Visitor,False,False
0.0,0.0,0.0,0.0,14.340549,276.50732,0.00029856781,0.039992515,0.0,0.0,Nov,2,2,1,2,Returning_Visitor,False,False
0.0,0.0,0.0,0.0,24.0,730.2789,0.0,0.021287765,0.0,0.0,Nov,2,2,4,2,Returning_Visitor,False,False
5.0,85.69049,0.0,0.0,42.0,1303.4603,0.0,0.016569018,0.0,0.0,Aug,2,2,1,2,Returning_Visitor,False,False
0.0,0.0,0.0,0.0,13.0,585.5637,0.0,0.026580412,0.0,0.0,Nov,2,2,1,2,Returning_Visitor,False,False
0.0,0.0,0.0,0.0,22.0,348.46848,0.018201025,0.038148284,0.0,0.0,Dec,4,4,1,1,Returning_Visitor,True,False
5.0,76.46112,1.0,54.583282,47.7243,1648.0254,0.0,0.01606594,0.0,0.0,Nov,2,2,1,2,Returning_Visitor,False,False
0.0,0.0,0.0,0.0,22.0,539.3762,0.02,0.039915983,0.0,0.0,Aug,2,2,7,1,Returning_Visitor,False,False
0.0,0.0,0.0,0.0,11.0,262.33633,0.0,0.032327723,0.0,0.0,Mar,2,2,7,13,Returning_Visitor,False,False
4.0,100.519394,0.0,0.0,33.0,1009.50616,0.009878791,0.030753767,0.0,0.0,Dec,2,2,1,2,Returning_Visitor,False,False
0.0,0.0,0.0,0.0,9.0,128.93439,0.06666667,0.09357904,0.0,0.0,Aug,2,2,1,1,Returning_Visitor,False,False
0.0,0.0,0.0,0.0,9.0,207.64067,0.0,0.04,0.0,0.0,Dec,1,2,2,10,Returning_Visitor,False,False
2.0,35.411125,0.0,0.0,30.551947,654.25,0.0,0.011764706,36.23035,0.0,Nov,2,2,1,2,Returning_Visitor,False,True
3.0,45.556965,0.0,0.0,28.0,565.82117,0.013333333,0.029777795,0.0,0.0,Dec,2,2,1,2,Returning_Visitor,False,False
0.0,0.0,0.0,0.0,24.0,799.56915,0.018907078,0.04,0.0,0.0,Dec,1,2,7,1,Returning_Visitor,False,False
0.0,0.0,0.0,0.0,15.0,307.22635,0.0,0.029191125,0.0,0.0,Nov,4,2,7,1,Returning_Visitor,False,False
0.0,0.0,0.0,0.0,5.0,110.00183,0.0,0.04,0.0,0.0,Nov,2,2,2,13,Returning_Visitor,False,False
0.0,0.0,0.0,0.0,27.02224,735.353,0.0,0.0128598735,0.0,0.0,Nov,2,2,1,3,Returning_Visitor,False,True
5.0,131.92307,2.0,78.82628,25.0,605.0745,0.016191525,0.02933023,0.0,0.0,Sep,1,2,1,2,Returning_Visitor,False,False
4.0,90.48044,0.0,0.0,29.441933,558.77783,0.0,0.012486838,0.0,0.0,Dec,2,1,3,2,New_Visitor,False,False
2.399981,66.30034,0.0,0.0,20.0,492.6435,0.0,0.015649052,0.0,0.0,Dec,4,3,9,1,Returning_Visitor,False,False
0.0,0.0,0.0,0.0,16.0,499.20355,0.0,0.025,0.0,0.0,Nov,2,2,1,2,Returning_Visitor,False,False
2.0,34.744347,0.0,0.0,49.73438,2181.4028,0.009385297,0.028571429,0.0,0.0,Nov,2,2,1,2,Returning_Visitor,False,False
0.0,0.0,0.0,0.0,15.0,398.22302,0.0,0.02271807,0.0,0.0,Nov,3,2,9,1,Returning_Visitor,False,False
3.0,57.58088,0.0,0.0,26.0,673.56415,0.0,0.014321415,0.0,0.0,Dec,2,2,4,2,New_Visitor,False,False
0.0,0.0,0.0,0.0,14.0,264.30237,0.0125,0.028558245,0.0,0.0,Dec,3,2,7,13,Returning_Visitor,True,False
0.0,0.0,0.0,0.0,7.0,179.3292,0.0,0.03478123,0.0,0.0,Dec,2,4,1,2,Returning_Visitor,False,False
2.0,45.29423,0.0,0.0,20.0,588.1919,0.0,0.01,0.0,0.0,Dec,2,2,4,8,Returning_Visitor,False,False
0.0,0.0,0.0,0.0,31.354237,656.1166,0.0,0.017569637,0.0,0.0,May,2,2,1,3,Returning_Visitor,False,False
3.0,50.478626,0.0,0.0,39.0,1380.8007,0.0,0.016267687,0.0,0.0,Nov,2,2,6,2,Returning_Visitor,False,False
0.0,0.0,0.0,0.0,14.0,238.9102,0.0,0.031190183,0.0,0.0,Dec,2,2,1,1,Returning_Visitor,False,False
0.0,0.0,0.0,0.0,17.0,419.30466,0.0,0.025,0.0,0.0,Nov,2,2,1,2,Returning_Visitor,False,False
3.0,54.479145,0.0,0.0,27.0,787.7725,0.0,0.019844979,0.0,0.0,Dec,2,2,4,2,Returning_Visitor,False,False
2.0,13.227561,0.0,0.0,35.246162,920.48456,0.0,0.012316735,0.0,0.0,Dec,2,2,4,2,Returning_Visitor,False,False
0.0,0.0,0.0,0.0,25.385204,819.183,0.005668552,0.026628815,0.0,0.0,Dec,2,2,4,8,Returning_Visitor,False,True
0.0,0.0,0.0,0.0,18.0,461.11365,0.0,0.03333333,0.0,0.0,Dec,3,2,8,1,Returning_Visitor,False,False
0.0,0.0,0.0,0.0,16.416811,273.68365,0.0137434,0.05,0.0,0.0,Aug,1,1,1,13,Returning_Visitor,False,False
0.0,0.0,0.0,0.0,28.0,649.0632,0.0,0.021627126,0.0,0.0,Dec,1,2,4,20,Returning_Visitor,False,False
3.0,54.972095,0.0,0.0,38.0,1011.5397,0.010091191,0.031167522,0.0,0.0,Aug,2,6,7,1,Returning_Visitor,False,False
0.0,0.0,0.0,0.0,33.38821,847.23096,0.0,0.0124379555,21.919968,0.0,Dec,2,2,1,2,Returning_Visitor,False,True
0.0,0.0,0.0,0.0,24.0,474.51477,0.013679053,0.02830591,0.0,0.0,Dec,2,2,7,2,Returning_Visitor,False,False
0.0,0.0,0.0,0.0,20.0,373.91306,0.011409397,0.03333333,0.0,0.0,Dec,2,12,1,2,Returning_Visitor,False,False
0.0,0.0,0.0,0.0,37.0,929.6336,0.0056227995,0.023355415,0.0,0.0,Nov,2,2,7,10,Returning_Visitor,False,False
2.0,55.853382,0.0,0.0,48.099037,1550.5061,0.0,0.014699124,11.18199,0.0,Aug,4,2,1,2,Returning_Visitor,False,True
0.0,0.0,0.0,0.0,14.0,242.58467,0.029541127,0.045753706,0.0,0.0,Aug,1,2,7,1,Returning_Visitor,False,False
4.0,93.79825,0.0,0.0,41.0,1017.3979,0.0,0.0069127004,0.0,0.0,Nov,2,2,1,2,Returning_Visitor,False,False
5.0,113.12955,0.0,0.0,26.413166,579.4881,0.0,0.015082827,5.111717,0.0,Dec,4,1,1,2,New_Visitor,False,False
3.0,74.111336,0.0,0.0,17.0,503.86432,0.0,0.008435433,0.0,0.0,Mar,2,4,7,13,Returning_Visitor,False,False
0.0,0.0,0.0,0.0,15.728637,474.69708,0.0,0.025,0.0,0.0,Dec,3,2,1,9,Returning_Visitor,False,False
2.5740106,47.397263,0.0,0.0,18.0,464.00162,0.0,0.019535273,0.0,0.0,Dec,2,2,1,2,Returning_Visitor,False,False
0.0,0.0,0.0,0.0,39.0,1447.2244,0.0074209683,0.020268677,0.0,0.0,Dec,2,2,1,8,Returning_Visitor,False,False
3.0,37.68151,0.0,0.0,42.0,1017.00586,0.005422917,0.022015013,0.0,0.0,Nov,2,2,1,2,Returning_Visitor,False,False
0.0,0.0,0.0,0.0,14.0,277.38034,0.0,0.028561711,0.0,0.0,Nov,4,2,6,9,Returning_Visitor,False,False
3.0,99.409615,0.0,0.0,27.0,700.61975,0.0,0.008032,0.0,0.0,Dec,2,2,1,2,New_Visitor,False,False
0.0,0.0,0.0,0.0,25.0,736.4998,0.0,0.02,0.0,0.0,Dec,2,2,2,1,Returning_Visitor,False,False
0.0,0.0,0.0,0.0,6.0,158.96011,0.0,0.045443237,0.0,0.0,Dec,2,2,1,13,Returning_Visitor,False,False
0.0,0.0,0.0,0.0,14.0,353.74045,0.0,0.04207971,0.0,0.0,Dec,2,4,1,1,Returning_Visitor,True,False
0.0,0.0,0.0,0.0,7.0,223.84142,0.0,0.02793739,0.0,0.0,Aug,4,4,1,10,Returning_Visitor,False,False
0.0,0.0,0.0,0.0,20.0,572.7231,0.020292098,0.05,0.0,0.0,Nov,2,2,1,13,Returning_Visitor,False,False
0.0,0.0,0.0,0.0,24.0,559.8236,0.0041900515,0.037656322,0.0,0.0,Nov,2,12,9,1,Returning_Visitor,True,False
0.0,0.0,0.0,0.0,39.09917,1847.8702,0.0,0.024232712,0.0,0.0,Nov,2,2,4,1,Returning_Visitor,False,False
4.0,94.16646,0.0,0.0,30.0,876.46545,0.005063591,0.023043793,0.0,0.0,Dec,2,2,9,2,Returning_Visitor,False,False
2.0,52.96248,0.0,0.0,17.0,507.26166,0.0,0.010050077,0.0,0.0,Dec,1,1,4,2,Returning_Visitor,False,False
4.0,100.049805,0.0,0.0,26.798874,657.0588,0.0,0.015538182,0.0,0.0,Dec,2,5,1,13,Returning_Visitor,False,False
4.0,67.53186,0.0,0.0,47.923416,1900.353,0.006284817,0.022769257,0.0,0.0,Nov,2,2,1,1,Returning_Visitor,False,False
0.0,0.0,0.0,0.0,21.0,365.1562,0.0,0.03333333,0.0,0.0,Dec,2,2,1,2,Returning_Visitor,False,False
7.0,106.7389,0.0,0.0,72.61717,2171.8162,0.0072192494,0.020200469,361.73596,0.0,Dec,1,2,1,3,Returning_Visitor,False,False
0.0,0.0,0.0,0.0,29.0,834.0856,0.006261123,0.03333333,0.0,0.0,Dec,2,2,1,2,Returning_Visitor,False,False
3.0,61.319035,0.0,0.0,26.0,473.4664,0.0,0.013315497,0.0,0.0,Aug,2,2,1,2,Returning_Visitor,False,False
0.0,0.0,0.0,0.0,17.0,704.7665,0.0,0.02,0.0,0.0,Nov,2,2,4,2,Returning_Visitor,False,False
3.0,61.86471,0.0,0.0,18.613285,306.79297,0.0,0.016666668,0.0,0.0,Aug,1,1,7,1,Returning_Visitor,False,False
4.0,85.79884,0.0,0.0,17.0,320.13318,0.0,0.025009122,0.0,0.0,Sep,2,2,1,1,Returning_Visitor,False,False
3.0,66.93336,0.0,0.0,21.0,491.41534,0.0,0.013353471,0.0,0.0,Nov,1,1,8,2,Returning_Visitor,False,False
0.0,0.0,0.0,0.0,23.319386,464.92487,0.017137384,0.045580804,0.0,0.0,Dec,2,4,3,1,Returning_Visitor,False,False
0.0,0.0,0.0,0.0,27.0,663.444,0.025931017,0.05,0.0,0.0,Dec,2,2,9,1,Returning_Visitor,False,False
4.0,116.54991,0.0,0.0,34.0,1169.1611,0.0,0.016666668,0.0,0.0,Dec,2,2,1,9,Returning_Visitor,False,False
0.0,0.0,0.0,0.0,39.0,910.0452,0.0030143396,0.015384615,361.76373,0.0,Dec,4,1,1,2,Returning_Visitor,False,False
0.0,0.0,0.0,0.0,15.0,531.526,0.0,0.016515903,0.0,0.0,Dec,2,2,1,19,Returning_Visitor,False,False
4.0,75.3816,0.0,0.0,23.0,680.17786,0.0,0.0135943,0.0,0.0,Jul,2,2,4,2,Returning_Visitor,False,False
2.0,55.443466,0.0,0.0,13.0,380.203,0.0,0.020751942,0.0,0.0,Sep,2,2,1,1,Returning_Visitor,False,False
4.0,78.652626,0.0,0.0,42.0,2027.6665,0.0047435327,0.019723643,0.0,0.0,May,2,2,1,2,Returning_Visitor,False,False
0.0,0.0,0.0,0.0,15.973805,321.83414,0.0,0.025,0.0,0.0,Nov,2,2,1,1,Returning_Visitor,False,False
4.0,69.238174,0.0,0.0,39.950615,1638.2217,0.0,0.013240543,14.511122,0.0,Dec,2,2,1,2,Returning_Visitor,False,False
3.0,156.51202,0.0,0.0,28.587132,668.42737,0.008333333,0.017108753,0.0,0.0,Nov,3,2,4,2,Returning_Visitor,False,False
3.0,49.798615,0.0,0.0,33.916157,1214.7308,0.0,0.017628796,0.0,0.0,Aug,2,2,1,2,Returning_Visitor,False,False
3.0,55.276173,0.0,0.0,42.841194,833.5564,0.0,0.0125,0.0,0.0,Nov,2,2,6,2,New_Visitor,False,False
0.0,0.0,0.0,0.0,14.0,260.31955,0.0,0.033225518,0.0,0.0,Nov,1,2,1,1,Returning_Visitor,False,False
0.0,0.0,0.0,0.0,13.0,232.47276,0.0,0.022222223,0.0,0.0,Nov,2,2,1,2,Returning_Visitor,False,False
0.0,0.0,0.0,0.0,13.0,482.2926,0.0,0.02332254,361.76373,0.0,Dec,2,4,1,10,Returning_Visitor,False,False
3.0,75.262054,0.0,0.0,27.0,808.09,0.0025994913,0.02,0.0,0.0,Nov,2,2,7,2,Returning_Visitor,False,False
4.0,54.95844,0.0,0.0,25.0,604.22864,0.011062968,0.023518872,0.0,0.0,Jul,1,1,1,2,Returning_Visitor,False,False
0.0,0.0,0.0,0.0,22.0,419.86807,0.0,0.023597125,0.0,0.0,Nov,2,2,9,13,Returning_Visitor,False,False
0.0,0.0,0.0,0.0,41.34672,770.46234,0.0,0.012858815,0.0,0.0,Nov,4,2,4,2,Returning_Visitor,False,False
3.0,137.17227,0.0,0.0,31.0,616.91797,0.0,0.014372618,0.0,0.0,Jul,1,2,4,2,Returning_Visitor,False,False
0.0,0.0,0.0,0.0,8.0,135.98926,0.0,0.057447184,0.0,0.0,Dec,2,2,1,3,Returning_Visitor,False,False
0.0,0.0,0.0,0.0,17.469753,371.93445,0.0,0.022222223,0.0,0.0,Nov,2,2,1,2,Returning_Visitor,False,False
0.0,0.0,0.0,0.0,13.0,251.12419,0.023796441,0.04564975,0.0,0.0,Nov,2,4,1,1,Returning_Visitor,False,False
4.0,72.85939,0.0,0.0,37.0,1176.8546,0.0,0.013991986,17.27186,0.0,Nov,2,2,1,2,Returning_Visitor,False,True
3.0,53.43823,0.0,0.0,17.0,499.3186,0.014723535,0.04,0.0,0.0,Aug,2,2,1,2,Returning_Visitor,False,False
0.0,0.0,0.0,0.0,5.0,79.095535,0.0,0.046558674,0.0,0.0,Feb,2,2,7,1,Returning_Visitor,False,False
7.0,131.57391,2.0,26.306541,72.506004,2617.061,0.0,0.0118443165,0.0,0.0,Aug,2,2,1,2,Returning_Visitor,False,False
4.0,60.124687,0.0,0.0,33.0,869.7707,0.0060870596,0.019182902,0.0,0.0,Nov,2,2,1,1,Returning_Visitor,False,False
1.0,14.917201,0.0,0.0,28.0,651.99097,0.015735896,0.030661691,0.0,0.0,Nov,3,2,1,13,Returning_Visitor,False,False
2.0,45.4506,0.0,0.0,22.0,682.185,0.0,0.02347348,0.0,0.0,Oct,2,2,6,1,Returning_Visitor,False,False
0.0,0.0,0.0,0.0,21.0,348.45566,0.0,0.029670626,0.0,0.0,Dec,2,2,1,3,Returning_Visitor,True,False
0.0,0.0,0.0,0.0,27.0,608.73846,0.006897919,0.021217141,0.0,0.0,Jul,2,2,6,10,Returning_Visitor,True,False
0.0,0.0,0.0,0.0,17.846222,387.1458,0.0,0.025831483,0.0,0.0,Nov,2,2,1,1,Returning_Visitor,False,False
0.0,0.0,0.0,0.0,25.0,662.16095,0.0,0.021217873,0.0,0.0,Dec,1,2,1,3,Returning_Visitor,False,False
0.0,0.0,0.0,0.0,25.0,638.7982,0.0,0.019451661,0.0,0.0,Aug,7,2,1,2,Returning_Visitor,False,False
0.0,0.0,0.0,0.0,10.0,446.15887,0.0,0.04,0.0,0.0,Aug,2,2,1,1,Returning_Visitor,False,False
4.0,94.0773,0.0,0.0,51.190155,1879.725,0.0,0.013333333,9.329641,0.0,Aug,2,2,7,1,Returning_Visitor,False,True
3.0,71.91255,0.0,0.0,20.0,544.87085,0.0,0.016666668,0.0,0.0,Dec,1,1,1,2,Returning_Visitor,False,False
4.0,62.291958,0.0,0.0,36.349857,676.08307,0.0,0.0125,0.0,0.0,Nov,2,4,7,2,Returning_Visitor,False,False
0.0,0.0,0.0,0.0,19.0,508.69702,0.01916228,0.04432458,0.0,0.0,Dec,1,2,4,3,Returning_Visitor,False,False
3.0,82.22692,0.0,0.0,41.24076,1562.1913,0.008429737,0.02257382,8.498399,0.0,Dec,2,2,6,1,Returning_Visitor,False,True
0.0,0.0,0.0,0.0,31.0,627.6461,0.0057530324,0.018890021,0.0,0.0,Nov,3,2,3,2,Returning_Visitor,False,False
3.0,40.257004,0.0,0.0,26.415709,564.75397,0.012856457,0.02856556,0.0,0.0,Dec,2,2,1,1,Returning_Visitor,False,False
2.0,25.860842,0.0,0.0,23.0,438.0714,0.0,0.013333333,0.0,0.0,Dec,4,4,1,2,Returning_Visitor,False,False
1.0,0.0,0.0,0.0,20.0,628.57416,0.0,0.02,0.0,0.0,Dec,2,2,1,3,Returning_Visitor,False,False
4.0,50.118603,0.0,0.0,24.0,643.9996,0.006994831,0.023512354,0.0,0.0,Dec,3,2,1,2,Returning_Visitor,False,False
3.0,100.44243,0.0,0.0,34.570538,1085.643,0.0070727295,0.021579163,0.0,0.0,Nov,2,2,1,2,Returning_Visitor,False,False
3.0,67.28351,0.0,0.0,31.193127,984.53156,0.0,0.015384615,0.0,0.0,Aug,2,1,1,1,Returning_Visitor,False,False
3.0,64.33901,0.0,0.0,20.096027,551.0912,0.0,0.022199403,0.0,0.0,Nov,2,2,2,9,Returning_Visitor,False,False
0.0,0.0,0.0,0.0,16.0,438.8756,0.0211777,0.05535611,0.0,0.0,Dec,1,1,4,1,Returning_Visitor,False,False
0.0,0.0,0.0,0.0,39.0,1004.86096,0.0,0.0090656625,0.0,0.0,Nov,1,1,1,19,Returning_Visitor,False,False
4.0,55.96402,0.0,0.0,34.489124,802.546,0.006304429,0.0154798,7.2994595,0.0,Dec,4,2,4,3,Returning_Visitor,False,False
0.0,0.0,0.0,0.0,25.0,789.7558,0.023252763,0.04,0.0,0.0,Dec,2,2,1,1,Returning_Visitor,False,False
3.0,63.35646,0.0,0.0,37.0,1515.4396,0.0013705005,0.021439929,0.0,0.0,Dec,2,1,4,1,Returning_Visitor,False,False
0.0,0.0,0.0,0.0,12.0,338.23227,0.022222223,0.05,0.0,0.0,Nov,2,2,1,3,Returning_Visitor,False,False
0.0,0.0,0.0,0.0,28.0,799.092,0.0,0.031133732,0.0,0.0,Nov,2,2,4,3,Returning_Visitor,False,False
0.0,0.0,0.0,0.0,4.0,67.083,0.0,0.05268733,0.0,0.0,Dec,4,2,1,2,Returning_Visitor,False,False
0.0,0.0,0.0,0.0,24.0,697.0457,0.0,0.023440028,0.0,0.0,Dec,2,2,1,2,Returning_Visitor,False,False
0.0,0.0,0.0,0.0,13.0,536.65656,0.0,0.023033824,0.0,0.0,Dec,2,2,1,2,Returning_Visitor,False,False
5.0,69.03827,0.0,0.0,22.0,335.8952,0.0,0.019295236,0.0,0.0,Dec,4,4,1,13,Returning_Visitor,False,False
0.0,0.0,0.0,0.0,15.0,439.95712,0.0,0.030633971,0.0,0.0,Dec,2,2,3,1,Returning_Visitor,False,False
2.0,58.52289,0.0,0.0,15.587746,445.28055,0.0,0.008333333,0.0,0.0,Nov,1,1,9,8,New_Visitor,False,False
3.0,79.28405,0.0,0.0,26.0,813.7795,0.0,0.015418012,0.0,0.0,Aug,1,2,9,2,Returning_Visitor,False,False
0.0,0.0,0.0,0.0,23.454966,682.3344,0.0,0.016695177,0.0,0.0,Nov,2,2,1,1,Returning_Visitor,False,False
0.0,0.0,0.0,0.0,24.160538,1023.5223,0.0,0.01573426,0.0,0.0,Dec,2,2,1,2,Returning_Visitor,False,False
0.0,0.0,0.0,0.0,23.59567,694.76776,0.0,0.018159857,0.0,0.0,Nov,1,2,1,2,Returning_Visitor,False,False
0.0,0.0,0.0,0.0,29.645573,558.3566,0.013333333,0.028557617,0.0,0.0,Aug,1,4,1,2,Returning_Visitor,False,False
3.0,56.74235,0.0,0.0,30.0,822.93896,0.015675372,0.03393414,0.0,0.0,Sep,1,1,1,1,Returning_Visitor,False,False
0.0,0.0,0.0,0.0,13.0,351.43317,0.0,0.02902064,0.0,0.0,Nov,3,2,1,3,Returning_Visitor,False,False
0.0,0.0,0.0,0.0,11.0,259.47897,0.0,0.04,0.0,0.0,Aug,2,2,2,3,Returning_Visitor,False,False
2.9113321,73.36589,0.0,0.0,42.0,1640.2565,0.007692308,0.025,0.0,0.0,Aug,2,2,6,1,Returning_Visitor,False,False
3.0,43.138145,0.0,0.0,16.0,430.40262,0.0,0.01824206,0.0,0.0,Dec,2,2,4,1,Returning_Visitor,False,False
3.0,95.600525,0.0,0.0,60.74309,2398.8838,0.0088482015,0.02491413,0.0,0.0,Aug,2,2,3,1,Returning_Visitor,False,False
0.0,0.0,0.0,0.0,29.0,1055.9259,0.0051441505,0.029866371,0.0,0.0,Dec,1,4,1,2,Returning_Visitor,False,False
0.0,0.0,0.0,0.0,10.0,347.1958,0.0,0.03460524,0.0,0.0,Nov,1,4,2,3,Returning_Visitor,False,False
6.0,122.19788,0.0,0.0,27.703384,767.8168,0.0041378597,0.025454586,0.0,0.0,Dec,2,2,1,1,Returning_Visitor,False,False
3.0,78.402954,0.0,0.0,24.0,717.70294,0.0,0.01956193,0.0,0.0,Dec,2,2,6,13,Returning_Visitor,False,False
3.0,52.28886,0.0,0.0,29.0,609.16016,0.0,0.011536623,0.0,0.0,Nov,4,1,1,2,Returning_Visitor,False,False
0.0,0.0,0.0,0.0,29.0,633.7425,0.013498877,0.03333333,0.0,0.0,Dec,2,2,7,13,Returning_Visitor,False,False
0.0,0.0,0.0,0.0,15.0,363.2396,0.0,0.035165224,0.0,0.0,Nov,4,2,6,1,Returning_Visitor,False,False
2.0,121.95882,0.0,0.0,14.0,340.62128,0.0,0.015062766,0.0,0.0,Dec,1,1,1,2,New_Visitor,False,False
4.0,70.022354,0.0,0.0,29.0,749.1004,0.0,0.01152164,0.0,0.0,Sep,2,2,1,3,Returning_Visitor,False,False
0.0,0.0,0.0,0.0,20.0,297.44238,0.0,0.02,0.0,0.0,Dec,2,2,1,1,Returning_Visitor,False,False
0.0,0.0,0.0,0.0,21.759474,574.46924,0.0,0.024740186,0.0,0.0,Nov,2,2,1,2,Returning_Visitor,False,False
0.0,0.0,0.0,0.0,36.0,801.7266,0.0,0.025106695,0.0,0.0,Dec,2,2,1,2,Returning_Visitor,False,False
1.0,0.1751982,0.0,0.0,31.0,770.19147,0.0,0.015384615,0.0,0.0,Dec,2,2,9,2,Returning_Visitor,False,False
0.0,0.0,0.0,0.0,30.10634,809.09515,0.0,0.019100342,0.0,0.0,Nov,2,2,1,10,Returning_Visitor,False,False
0.0,0.0,0.0,0.0,27.0,672.9675,0.0,0.016666668,0.0,0.0,Nov,2,2,1,1,Returning_Visitor,False,False
0.0,0.0,0.0,0.0,22.0,460.52347,0.0,0.01665108,0.0,0.0,Nov,4,2,7,3,Returning_Visitor,False,False
0.0,0.0,0.0,0.0,28.38009,754.7208,0.0,0.025,0.0,0.0,Dec,2,5,1,2,Returning_Visitor,False,False
4.0,81.077675,0.0,0.0,28.0,531.7854,0.0,0.015818823,0.0,0.0,Dec,3,2,1,2,Returning_Visitor,False,False
0.0,0.0,0.0,0.0,13.0,415.13943,0.0,0.025951955,0.0,0.0,Mar,2,2,1,1,Returning_Visitor,False,False
3.0,64.92984,0.0,0.0,17.0,622.5893,0.013629243,0.038704045,0.0,0.0,Nov,4,2,1,3,Returning_Visitor,False,False
0.0,0.0,0.0,0.0,23.0,503.45847,0.0125,0.036009923,0.0,0.0,Aug,1,1,7,3,Returning_Visitor,False,False
0.0,0.0,0.0,0.0,23.0,588.2621,0.0,0.030089425,0.0,0.0,Dec,2,2,3,2,Returning_Visitor,False,False
2.0,39.14276,0.0,0.0,27.0,660.6981,0.010204221,0.026757823,0.0,0.0,Aug,2,2,1,13,Returning_Visitor,False,False
0.0,0.0,0.0,0.0,11.0,231.91127,0.0,0.021816112,0.0,0.0,Dec,2,2,2,1,Returning_Visitor,False,False
1.0,10.40067,0.0,0.0,15.0,334.94614,0.028571429,0.05,0.0,0.0,Nov,1,2,1,1,Returning_Visitor,False,False
0.0,0.0,0.0,0.0,23.0,830.5987,0.015384615,0.03333333,0.0,0.0,Dec,2,2,7,13,Returning_Visitor,False,False
3.0,97.96267,0.0,0.0,11.0,234.8064,0.0,0.02,0.0,0.0,Aug,1,2,9,1,Returning_Visitor,False,False
3.0,59.17196,0.0,0.0,48.326004,1568.7615,0.005530654,0.020806145,0.0,0.0,Aug,2,2,8,1,Returning_Visitor,False,False
0.0,0.0,0.0,0.0,22.0,369.84683,0.0,0.027924517,0.0,0.0,Dec,3,2,1,1,Returning_Visitor,False,False
0.0,0.0,0.0,0.0,46.0,974.86774,0.0,0.018618071,0.0,0.0,Nov,2,2,1,8,Returning_Visitor,False,False
0.0,0.0,0.0,0.0,16.0,422.3245,0.0,0.03044951,0.0,0.0,Aug,2,2,1,2,Returning_Visitor,False,False
2.0,40.0774,0.0,0.0,24.0,1315.1123,0.0,0.025,0.0,0.0,Nov,2,2,1,1,Returning_Visitor,False,False
2.0,30.283993,0.0,0.0,17.0,467.7614,0.0,0.025,0.0,0.0,Nov,2,2,7,2,Returning_Visitor,False,True
0.0,0.0,0.0,0.0,27.0,729.34015,0.0,0.014575522,0.0,0.0,Nov,2,2,3,8,Returning_Visitor,False,False
0.0,0.0,0.0,0.0,19.0,374.33017,0.0,0.022467185,0.0,0.0,Nov,4,2,1,1,Returning_Visitor,False,False
0.0,0.0,0.0,0.0,27.0,1600.2029,0.0075256345,0.025,0.0,0.0,Nov,2,2,8,2,Returning_Visitor,False,False
0.0,0.0,0.0,0.0,15.0,271.35498,0.0,0.03333333,0.0,0.0,Dec,4,2,6,3,Returning_Visitor,False,False
2.0,35.725193,0.0,0.0,28.0,722.62024,0.0,0.016666668,0.0,0.0,Nov,2,2,1,2,Returning_Visitor,False,False
0.0,0.0,0.0,0.0,17.0,590.50494,0.0,0.028571429,0.0,0.0,Jul,2,2,1,3,Returning_Visitor,False,False
5.0,117.41336,2.0,0.0,49.206947,2114.8552,0.008033168,0.017874697,8.132815,0.0,Dec,1,1,1,2,Returning_Visitor,False,False
3.0,55.95723,0.0,0.0,41.0,1452.9364,0.0,0.019076286,0.0,0.0,Dec,2,2,1,1,Returning_Visitor,False,False
2.0,45.40297,0.0,0.0,9.0,189.09464,0.0,0.022222223,0.0,0.0,Dec,4,4,1,3,Returning_Visitor,False,False
0.0,0.0,0.0,0.0,12.0,306.9574,0.0,0.03333333,0.0,0.0,Nov,2,2,1,2,Returning_Visitor,False,False
6.0,172.31825,1.0,0.0,27.0,705.52466,0.013084636,0.022313414,0.0,0.0,Dec,1,2,1,2,Returning_Visitor,False,False
0.0,0.0,0.0,0.0,26.0,634.4335,0.017716654,0.03333333,0.0,0.0,Dec,1,1,1,8,Returning_Visitor,False,False
0.0,0.0,0.0,0.0,11.0,217.94307,0.032748457,0.053834833,0.0,0.0,Nov,3,2,1,13,Returning_Visitor,False,False
5.0,74.83552,0.0,0.0,38.388363,712.51666,0.0,0.012523166,0.0,0.0,Jul,2,1,1,2,Returning_Visitor,False,False
2.0,64.046974,0.0,0.0,13.0,661.1433,0.0,0.018239688,0.0,0.0,Mar,2,2,1,1,Returning_Visitor,False,False
2.0,24.462822,0.0,0.0,21.0,316.85028,0.0,0.02361285,0.0,0.0,Dec,2,2,1,1,Returning_Visitor,False,False
0.0,0.0,0.0,0.0,13.0,383.63016,0.0,0.02764857,0.0,0.0,Dec,2,2,3,1,Returning_Visitor,False,False
0.0,0.0,0.0,0.0,25.260117,1040.4824,0.020667316,0.037091583,0.0,0.0,Nov,1,1,1,1,Returning_Visitor,False,False
2.0,33.25959,0.0,0.0,27.0,647.1199,0.0,0.014285714,0.0,0.0,Mar,2,2,1,2,Returning_Visitor,False,False
4.0,56.923756,0.0,0.0,23.0,581.8975,0.0,0.017564483,12.609646,0.0,Aug,1,2,1,2,Returning_Visitor,False,True
0.0,0.0,0.0,0.0,19.0,344.0393,0.015381013,0.036267433,0.0,0.0,Mar,2,2,1,13,Returning_Visitor,False,False
0.0,0.0,0.0,0.0,17.0,488.1491,0.0,0.035207458,0.0,0.0,Nov,2,2,1,20,Returning_Visitor,False,False
3.0,84.95243,2.0,113.17465,66.62282,2255.9148,0.0056719864,0.025,0.0,0.0,Dec,2,2,1,2,Returning_Visitor,False,False
4.0,79.87683,0.0,0.0,28.0,665.48254,0.0070936293,0.027268393,0.0,0.0,Nov,2,2,1,2,Returning_Visitor,False,False
0.0,0.0,0.0,0.0,17.0,488.19772,0.020129735,0.029903779,0.0,0.0,Aug,3,2,1,2,Returning_Visitor,False,False
0.0,0.0,0.0,0.0,27.0,958.71313,0.0,0.008029995,0.0,0.0,Dec,1,2,1,2,Returning_Visitor,False,True
0.0,0.0,0.0,0.0,10.0,305.2297,0.0,0.032314584,0.0,0.0,Dec,2,2,6,8,Returning_Visitor,False,False
3.0,41.91058,0.0,0.0,28.0,1003.9363,0.0,0.012969196,28.846481,0.0,Aug,4,2,1,2,Returning_Visitor,False,True
2.98679,41.2708,0.0,0.0,41.496216,1693.5023,0.0,0.011111111,0.0,0.0,Dec,2,4,7,1,Returning_Visitor,False,False
4.0,74.62686,0.0,0.0,28.0,623.0283,0.011111111,0.029513152,0.0,0.0,Nov,2,2,1,2,Returning_Visitor,False,False
0.0,0.0,0.0,0.0,39.0,813.2892,0.0,0.015992442,0.0,0.0,Nov,2,2,1,2,Returning_Visitor,False,True
0.0,0.0,0.0,0.0,24.0,455.8851,0.011111111,0.026515512,0.0,0.0,Nov,1,1,1,8,Returning_Visitor,False,False
4.071703,84.51271,0.0,0.0,26.0,952.4991,0.0,0.020366808,0.0,0.0,Nov,2,2,7,1,Returning_Visitor,False,False
3.0,44.801704,0.0,0.0,27.388617,629.8301,0.0,0.018083071,0.0,0.0,Nov,2,2,1,8,Returning_Visitor,False,False
0.0,0.0,0.0,0.0,15.06198,313.08096,0.0,0.030097594,0.0,0.0,Dec,2,2,1,2,Returning_Visitor,False,False
0.0,0.0,0.0,0.0,27.0,718.50964,0.010580211,0.03159119,0.0,0.0,Dec,2,2,1,1,Returning_Visitor,False,False
0.0,0.0,0.0,0.0,15.0,512.84454,0.03333333,0.05150697,0.0,0.0,Nov,1,2,1,3,Returning_Visitor,False,False
0.0,0.0,0.0,0.0,40.0,1083.4589,0.009043338,0.03333333,0.0,0.0,Nov,4,4,1,13,Returning_Visitor,False,False
2.0,53.695217,0.0,0.0,27.353706,629.2045,0.0,0.016932858,19.21277,0.0,Sep,2,4,1,1,Returning_Visitor,False,True
4.0,92.58119,0.0,0.0,26.0,613.32623,0.0,0.013333333,0.0,0.0,Dec,2,4,1,2,Returning_Visitor,False,False
0.0,0.0,0.0,0.0,10.0,263.7965,0.0,0.028310912,0.0,0.0,May,3,2,4,3,Returning_Visitor,False,False
0.0,0.0,0.0,0.0,28.0,717.7057,0.0,0.021227773,0.0,0.0,Nov,2,2,1,1,Returning_Visitor,False,False
0.0,0.0,0.0,0.0,21.0,777.45374,0.040542874,0.065714784,0.0,0.0,May,1,4,1,3,Returning_Visitor,False,False
2.0,40.794613,0.0,0.0,37.0,817.1583,0.0,0.018399743,0.0,0.0,Dec,2,2,4,2,Returning_Visitor,False,False
0.0,0.0,0.0,0.0,55.82707,1314.0145,0.0,0.011083888,0.0,0.0,Nov,2,2,1,3,Returning_Visitor,False,False
2.0,67.43662,0.0,0.0,9.0,223.47295,0.0,0.029004877,0.0,0.0,Nov,1,1,1,2,New_Visitor,False,False
0.0,0.0,0.0,0.0,6.0,156.41493,0.0,0.03856158,0.0,0.0,Mar,3,2,1,2,Returning_Visitor,False,False
2.0,52.72131,0.0,0.0,15.743992,295.0051,0.0,0.017039878,0.0,0.0,Dec,2,2,1,9,Returning_Visitor,False,False
0.0,0.0,0.0,0.0,24.74922,655.44543,0.014993169,0.03221288,0.0,0.0,Dec,3,2,3,1,Returning_Visitor,False,False
4.0,142.04816,0.0,0.0,24.0,1120.5785,0.0090931,0.015073722,0.0,0.0,Nov,7,2,1,2,Returning_Visitor,False,False
0.0,0.0,0.0,0.0,22.0,493.66107,0.023519365,0.05,0.0,0.0,Aug,4,1,1,15,Returning_Visitor,True,False
3.034586,57.296494,0.0,0.0,27.0,606.36066,0.0,0.014972644,0.0,0.0,Dec,2,2,9,2,Returning_Visitor,False,False
0.0,0.0,0.0,0.0,14.659594,193.81377,0.023627257,0.06666667,0.0,0.0,Nov,4,1,1,1,Returning_Visitor,False,False
4.0,80.47003,0.0,0.0,43.306633,1085.1415,0.0,0.014522988,0.0,0.0,Dec,2,2,1,2,Returning_Visitor,False,False
3.0,47.00817,0.0,0.0,29.63287,791.9943,0.012603738,0.028571429,0.0,0.0,Aug,1,2,4,3,Returning_Visitor,False,False
2.0,82.154594,0.0,0.0,39.0,1210.2529,0.0,0.009535448,0.0,0.0,Dec,2,2,4,9,New_Visitor,False,False
0.0,0.0,0.0,0.0,26.0,812.9418,0.0,0.015280895,0.0,0.0,Nov,2,4,9,8,Returning_Visitor,False,False
0.0,0.0,0.0,0.0,6.0,115.81159,0.038507763,0.0549768,0.0,0.0,Nov,1,4,1,2,Returning_Visitor,False,False
3.0,51.119415,0.0,0.0,25.0,584.3997,0.0,0.016196271,0.0,0.0,Dec,2,2,1,2,Returning_Visitor,False,False
3.0,49.348095,0.0,0.0,42.0,1214.9446,0.0059818123,0.019000292,10.476226,0.0,Nov,1,1,1,2,Returning_Visitor,True,True
2.0,60.232796,0.0,0.0,31.0,1091.6472,0.007760575,0.027117833,0.0,0.0,Nov,3,2,4,2,Returning_Visitor,False,False
4.0,66.99826,0.0,0.0,39.0,1070.7914,0.0,0.013065434,0.0,0.0,Nov,2,2,4,2,Returning_Visitor,False,True
0.0,0.0,0.0,0.0,28.326336,698.8517,0.0,0.015384615,0.0,0.0,Aug,2,2,1,2,Returning_Visitor,False,False
0.0,0.0,0.0,0.0,18.0,326.53564,0.0071061323,0.034069516,0.0,0.0,Dec,7,2,1,3,Returning_Visitor,False,False
0.0,0.0,0.0,0.0,26.175394,561.3341,0.007983461,0.027320068,0.0,0.0,Aug,4,1,1,1,Returning_Visitor,False,False
0.0,0.0,0.0,0.0,15.0,305.2517,0.0,0.028571429,0.0,0.0,Nov,2,2,7,8,Returning_Visitor,False,False
0.0,0.0,0.0,0.0,7.0,184.55748,0.0,0.04,0.0,0.0,Dec,4,2,7,2,Returning_Visitor,False,False
0.0,0.0,0.0,0.0,16.0,346.90082,0.0125,0.039990723,0.0,0.0,Nov,2,2,9,2,Returning_Visitor,False,False
0.0,0.0,0.0,0.0,12.0,291.65543,0.0,0.035559237,0.0,0.0,Mar,4,2,1,1,Returning_Visitor,True,False
3.0,91.16919,0.0,0.0,33.0,1104.1803,0.00609956,0.022970892,0.0,0.0,Dec,4,4,4,2,Returning_Visitor,False,False
0.0,0.0,0.0,0.0,10.510015,591.81946,0.0,0.028571429,0.0,0.0,Aug,2,2,9,3,Returning_Visitor,False,False
0.0,0.0,0.0,0.0,14.0,517.91504,0.0,0.03075722,0.0,0.0,Dec,2,2,1,19,Returning_Visitor,False,False
3.0,67.53976,0.0,0.0,37.0,995.03564,0.009090909,0.027293768,11.068254,0.0,Dec,2,2,7,1,Returning_Visitor,False,False
3.0,46.61265,0.0,0.0,29.195995,647.1445,0.0,0.023536911,0.0,0.0,Dec,2,2,1,1,Returning_Visitor,False,False
3.0,75.39864,0.0,0.0,26.0,1110.0476,0.0127927195,0.031676818,0.0,0.0,Dec,2,2,1,1,Returning_Visitor,False,False
5.0,103.26142,0.0,0.0,29.636335,797.88434,0.0,0.017666316,0.0,0.0,Feb,2,2,1,2,Returning_Visitor,False,True
0.0,0.0,0.0,0.0,30.0,653.7638,0.0,0.018150182,0.0,0.0,Dec,2,2,1,2,Returning_Visitor,False,False
3.0,75.28069,0.0,0.0,33.0,1171.711,0.010790883,0.028571429,0.0,0.0,Jul,2,2,3,2,Returning_Visitor,False,False
0.0,0.0,0.0,0.0,16.0,365.02765,0.028790666,0.049472243,0.0,0.0,Jul,3,2,1,13,Returning_Visitor,False,False
2.0,28.506474,0.0,0.0,25.0,510.55533,0.0,0.014160307,0.0,0.0,Aug,1,1,7,9,Returning_Visitor,True,False
2.0,58.646545,0.0,0.0,28.0,1100.5001,0.012038966,0.03333333,0.0,0.0,May,4,2,8,1,Returning_Visitor,False,False
0.0,0.0,0.0,0.0,12.0,343.0722,0.0,0.03333333,0.0,0.0,May,2,2,8,4,Returning_Visitor,False,False
0.0,0.0,0.0,0.0,34.0,1195.7035,0.008333333,0.027244158,0.0,0.0,Aug,2,2,6,2,Returning_Visitor,False,False
0.0,0.0,0.0,0.0,21.0,612.1506,0.0,0.022945505,0.0,0.0,Nov,4,2,1,1,Returning_Visitor,False,False
0.0,0.0,0.0,0.0,11.983508,253.0023,0.0,0.04,0.0,0.0,Nov,2,2,6,1,Returning_Visitor,False,False
0.0,0.0,0.0,0.0,27.065554,638.2878,0.0,0.016298926,357.12866,0.0,Dec,1,1,1,9,Returning_Visitor,True,True
0.0,0.0,0.0,0.0,13.0,198.42735,0.0,0.03803569,0.0,0.0,Jul,2,2,9,2,Returning_Visitor,False,False
0.0,0.0,0.0,0.0,18.0,396.08017,0.0,0.016878499,0.0,0.0,Aug,1,2,3,10,Returning_Visitor,False,False
2.0,43.57199,0.0,0.0,26.0,654.5536,0.0,0.015673073,0.0,0.0,Dec,1,1,6,2,Returning_Visitor,False,True
3.0,47.814827,0.0,0.0,37.0,688.01953,0.0,0.011616822,0.0,0.0,Dec,2,2,1,2,Returning_Visitor,False,False
0.0,0.0,0.0,0.0,28.0,702.8083,0.021170383,0.047898833,0.0,0.0,Aug,2,4,1,1,Returning_Visitor,False,False
0.0,0.0,0.0,0.0,6.0,76.4932,0.09521205,0.10505274,0.0,0.0,Dec,2,4,1,1,Returning_Visitor,False,False
0.0,0.0,0.0,0.0,6.0,173.95383,0.0,0.05,0.0,0.0,Dec,2,2,4,2,Returning_Visitor,False,False
1.0,12.306964,0.0,0.0,17.0,353.28217,0.0,0.017050376,0.0,0.0,Dec,2,2,2,2,Returning_Visitor,False,False
2.0,43.927383,0.0,0.0,20.0,746.3813,0.0,0.012473249,0.0,0.0,Nov,2,2,1,2,Returning_Visitor,False,False
4.0,82.28997,0.0,0.0,33.0,906.5531,0.0,0.020661533,0.0,0.0,Dec,1,2,9,9,Returning_Visitor,False,False
0.0,0.0,0.0,0.0,18.0,333.3402,0.009484353,0.035621997,0.0,0.0,Nov,4,2,1,8,Returning_Visitor,False,False
3.0,74.74057,0.0,0.0,58.067562,2246.7795,0.00565636,0.022624476,0.0,0.0,Dec,2,2,3,1,Returning_Visitor,False,False
0.0,0.0,0.0,0.0,13.791146,310.48495,0.023241915,0.05,0.0,0.0,Dec,2,2,4,1,Returning_Visitor,False,False
3.0,83.83108,0.0,0.0,25.0,682.39734,0.0,0.013333333,0.0,0.0,Dec,2,2,1,2,Returning_Visitor,False,False
0.0,0.0,0.0,0.0,16.0,475.15268,0.0,0.02096988,0.0,0.0,Aug,3,2,4,2,Returning_Visitor,False,False
0.0,0.0,0.0,0.0,27.0,683.4299,0.0,0.02,0.0,0.0,Nov,2,2,1,2,Returning_Visitor,False,False
3.0,53.53526,0.0,0.0,38.0,1603.9005,0.0,0.012474968,0.0,0.0,Nov,2,2,1,2,Returning_Visitor,False,False
2.0,29.217033,0.0,0.0,27.0,529.143,0.0,0.025142223,0.0,0.0,Aug,4,1,1,3,Returning_Visitor,False,False
0.0,0.0,0.0,0.0,27.0,693.9758,0.015384615,0.03333333,0.0,0.0,Dec,1,2,1,1,Returning_Visitor,False,False
0.0,0.0,0.0,0.0,10.0,228.75656,0.0,0.03885732,0.0,0.0,Dec,2,2,4,1,Returning_Visitor,False,False
0.0,0.0,0.0,0.0,35.74087,960.5414,0.00485805,0.02943042,0.0,0.0,Aug,2,2,1,1,Returning_Visitor,True,False
0.0,0.0,0.0,0.0,27.051632,503.5752,0.0,0.02710319,0.0,0.0,Jul,1,1,1,1,Returning_Visitor,False,False
3.0,55.227962,0.0,0.0,36.0,833.10645,0.0,0.009457236,0.0,0.0,Nov,2,12,1,2,Returning_Visitor,False,False
0.0,0.0,0.0,0.0,16.0,304.11136,0.0,0.02766465,0.0,0.0,Nov,2,2,1,2,Returning_Visitor,False,False
4.0,159.2768,0.0,0.0,35.0,1061.4497,0.014285714,0.028571429,0.0,0.0,Dec,3,2,7,1,Returning_Visitor,False,False
0.0,0.0,0.0,0.0,17.0,530.191,0.0,0.021167487,0.0,0.0,Nov,4,2,1,2,Returning_Visitor,False,False
0.0,0.0,0.0,0.0,44.989643,1569.6069,0.0134224845,0.03333333,0.0,0.0,Jul,2,2,3,1,Returning_Visitor,False,False
0.0,0.0,0.0,0.0,27.0,638.6308,0.0,0.025444278,0.0,0.0,Jul,2,4,1,13,Returning_Visitor,False,False
0.0,0.0,0.0,0.0,23.0,601.69214,0.018278763,0.052043933,0.0,0.0,Nov,2,4,1,1,Returning_Visitor,False,False
3.0,77.930336,0.0,0.0,19.0,599.365,0.0,0.0091701215,0.0,0.0,Sep,2,2,1,2,Returning_Visitor,False,False
0.0,0.0,0.0,0.0,17.757645,377.57227,0.0,0.016409103,0.0,0.0,Nov,2,2,7,8,Returning_Visitor,False,False
4.0,145.25694,0.0,0.0,36.0,951.709,0.0054721953,0.022496425,0.0,0.0,Dec,2,2,4,2,Returning_Visitor,False,False
0.0,0.0,0.0,0.0,25.408077,534.34656,0.0018419619,0.023108134,0.0,0.0,Nov,1,2,1,2,Returning_Visitor,False,False
0.0,0.0,0.0,0.0,47.094364,1123.6035,0.0,0.012176548,27.61783,0.0,Nov,2,2,1,2,Returning_Visitor,False,True
0.0,0.0,0.0,0.0,9.13795,166.99306,0.0,0.020385444,0.0,0.0,Dec,2,2,3,2,Returning_Visitor,False,False
0.0,0.0,0.0,0.0,19.0,317.3223,0.0,0.03333333,0.0,0.0,Nov,1,2,1,13,Returning_Visitor,False,False
2.0,39.410236,0.0,0.0,20.0,461.80804,0.0,0.020714018,0.0,0.0,Nov,3,2,3,2,Returning_Visitor,False,False
0.0,0.0,0.0,0.0,14.0,665.32306,0.0,0.016666668,0.0,0.0,Aug,4,2,1,2,Returning_Visitor,False,True
0.0,0.0,0.0,0.0,11.0,226.0093,0.0,0.0311729,0.0,0.0,Nov,2,2,4,2,Returning_Visitor,False,False
0.0,0.0,0.0,0.0,26.0,735.8219,0.028571429,0.05,0.0,0.0,Nov,1,4,1,1,Returning_Visitor,False,False
3.039561,69.21328,0.0,0.0,31.592232,953.2378,0.0074321795,0.026325852,0.0,0.0,Nov,2,2,1,19,Returning_Visitor,False,False
3.0,90.58646,0.0,0.0,24.0,578.359,0.0,0.017683629,0.0,0.0,Aug,1,2,9,1,Returning_Visitor,False,False
4.0,90.442894,0.0,0.0,39.0,1000.298,0.0100027695,0.028890155,0.0,0.0,Nov,4,2,1,1,Returning_Visitor,False,False
0.0,0.0,0.0,0.0,36.0,1022.95074,0.0,0.01976836,0.0,0.0,Aug,2,2,1,1,Returning_Visitor,False,False
0.0,0.0,0.0,0.0,18.0,523.034,0.0,0.0186286,0.0,0.0,Nov,5,2,7,2,Returning_Visitor,False,False
0.0,0.0,0.0,0.0,27.918507,775.38464,0.010006229,0.028571429,0.0,0.0,Dec,2,2,9,3,Returning_Visitor,False,False
0.0,0.0,0.0,0.0,24.0,842.08105,0.0,0.025,0.0,0.0,Aug,4,2,9,10,Returning_Visitor,False,False
0.0,0.0,0.0,0.0,20.0,448.17062,0.0,0.029074773,0.0,0.0,Dec,3,2,2,19,Returning_Visitor,False,False
3.0,75.6443,0.0,0.0,36.0,874.1882,0.0,0.02096483,16.45477,0.0,Sep,1,2,1,2,Returning_Visitor,False,True
0.0,0.0,0.0,0.0,4.0,161.83977,0.0,0.05,0.0,0.0,Dec,1,1,4,3,Returning_Visitor,True,False
0.0,0.0,0.0,0.0,13.0,220.37827,0.0,0.023516173,0.0,0.0,Jul,2,2,1,9,Returning_Visitor,False,False
0.0,0.0,0.0,0.0,16.0,335.87552,0.0,0.026926057,0.0,0.0,Aug,2,2,9,13,Returning_Visitor,False,False
0.0,0.0,0.0,0.0,24.0,454.31042,0.0,0.016666668,0.0,0.0,Dec,4,1,7,2,Returning_Visitor,False,False
0.0,0.0,0.0,0.0,2.0,0.0,0.2,0.2,0.0,0.0,Dec,3,3,2,1,Returning_Visitor,False,False
2.673006,38.39611,0.0,0.0,27.0,679.8036,0.0031219388,0.028569665,0.0,0.0,Aug,2,2,4,2,Returning_Visitor,False,False
1.0,0.0,0.0,0.0,16.0,282.52307,0.0,0.01,0.0,0.0,Dec,2,2,1,2,Returning_Visitor,False,False
0.0,0.0,0.0,0.0,7.0,141.7562,0.0,0.036125306,0.0,0.0,Aug,1,1,1,3,Returning_Visitor,False,False
3.0,88.31493,0.0,0.0,17.26368,641.1511,0.0125,0.028571429,0.0,0.0,Dec,3,2,1,2,Returning_Visitor,False,False
4.0,108.996666,0.0,0.0,38.0,2106.764,0.014349559,0.03510348,16.454075,0.0,Dec,2,2,1,1,Returning_Visitor,False,False
0.0,0.0,0.0,0.0,24.0,837.8527,0.0,0.023612445,0.0,0.0,Dec,1,2,2,2,Returning_Visitor,False,False
5.0,85.29979,0.0,0.0,15.254447,295.88574,0.0,0.016666668,0.0,0.0,Mar,2,2,1,2,Returning_Visitor,False,False
3.0,103.29822,0.0,0.0,46.249313,1342.147,0.004221069,0.016967624,11.273779,0.0,Aug,2,2,9,2,Returning_Visitor,False,False
2.0,30.703482,0.0,0.0,37.0,736.7944,0.0,0.016666668,0.0,0.0,Nov,2,2,1,2,Returning_Visitor,False,False
0.0,0.0,0.0,0.0,20.0,503.89392,0.0,0.022547543,0.0,0.0,Aug,4,2,1,2,Returning_Visitor,False,True
0.0,0.0,0.0,0.0,18.0,579.46594,0.016596643,0.039013498,0.0,0.0,Nov,2,2,7,1,Returning_Visitor,False,False
0.0,0.0,0.0,0.0,16.0,934.06836,0.0,0.02,0.0,0.0,Nov,2,2,1,8,Returning_Visitor,False,False
5.0,138.79752,0.0,0.0,35.0,1498.9343,0.0072627137,0.019038279,8.302977,0.0,Dec,2,2,7,2,Returning_Visitor,False,False
5.0,75.9009,0.0,0.0,55.248497,1579.2098,0.0,0.014626516,0.0,0.0,Nov,1,2,1,2,Returning_Visitor,False,True
0.0,0.0,0.0,0.0,27.0,756.1872,0.007890236,0.02724546,0.0,0.0,Jul,1,2,1,1,Returning_Visitor,False,False
0.0,0.0,0.0,0.0,4.0,157.25204,0.0,0.0484538,0.0,0.0,Dec,1,2,7,3,Returning_Visitor,False,False
0.0,0.0,0.0,0.0,10.0,216.83281,0.042473733,0.07903579,0.0,0.0,Dec,1,1,1,3,Returning_Visitor,False,False
0.0,0.0,0.0,0.0,18.433271,464.17398,0.0,0.03333333,0.0,0.0,Nov,2,2,1,2,Returning_Visitor,False,False
2.0,31.356993,0.0,0.0,20.0,676.3512,0.0,0.013722278,0.0,0.0,Aug,2,2,1,2,Returning_Visitor,False,False
2.0,52.16546,0.0,0.0,47.39203,1640.911,0.0,0.015340779,10.575527,0.0,Nov,2,2,9,2,Returning_Visitor,False,True
5.0,112.063736,0.0,0.0,30.0,751.02057,0.0,0.022222223,0.0,0.0,Dec,3,2,1,2,Returning_Visitor,False,False
0.0,0.0,0.0,0.0,17.0,289.9719,0.0,0.01569484,0.0,0.0,Dec,2,2,3,1,Returning_Visitor,False,False
0.0,0.0,0.0,0.0,29.0,678.0518,0.0060490696,0.025,0.0,0.0,Aug,2,2,1,2,Returning_Visitor,False,False
6.0,154.20482,2.986341,145.0876,44.0,1643.6438,0.005572002,0.012606442,0.0,0.0,Nov,4,2,1,2,Returning_Visitor,False,False
3.0,52.93011,0.0,0.0,46.0,1464.2012,0.005669772,0.02225258,0.0,0.0,Dec,4,2,1,3,Returning_Visitor,False,False
3.0,46.687866,0.0,0.0,36.071724,679.76135,0.015944993,0.025418455,0.0,0.0,Nov,3,2,1,1,Returning_Visitor,True,False
0.0,0.0,0.0,0.0,10.0,220.62822,0.0,0.03062238,0.0,0.0,Aug,2,2,1,2,Returning_Visitor,False,False
2.0,27.597792,0.0,0.0,14.0,389.6917,0.0,0.025719583,0.0,0.0,Dec,2,2,9,13,Returning_Visitor,False,False
0.0,0.0,0.0,0.0,22.0,316.09567,0.0021974288,0.026203852,0.0,0.0,May,2,2,6,1,Returning_Visitor,False,False
0.0,0.0,0.0,0.0,30.0,812.71234,0.0,0.027058253,0.0,0.0,Aug,4,2,1,2,Returning_Visitor,False,False
0.0,0.0,0.0,0.0,15.0,336.1843,0.0,0.017843466,0.0,0.0,Aug,1,4,1,2,Returning_Visitor,False,False
0.0,0.0,0.0,0.0,58.753113,2219.353,0.0076115443,0.028571429,0.0,0.0,Nov,2,2,1,2,Returning_Visitor,False,False
0.0,0.0,0.0,0.0,18.0,521.1259,0.0,0.019040352,0.0,0.0,Dec,2,4,1,3,Returning_Visitor,False,False
2.0,50.427376,0.0,0.0,16.0,301.26437,0.0,0.011572553,0.0,0.0,Nov,2,2,1,2,New_Visitor,False,False
4.7309523,108.49534,0.0,0.0,44.394817,1189.4531,0.0044232006,0.017398624,0.0,0.0,Nov,2,2,1,2,Returning_Visitor,False,False
1.0,0.0,0.0,0.0,18.0,599.5578,0.0,0.021388464,0.0,0.0,Nov,2,2,3,2,Returning_Visitor,False,False
0.0,0.0,0.0,0.0,29.0,456.3286,0.0074830176,0.02275493,0.0,0.0,Jul,1,2,7,2,Returning_Visitor,False,False
3.0,50.05088,0.0,0.0,26.232737,664.2997,0.0,0.018949894,0.0,0.0,Nov,2,2,1,1,Returning_Visitor,False,False
0.0,0.0,0.0,0.0,8.0,340.32208,0.037953384,0.07495678,0.0,0.0,Jul,2,2,3,1,Returning_Visitor,False,False
0.0,0.0,0.0,0.0,8.366495,138.36163,0.026441792,0.05,0.0,0.0,Jul,4,1,3,2,Returning_Visitor,False,False
1.0,0.0,0.0,0.0,18.250252,435.3448,0.0,0.020680007,0.0,0.0,Dec,4,2,1,2,Returning_Visitor,False,False
0.0,0.0,0.0,0.0,31.0,611.09094,0.0,0.016666668,0.0,0.0,Aug,1,1,7,1,Returning_Visitor,False,False
0.0,0.0,0.0,0.0,12.0,215.6141,0.0,0.03298227,0.0,0.0,Nov,4,2,7,1,Returning_Visitor,False,False
0.0,0.0,0.0,0.0,29.0,694.7353,0.0043878253,0.025,0.0,0.0,Dec,2,2,7,3,Returning_Visitor,False,False
3.0,46.492702,0.0,0.0,26.0,491.76434,0.0,0.016666668,0.0,0.0,Nov,2,4,1,3,Returning_Visitor,False,False
0.0,0.0,0.0,0.0,12.0,371.24197,0.0,0.016061787,0.0,0.0,Nov,2,2,6,10,Returning_Visitor,False,False
0.0,0.0,0.0,0.0,28.179739,731.2782,0.0,0.025,0.0,0.0,Jul,3,2,1,1,Returning_Visitor,False,False
0.0,0.0,0.0,0.0,16.574415,334.52988,0.030840768,0.041574754,0.0,0.0,Nov,1,4,1,1,Returning_Visitor,False,False
0.0,0.0,0.0,0.0,19.0,463.55374,0.0,0.035623845,0.0,0.0,Dec,2,2,1,2,Returning_Visitor,False,False
0.0,0.0,0.0,0.0,12.0,293.39993,0.0,0.028571429,0.0,0.0,Nov,2,2,1,9,Returning_Visitor,False,False
3.0,44.694664,0.0,0.0,24.0,482.19962,0.0,0.016666668,0.0,0.0,Dec,4,1,1,3,Returning_Visitor,False,False
0.0,0.0,0.0,0.0,23.0,425.4428,0.0,0.032420393,0.0,0.0,Dec,1,2,1,3,Returning_Visitor,False,False
0.0,0.0,0.0,0.0,10.0,250.52425,0.0,0.028571429,0.0,0.0,Nov,4,1,2,3,Returning_Visitor,False,False
0.0,0.0,0.0,0.0,29.323772,609.1766,0.014097996,0.038630303,0.0,0.0,Dec,7,2,1,1,Returning_Visitor,False,False
0.0,0.0,0.0,0.0,28.0,968.82904,0.0,0.022093423,0.0,0.0,Dec,2,2,1,2,Returning_Visitor,False,False
5.0,86.40145,0.0,0.0,44.0,923.07825,0.0,0.017904766,0.0,0.0,Dec,2,2,7,13,Returning_Visitor,False,False
2.0,44.78105,0.0,0.0,16.0,423.2576,0.018181818,0.038649466,361.76373,0.0,Dec,2,2,1,13,Returning_Visitor,False,False
0.0,0.0,0.0,0.0,23.251392,525.92584,0.010710868,0.037158713,0.0,0.0,Jul,2,2,4,2,Returning_Visitor,False,False
2.0,38.23898,0.0,0.0,16.0,360.56125,0.0,0.01184366,0.0,0.0,Dec,2,2,4,8,Returning_Visitor,False,False
0.0,0.0,0.0,0.0,15.0,612.3154,0.0,0.03333333,0.0,0.0,Aug,4,4,4,13,Returning_Visitor,False,False
5.0,71.60088,0.0,0.0,63.589745,2631.2573,0.0,0.015154227,11.180505,0.0,Nov,2,2,7,2,Returning_Visitor,False,False
0.0,0.0,0.0,0.0,6.0,55.418518,0.120986015,0.13333334,0.0,0.0,Aug,2,2,1,1,Returning_Visitor,False,False
1.0,17.500772,0.0,0.0,21.0,536.3378,0.0,0.014929068,0.0,0.0,Dec,1,1,1,13,Returning_Visitor,False,False
0.0,0.0,0.0,0.0,24.0,601.74677,0.0,0.03333333,0.0,0.0,Dec,1,1,4,2,Returning_Visitor,False,False
4.0,89.85357,0.0,0.0,40.0,930.2888,0.0,0.014285714,19.04803,0.0,Nov,2,2,1,2,Returning_Visitor,False,True
4.0,77.79112,0.0,0.0,28.0,706.87604,0.0,0.01746838,0.0,0.0,Dec,2,4,9,1,Returning_Visitor,False,False
0.0,0.0,0.0,0.0,11.0,262.88834,0.0,0.027248994,0.0,0.0,Dec,2,2,1,13,Returning_Visitor,False,False
0.0,0.0,0.0,0.0,27.0,834.1329,0.0023780665,0.018203221,0.0,0.0,Nov,1,1,7,2,Returning_Visitor,False,False
3.0,56.730736,0.0,0.0,20.0,548.4966,0.0,0.025,0.0,0.0,Jul,1,1,4,2,Returning_Visitor,False,False
0.0,0.0,0.0,0.0,7.0,211.80463,0.0,0.034841377,0.0,0.0,Dec,2,4,3,1,Returning_Visitor,False,False
0.0,0.0,0.0,0.0,22.0,598.95404,0.015463994,0.04037633,0.0,0.0,May,2,2,3,3,Returning_Visitor,False,False
0.0,0.0,0.0,0.0,27.0,897.43677,0.024838982,0.05,0.0,0.0,Dec,1,1,1,1,Returning_Visitor,False,False
0.0,0.0,0.0,0.0,16.0,376.82904,0.015921118,0.039583236,0.0,0.0,Nov,1,1,1,10,Returning_Visitor,False,False
3.0,69.863396,0.0,0.0,16.0,384.71753,0.0,0.020102516,0.0,0.0,Dec,2,2,3,1,Returning_Visitor,False,False
2.0,15.626712,0.0,0.0,17.604542,473.84375,0.0,0.018187575,87.79754,0.0,Nov,2,4,1,2,Returning_Visitor,False,True
4.0,67.40535,0.0,0.0,33.0,858.192,0.0,0.017455662,0.0,0.0,Dec,2,2,1,2,Returning_Visitor,False,True
0.0,0.0,0.0,0.0,20.032366,631.4507,0.0,0.028749388,0.0,0.0,Mar,2,2,1,1,Returning_Visitor,False,False
4.0,46.632748,0.0,0.0,21.0,703.79034,0.0,0.02,0.0,0.0,Dec,2,2,1,2,Returning_Visitor,False,False
0.0,0.0,0.0,0.0,18.65234,588.7606,0.0,0.024539823,0.0,0.0,Jul,2,2,4,1,Returning_Visitor,False,False
4.0,140.66429,0.0,0.0,26.0,660.37445,0.0,0.0077951136,0.0,0.0,Nov,2,2,3,2,New_Visitor,False,False
2.0,60.774982,0.0,0.0,20.843065,702.94403,0.0,0.025575975,0.0,0.0,Dec,2,2,4,2,Returning_Visitor,False,False
0.0,0.0,0.0,0.0,34.0,1226.1042,0.012479736,0.029913848,0.0,0.0,Nov,1,2,1,9,Returning_Visitor,False,False
0.0,0.0,0.0,0.0,12.0,423.11453,0.0,0.03333333,0.0,0.0,Dec,2,4,1,3,Returning_Visitor,False,False
0.0,0.0,0.0,0.0,8.0,127.323326,0.034324016,0.08007475,0.0,0.0,Nov,2,1,1,1,Returning_Visitor,False,False
4.0,67.792755,2.0,85.63973,48.902634,1248.7273,0.006066098,0.01985916,9.485273,0.0,Dec,2,2,1,2,Returning_Visitor,False,True
0.0,0.0,0.0,0.0,19.0,790.30804,0.0,0.028503481,0.0,0.0,Nov,3,2,1,1,Returning_Visitor,False,False
3.0,107.48724,0.0,0.0,51.68913,2157.281,0.004262636,0.020419851,0.0,0.0,Dec,2,2,1,2,Returning_Visitor,False,False
2.0,41.029514,0.0,0.0,26.0,670.416,0.0,0.017454976,0.0,0.0,Dec,2,2,1,2,Returning_Visitor,False,False
0.0,0.0,0.0,0.0,12.0,457.18988,0.02006914,0.05551278,0.0,0.0,Nov,4,4,4,1,Returning_Visitor,False,False
0.0,0.0,0.0,0.0,11.0,278.93875,0.031007739,0.05,0.0,0.0,Dec,4,2,3,2,Returning_Visitor,False,False
0.0,0.0,0.0,0.0,30.0,799.26746,0.0,0.01722367,0.0,0.0,Nov,1,1,7,3,Returning_Visitor,False,False
5.0,116.564735,0.0,0.0,70.66832,2407.9321,0.0033847285,0.014545072,7.31995,0.0,Dec,2,4,1,1,Returning_Visitor,False,True
0.0,0.0,0.0,0.0,25.0,617.93005,0.0,0.019012015,0.0,0.0,Dec,2,4,7,1,Returning_Visitor,False,False
0.0,0.0,0.0,0.0,17.38792,229.53036,0.0,0.03333333,0.0,0.0,Nov,2,2,9,3,Returning_Visitor,False,False
4.0,78.969536,1.0,0.0,25.0,587.7869,0.008229963,0.025828758,0.0,0.0,Nov,1,2,1,2,Returning_Visitor,False,False
5.0,103.246056,3.0,194.31659,185.67924,6608.6,0.0055575683,0.019499866,0.0,0.0,Aug,2,2,1,2,Returning_Visitor,False,False
0.0,0.0,0.0,0.0,17.0,290.127,0.022222223,0.04022465,0.0,0.0,Dec,2,2,7,1,Returning_Visitor,False,False
2.0,43.47955,0.0,0.0,41.18029,1601.8674,0.0,0.015680388,0.0,0.0,Nov,2,2,3,1,Returning_Visitor,False,False
0.0,0.0,0.0,0.0,20.0,628.6314,0.0,0.016666668,0.0,0.0,Nov,1,2,1,2,Returning_Visitor,False,False
0.0,0.0,0.0,0.0,14.0,631.6522,0.041313592,0.06666667,0.0,0.0,Jul,1,2,1,1,Returning_Visitor,False,False
0.0,0.0,0.0,0.0,29.0,700.88873,0.0008272365,0.031120718,0.0,0.0,Dec,2,2,4,1,Returning_Visitor,False,False
3.0,64.53499,0.0,0.0,30.0,728.2329,0.0,0.0160703,0.0,0.0,Dec,1,4,1,2,Returning_Visitor,False,False
2.0,20.09214,0.0,0.0,31.0,905.9045,0.0004113423,0.021444835,0.0,0.0,Dec,2,2,7,13,Returning_Visitor,False,False
0.0,0.0,0.0,0.0,23.0,524.283,0.002625039,0.027241655,0.0,0.0,Dec,2,2,1,13,Returning_Visitor,False,False
3.0,85.334984,0.0,0.0,21.0,535.4476,0.0,0.014045969,0.0,0.0,Dec,2,2,7,2,Returning_Visitor,False,False
0.0,0.0,0.0,0.0,25.346613,824.8548,0.013512119,0.036889855,0.0,0.0,Aug,2,2,4,1,Returning_Visitor,False,False
0.0,0.0,0.0,0.0,20.179514,523.8016,0.0,0.029086085,0.0,0.0,Dec,2,2,1,10,Returning_Visitor,False,False
3.0,64.052795,0.0,0.0,37.26242,664.64307,0.0026165298,0.015103648,0.0,0.0,Aug,4,2,3,2,Returning_Visitor,False,False
4.0,103.43403,0.0,0.0,28.0,775.66174,0.008861418,0.019309504,0.0,0.0,Dec,3,2,9,3,Returning_Visitor,False,False
0.0,0.0,0.0,0.0,20.0,453.9369,0.0,0.025,0.0,0.0,Aug,1,2,4,2,Returning_Visitor,False,False
3.0,46.195805,0.0,0.0,29.392246,661.86456,0.0,0.016666668,0.0,0.0,Dec,2,2,7,1,Returning_Visitor,False,False
0.0,0.0,0.0,0.0,17.0,339.24396,0.0,0.028629396,0.0,0.0,Nov,2,2,7,8,Returning_Visitor,False,False
6.0,112.49894,0.0,0.0,51.011436,2148.2534,0.00935019,0.022592217,8.055608,0.0,Nov,4,2,1,2,Returning_Visitor,False,True
3.0,100.60016,0.0,0.0,45.0,1486.104,0.0073831724,0.022222223,0.0,0.0,Aug,2,2,1,1,Returning_Visitor,False,False
0.0,0.0,0.0,0.0,19.0,480.05017,0.0,0.025582453,0.0,0.0,Dec,2,2,4,13,Returning_Visitor,False,False
0.0,0.0,0.0,0.0,15.0,592.61224,0.0,0.019263025,0.0,0.0,Nov,2,2,7,2,Returning_Visitor,False,False
2.0,50.547997,0.0,0.0,22.0,561.29626,0.0,0.008593288,0.0,0.0,Dec,2,2,2,2,New_Visitor,False,False
0.0,0.0,0.0,0.0,9.0,231.83366,0.0,0.039316032,0.0,0.0,Aug,2,2,1,3,Returning_Visitor,False,False
0.0,0.0,0.0,0.0,31.6802,695.3152,0.0,0.022222223,0.0,0.0,Jul,2,2,3,1,Returning_Visitor,False,False
0.0,0.0,0.0,0.0,22.0,499.8124,0.0,0.03455509,0.0,0.0,Aug,2,2,1,1,Returning_Visitor,False,False
4.0,85.83146,0.0,0.0,41.0,1082.152,0.0027334746,0.016441263,17.728926,0.0,Dec,2,2,3,2,New_Visitor,False,False
5.0,103.40056,0.0,0.0,78.1325,3241.6946,0.0,0.009421026,11.956723,0.0,Nov,2,2,7,2,Returning_Visitor,False,True
4.0,76.46986,0.0,0.0,53.30383,1853.3329,0.003664807,0.016666668,15.751791,0.0,Nov,2,4,1,2,Returning_Visitor,False,True
0.0,0.0,0.0,0.0,41.883816,879.8279,0.0,0.023919463,0.0,0.0,Aug,2,2,1,2,Returning_Visitor,False,False
0.0,0.0,0.0,0.0,34.0,914.2536,0.0,0.022452101,0.0,0.0,Nov,2,2,3,3,Returning_Visitor,False,False
3.0,71.82472,0.0,0.0,38.0,1017.88464,0.0,0.021315109,0.0,0.0,Nov,3,2,1,13,Returning_Visitor,False,False
0.0,0.0,0.0,0.0,16.0,285.44122,0.0,0.022222223,0.0,0.0,Dec,2,2,9,2,Returning_Visitor,False,False
0.0,0.0,0.0,0.0,18.0,577.4677,0.0,0.02348855,0.0,0.0,Dec,2,4,9,1,Returning_Visitor,False,False
5.0,121.0883,0.0,0.0,30.3258,684.95844,0.0041464446,0.018897299,0.0,0.0,Dec,3,2,4,1,Returning_Visitor,False,True
0.0,0.0,0.0,0.0,3.0,0.0,0.16157532,0.2,0.0,0.0,Nov,2,2,1,20,Returning_Visitor,False,False
0.0,0.0,0.0,0.0,20.0,356.6683,0.033310045,0.051231116,0.0,0.0,Dec,1,4,1,3,Returning_Visitor,False,False
0.0,0.0,0.0,0.0,24.0,616.90564,0.0,0.022222223,0.0,0.0,Dec,2,2,7,2,Returning_Visitor,False,False
2.0,80.51596,0.0,0.0,22.0,718.5689,0.018322935,0.0339556,14.913495,0.0,Dec,3,2,1,2,Returning_Visitor,False,False
0.0,0.0,0.0,0.0,39.0,1770.1904,0.0078063933,0.027251413,0.0,0.0,Nov,4,4,4,2,Returning_Visitor,False,False
0.0,0.0,0.0,0.0,18.73228,263.62494,0.0,0.020243082,0.0,0.0,Dec,1,1,3,2,Returning_Visitor,False,False
4.175587,137.1023,0.0,0.0,39.073,1379.4485,0.0,0.016666668,0.0,0.0,Nov,1,2,7,1,Returning_Visitor,False,False
0.0,0.0,0.0,0.0,6.0,146.4988,0.05,0.074625306,0.0,0.0,Aug,3,2,1,13,Returning_Visitor,False,False
0.0,0.0,0.0,0.0,13.0,226.54912,0.0,0.04,0.0,0.0,Dec,2,2,2,1,Returning_Visitor,False,False
3.0,111.73604,0.0,0.0,47.0,1736.2576,0.0,0.02026706,0.0,0.0,Nov,2,2,1,2,Returning_Visitor,False,False
3.0,98.161995,0.0,0.0,22.0,724.96484,0.0,0.017293641,0.0,0.0,Aug,3,2,3,19,Returning_Visitor,False,False
5.0,73.05961,0.0,0.0,30.0,680.658,0.0,0.01657855,0.0,0.0,Jul,2,2,7,1,Returning_Visitor,False,False
2.0,36.0767,0.0,0.0,27.0,1079.3677,0.009160162,0.027638279,0.0,0.0,Dec,2,4,1,1,Returning_Visitor,False,False
0.0,0.0,0.0,0.0,13.0,326.97592,0.017393984,0.04,0.0,0.0,Dec,1,2,1,3,Returning_Visitor,False,False
0.0,0.0,0.0,0.0,13.0,284.68875,0.0118384585,0.051672254,0.0,0.0,Dec,2,12,9,1,Returning_Visitor,False,False
3.0,45.523148,0.0,0.0,25.0,599.03345,0.0,0.015461465,0.0,0.0,Aug,2,2,1,2,Returning_Visitor,False,False
2.0,46.768307,0.0,0.0,45.0,1513.4513,0.008223856,0.03069189,0.0,0.0,Nov,2,2,1,1,Returning_Visitor,False,False
0.0,0.0,0.0,0.0,14.0,284.98758,0.0256983,0.06355839,0.0,0.0,Jul,2,4,1,1,Returning_Visitor,False,False
0.0,0.0,0.0,0.0,18.0,532.637,0.0,0.028291259,0.0,0.0,Nov,1,1,1,3,Returning_Visitor,False,False
0.0,0.0,0.0,0.0,24.085804,638.4592,0.0,0.028571429,0.0,0.0,May,4,4,1,2,Returning_Visitor,False,False
0.0,0.0,0.0,0.0,22.0,367.77017,0.0,0.026218053,0.0,0.0,Nov,2,2,1,3,Returning_Visitor,False,False
3.0,44.49731,0.0,0.0,25.189129,813.9701,0.0,0.017143276,0.0,0.0,Aug,2,2,1,13,Returning_Visitor,False,False
4.0,66.378265,0.0,0.0,55.44894,1414.0673,0.004919517,0.025,0.0,0.0,Aug,2,4,1,2,Returning_Visitor,False,False
3.0,54.758823,0.0,0.0,12.0,330.8111,0.0,0.009611484,0.0,0.0,Nov,2,2,1,2,Returning_Visitor,False,False
0.0,0.0,0.0,0.0,26.0,650.8153,0.0,0.02197643,0.0,0.0,Nov,1,1,6,2,New_Visitor,False,False
0.0,0.0,0.0,0.0,15.0,284.39368,0.011111111,0.044747096,0.0,0.0,Dec,1,2,9,1,Returning_Visitor,False,False
3.0,64.832,0.0,0.0,24.0,519.8748,0.0,0.010065999,0.0,0.0,Aug,2,2,7,3,Returning_Visitor,False,False
0.0,0.0,0.0,0.0,27.75733,614.5301,0.0,0.025,0.0,0.0,Dec,2,2,1,2,Returning_Visitor,False,False
0.0,0.0,0.0,0.0,19.72432,503.97913,0.0,0.039734,0.0,0.0,Aug,2,2,3,1,Returning_Visitor,False,False
0.0,0.0,0.0,0.0,40.0,690.04816,0.0,0.018181818,0.0,0.0,Aug,4,2,1,3,Returning_Visitor,False,False
2.0,46.90014,0.0,0.0,34.9379,760.26355,0.0,0.011100234,20.975414,0.0,Nov,2,2,1,2,Returning_Visitor,False,True
3.0,111.22098,0.0,0.0,38.133472,1388.3779,0.010577489,0.025218114,0.0,0.0,Nov,4,2,1,2,Returning_Visitor,False,False
1.0,5.8213897,0.0,0.0,36.40151,1164.2285,0.00977711,0.03408175,0.0,0.0,Aug,2,2,7,1,Returning_Visitor,False,False
0.0,0.0,0.0,0.0,21.0,612.4979,0.01731768,0.04,0.0,0.0,Dec,2,2,4,1,Returning_Visitor,False,False
0.0,0.0,0.0,0.0,15.974071,296.53366,0.004387124,0.03333333,0.0,0.0,Nov,1,2,4,20,Returning_Visitor,False,False
0.0,0.0,0.0,0.0,16.0,512.07275,0.0,0.022222223,0.0,0.0,Nov,2,2,1,2,Returning_Visitor,False,False
0.0,0.0,0.0,0.0,4.0,125.69898,0.0,0.06220216,0.0,0.0,Nov,2,4,4,1,Returning_Visitor,False,False
0.0,0.0,0.0,0.0,10.0,208.87065,0.0,0.03333333,0.0,0.0,Nov,2,2,1,1,Returning_Visitor,False,False
5.0,142.37088,0.0,0.0,70.128876,2541.456,0.0,0.011107873,0.0,0.0,Nov,2,2,7,1,Returning_Visitor,False,False
0.0,0.0,0.0,0.0,20.0,392.17657,0.0,0.016324453,0.0,0.0,Nov,1,1,3,9,Returning_Visitor,False,False
0.0,0.0,0.0,0.0,24.0,767.8985,0.0,0.031303395,0.0,0.0,Aug,2,2,1,3,Returning_Visitor,False,False
0.0,0.0,0.0,0.0,6.0,101.61001,0.0,0.03333333,0.0,0.0,Nov,1,2,1,3,Returning_Visitor,False,False
0.0,0.0,0.0,0.0,20.0,602.3178,0.0,0.033140693,0.0,0.0,Nov,2,2,9,3,Returning_Visitor,False,False
1.0,0.0,0.0,0.0,12.949099,299.8689,0.028571429,0.05,0.0,0.0,Nov,1,1,4,1,Returning_Visitor,False,False
0.0,0.0,0.0,0.0,27.9087,654.9796,0.0,0.022166397,0.0,0.0,Aug,2,2,7,2,Returning_Visitor,False,False
0.0,0.0,0.0,0.0,13.253076,334.0231,0.0,0.022899045,0.0,0.0,Dec,2,2,1,9,Returning_Visitor,False,False
3.0,64.37865,0.0,0.0,18.0,352.70367,0.0,0.024328401,0.0,0.0,Dec,3,2,1,2,Returning_Visitor,False,False
0.0,0.0,0.0,0.0,13.0,472.5982,0.0,0.035271302,0.0,0.0,Aug,2,2,1,13,Returning_Visitor,False,False
4.0,127.03393,0.0,0.0,29.0,626.3666,0.0,0.020860372,0.0,0.0,Aug,1,1,1,15,Returning_Visitor,False,False
0.0,0.0,0.0,0.0,12.0,246.48225,0.03333333,0.059926547,0.0,0.0,Aug,1,1,1,15,Returning_Visitor,False,False
0.0,0.0,0.0,0.0,20.0,456.50967,0.0,0.026600396,0.0,0.0,Dec,2,2,1,2,Returning_Visitor,False,False
4.0,85.929115,0.0,0.0,59.06597,2105.181,0.005609786,0.020976802,10.300079,0.0,Jul,2,2,1,2,Returning_Visitor,False,True
0.0,0.0,0.0,0.0,24.0,585.6147,0.017928,0.04532574,0.0,0.0,Dec,2,2,1,1,Returning_Visitor,False,False
3.0,68.03185,0.0,0.0,39.0,941.1828,0.0,0.011014818,0.0,0.0,Aug,2,2,1,2,Returning_Visitor,False,False
2.0,60.545277,0.0,0.0,43.0,1726.9927,0.016872164,0.039646987,0.0,0.0,Dec,2,2,1,13,Returning_Visitor,False,False
0.0,0.0,0.0,0.0,16.0,317.89838,0.0,0.014747999,0.0,0.0,May,2,2,4,2,New_Visitor,False,False
0.0,0.0,0.0,0.0,24.0,685.3428,0.01929867,0.037088614,0.0,0.0,Nov,3,2,7,1,Returning_Visitor,False,False
5.307185,133.42442,0.0,0.0,37.915165,1011.34033,0.0,0.010549389,0.0,0.0,Sep,1,2,4,2,Returning_Visitor,False,False
3.0,64.54544,0.0,0.0,11.0,250.05038,0.012171693,0.02,0.0,0.0,Dec,2,2,1,2,New_Visitor,False,False
6.0,112.37929,0.0,0.0,44.07914,1223.5745,0.0,0.0146460505,0.0,0.0,Dec,2,2,1,2,Returning_Visitor,False,False
3.0,99.891525,0.0,0.0,27.827217,559.73334,0.0,0.014173795,0.0,0.0,Dec,4,2,4,1,Returning_Visitor,False,False
0.0,0.0,0.0,0.0,20.0,310.0704,0.012174325,0.03655777,0.0,0.0,Nov,2,2,9,1,Returning_Visitor,False,False
0.0,0.0,0.0,0.0,22.0,343.83826,0.0,0.019228488,0.0,0.0,Nov,1,4,1,1,Returning_Visitor,False,False
1.0,0.0,1.0,103.09557,33.0,739.20746,0.0,0.030548947,0.0,0.0,Aug,2,2,1,2,Returning_Visitor,False,False
3.0,78.5398,0.0,0.0,28.0,1224.9989,0.0,0.011788983,27.461643,0.0,Dec,2,2,1,1,Returning_Visitor,False,True
4.0,117.73251,0.0,0.0,26.0,561.94635,0.015384615,0.03333333,0.0,0.0,Dec,1,2,1,13,Returning_Visitor,False,False
0.0,0.0,0.0,0.0,15.0,217.23149,0.0,0.039559275,0.0,0.0,Aug,2,2,7,1,Returning_Visitor,False,False
0.0,0.0,0.0,0.0,7.0,139.5731,0.038113657,0.07154226,0.0,0.0,Feb,4,2,1,3,Returning_Visitor,False,False
3.0,76.571976,0.0,0.0,56.0,1588.0602,0.0,0.012034369,0.0,0.0,Aug,2,2,1,1,Returning_Visitor,False,True
3.0,47.517868,0.0,0.0,20.0,499.05713,0.0,0.018118456,0.0,0.0,Dec,2,2,1,8,Returning_Visitor,False,False
3.0,54.48731,0.0,0.0,26.0,691.45184,0.0,0.016666668,0.0,0.0,Dec,2,2,1,2,Returning_Visitor,False,False
0.0,0.0,0.0,0.0,19.0,335.83252,0.0,0.031527005,0.0,0.0,Aug,2,2,7,9,Returning_Visitor,False,False
0.0,0.0,0.0,0.0,11.555929,214.27287,0.0056456635,0.047693916,0.0,0.0,Nov,3,2,9,1,Returning_Visitor,False,False
0.0,0.0,0.0,0.0,27.0,575.88367,0.01037547,0.040121745,0.0,0.0,Aug,2,2,1,1,Returning_Visitor,False,False
0.0,0.0,0.0,0.0,22.0,678.7013,0.0,0.020678623,0.0,0.0,Nov,4,2,1,1,Returning_Visitor,False,False
0.0,0.0,0.0,0.0,12.204157,263.11224,0.0,0.026670428,0.0,0.0,Dec,4,2,1,1,Returning_Visitor,False,False
0.0,0.0,0.0,0.0,32.0,929.7731,0.0,0.022222223,0.0,0.0,Dec,2,2,1,1,Returning_Visitor,False,False
3.0,57.127754,0.0,0.0,15.0,495.85095,0.0,0.01541518,0.0,0.0,Aug,2,4,1,3,Returning_Visitor,False,False
2.0,94.50693,0.0,0.0,28.0,681.9613,0.0,0.014764159,0.0,0.0,Dec,2,2,1,13,New_Visitor,False,False
3.0,59.23109,0.0,0.0,32.0,1130.5911,0.0,0.02,0.0,0.0,Nov,3,2,4,3,Returning_Visitor,False,False
0.0,0.0,0.0,0.0,47.542908,2125.163,0.0,0.016666668,0.0,0.0,Nov,2,2,1,8,Returning_Visitor,False,True
1.0,0.0,0.0,0.0,17.0,310.57074,0.000564722,0.03333333,0.0,0.0,Aug,2,4,1,1,Returning_Visitor,False,False
0.0,0.0,0.0,0.0,20.0,252.1258,0.022380529,0.05,0.0,0.0,Aug,2,2,6,1,Returning_Visitor,True,False
0.0,0.0,0.0,0.0,21.0,540.74036,0.0,0.023501817,0.0,0.0,Aug,4,2,1,2,Returning_Visitor,False,False
3.0,97.36352,0.0,0.0,17.0,386.59753,0.0,0.016666668,0.0,0.0,Nov,3,2,1,2,New_Visitor,False,False
4.0,74.65306,0.0,0.0,43.5791,1566.7892,0.0049120225,0.020003986,0.0,0.0,Nov,2,2,3,2,Returning_Visitor,False,False
1.0,8.503679,0.0,0.0,28.0,787.48175,0.0022951372,0.024917962,0.0,0.0,Dec,2,2,9,2,Returning_Visitor,False,False
0.0,0.0,0.0,0.0,48.0,1804.7108,0.0,0.0125,0.0,0.0,Nov,2,1,4,2,Returning_Visitor,False,False
0.0,0.0,0.0,0.0,20.0,535.1319,0.0,0.02188846,0.0,0.0,Nov,2,4,1,14,Returning_Visitor,False,False
0.0,0.0,0.0,0.0,18.0,269.84,0.0,0.03022288,0.0,0.0,Dec,1,1,6,1,Returning_Visitor,False,False
1.0,21.033176,0.0,0.0,28.0,907.79626,0.0,0.016820895,10.23977,0.0,Aug,1,1,4,2,Returning_Visitor,False,False
4.0,90.44292,0.0,0.0,32.0,899.03296,0.0006085776,0.014283338,11.422076,0.0,Aug,2,2,3,2,Returning_Visitor,False,False
5.0,163.84294,1.0,12.5864725,42.0,1409.5907,0.009154086,0.022222223,0.0,0.0,Nov,3,2,7,2,Returning_Visitor,False,False
0.0,0.0,0.0,0.0,24.0,560.2542,0.0,0.0209662,0.0,0.0,Nov,2,4,1,3,Returning_Visitor,False,False
2.0,46.924053,0.0,0.0,15.0,305.77902,0.0,0.02613559,0.0,0.0,Dec,1,2,6,2,Returning_Visitor,False,False
5.0,118.03629,0.0,0.0,47.483425,1750.9095,0.016666668,0.030620096,0.0,0.0,Nov,1,1,7,15,Returning_Visitor,False,False
0.0,0.0,0.0,0.0,13.0,578.60486,0.0,0.03255917,0.0,0.0,Dec,2,2,1,13,Returning_Visitor,False,False
4.0,81.40214,0.0,0.0,32.049335,1171.3792,0.0,0.014809687,0.0,0.0,Dec,2,2,1,13,Returning_Visitor,False,False
4.0,63.114895,0.0,0.0,22.0,879.54083,0.0,0.013333333,0.0,0.0,Mar,2,2,1,2,Returning_Visitor,False,False
0.0,0.0,0.0,0.0,27.0,720.2569,0.0,0.018168587,0.0,0.0,Jul,2,2,7,2,Returning_Visitor,False,False
0.0,0.0,0.0,0.0,28.0,686.4099,0.0018537161,0.022202585,0.0,0.0,Nov,4,2,9,2,Returning_Visitor,False,False
2.0,18.532272,0.0,0.0,18.838093,302.63232,0.00440153,0.034675267,0.0,0.0,Sep,2,8,3,3,Returning_Visitor,False,False
0.0,0.0,0.0,0.0,50.0,1938.8605,0.0043989136,0.019711696,0.0,0.0,Nov,2,2,1,9,Returning_Visitor,False,False
0.0,0.0,0.0,0.0,22.0,347.4903,0.0,0.026373418,0.0,0.0,Nov,3,2,1,1,Returning_Visitor,False,False
0.0,0.0,0.0,0.0,9.0,159.38135,0.0,0.030075947,0.0,0.0,Dec,2,2,2,13,Returning_Visitor,False,False
3.0,52.21185,0.0,0.0,44.0,1509.2988,0.007692308,0.026431713,0.0,0.0,Nov,4,2,7,2,Returning_Visitor,False,False
0.0,0.0,0.0,0.0,23.0,726.6001,0.0,0.0194254,0.0,0.0,Nov,4,2,1,2,Returning_Visitor,False,False
3.0,56.487846,0.0,0.0,56.093533,1941.759,0.009974605,0.028571429,0.0,0.0,Nov,2,2,4,1,Returning_Visitor,False,False
0.0,0.0,0.0,0.0,19.0,580.7933,0.0,0.022222223,0.0,0.0,Nov,1,1,7,13,Returning_Visitor,False,False
4.0,49.93177,0.0,0.0,33.0,1068.0885,0.0,0.016525934,0.0,0.0,Nov,2,2,1,1,Returning_Visitor,False,False
0.0,0.0,0.0,0.0,27.0,550.0028,0.0,0.017359631,0.0,0.0,Dec,2,2,1,2,Returning_Visitor,False,False
4.0,75.36823,0.0,0.0,32.0,652.984,0.0,0.016666668,0.0,0.0,Dec,2,2,1,1,Returning_Visitor,False,False
0.0,0.0,0.0,0.0,33.0,636.7013,0.0074232626,0.03333333,0.0,0.0,Nov,2,2,6,1,Returning_Visitor,False,False
0.0,0.0,0.0,0.0,32.0,804.4818,0.010906858,0.02,0.0,0.0,Nov,3,2,9,13,Returning_Visitor,False,False
0.0,0.0,0.0,0.0,16.0,285.7867,0.0,0.030583799,0.0,0.0,Aug,2,2,1,2,Returning_Visitor,False,False
0.0,0.0,0.0,0.0,10.0,245.81558,0.0,0.04588628,0.0,0.0,Dec,2,2,4,9,Returning_Visitor,False,False
0.0,0.0,0.0,0.0,21.0,441.81668,0.004323172,0.040854625,0.0,0.0,Dec,2,2,1,1,Returning_Visitor,False,False
5.0,123.717834,0.0,0.0,38.933945,682.08136,0.0,0.020140309,0.0,0.0,Sep,1,2,1,1,Returning_Visitor,False,False
0.0,0.0,0.0,0.0,29.0,835.8416,0.0,0.028571429,0.0,0.0,Dec,2,2,1,1,Returning_Visitor,False,False
0.0,0.0,0.0,0.0,17.0,665.9568,0.0,0.010129753,0.0,0.0,Aug,2,4,1,8,Returning_Visitor,False,False
0.0,0.0,0.0,0.0,9.986911,279.03375,0.0,0.03697403,0.0,0.0,Aug,1,1,1,9,Returning_Visitor,False,False
0.0,0.0,0.0,0.0,32.356968,894.6356,0.0021063122,0.025,0.0,0.0,Aug,4,2,1,2,Returning_Visitor,False,False
0.0,0.0,0.0,0.0,17.0,421.79245,0.012983933,0.01602077,0.0,0.0,Nov,1,2,1,2,Returning_Visitor,False,False
2.0,48.38216,0.0,0.0,37.0,1481.0631,0.0,0.016627535,18.83814,0.0,Nov,2,4,3,15,Returning_Visitor,False,False
3.0,52.343918,0.0,0.0,22.816793,656.18555,0.0,0.023935875,0.0,0.0,Aug,2,2,1,3,Returning_Visitor,False,False
2.0,27.145927,0.0,0.0,27.901024,805.68604,0.019643838,0.041036185,0.0,0.0,Nov,2,2,3,13,Returning_Visitor,False,False
0.0,0.0,0.0,0.0,21.636393,494.69116,0.009442227,0.03528462,0.0,0.0,Nov,2,2,6,1,Returning_Visitor,False,False
4.0,81.7093,0.0,0.0,33.718136,816.9569,0.007027933,0.026143497,0.0,0.0,Dec,2,2,1,1,Returning_Visitor,False,False
2.0,50.627216,0.0,0.0,25.0,585.5312,0.01310385,0.026784055,0.0,0.0,Nov,3,2,3,1,Returning_Visitor,False,False
5.0,84.88316,0.0,0.0,54.87625,2102.4563,0.0054096654,0.025,0.0,0.0,Nov,2,2,7,13,Returning_Visitor,False,False
0.0,0.0,0.0,0.0,17.0,480.69904,0.020114789,0.03333333,0.0,0.0,Aug,3,2,1,13,Returning_Visitor,False,False
0.0,0.0,0.0,0.0,13.0,477.73672,0.0,0.025,37.463753,0.0,Dec,2,2,1,1,Returning_Visitor,False,False
3.0,51.14324,0.0,0.0,27.0,778.99286,0.0,0.019117985,9.7600765,0.0,Sep,2,2,4,2,Returning_Visitor,False,False
0.0,0.0,0.0,0.0,12.0,546.7984,0.02,0.05505925,0.0,0.0,Mar,2,1,9,1,Returning_Visitor,False,False
0.0,0.0,0.0,0.0,11.0,151.87115,0.0,0.05,0.0,0.0,Jul,2,2,7,13,Returning_Visitor,False,False
3.0,36.76963,0.0,0.0,22.0,577.0724,0.010449455,0.02544297,0.0,0.0,Dec,2,2,1,2,Returning_Visitor,False,False
3.0,99.9625,0.0,0.0,18.0,569.3243,0.0,0.011111111,0.0,0.0,Nov,2,2,7,2,New_Visitor,False,False
0.0,0.0,0.0,0.0,49.0,1465.6632,0.0037296566,0.014273633,0.0,0.0,May,2,2,7,3,Returning_Visitor,False,False
2.0,24.637556,0.0,0.0,24.0,547.29315,0.0,0.011079376,0.0,0.0,Sep,2,4,1,2,Returning_Visitor,False,False
0.0,0.0,0.0,0.0,24.0,692.0955,0.016700944,0.04,0.0,0.0,Nov,1,1,1,3,Returning_Visitor,False,False
0.0,0.0,0.0,0.0,14.0,395.31223,0.0,0.027437206,0.0,0.0,Jul,3,2,6,1,Returning_Visitor,False,False
0.0,0.0,0.0,0.0,21.0,616.007,0.0,0.022222223,0.0,0.0,Nov,2,2,9,8,Returning_Visitor,False,False
0.0,0.0,0.0,0.0,11.0,223.10829,0.0,0.04,0.0,0.0,Nov,1,2,1,3,Returning_Visitor,False,False
2.0,55.453327,0.0,0.0,22.0,590.975,0.0,0.009862966,0.0,0.0,Dec,4,2,1,2,Returning_Visitor,False,False
2.0,41.746502,0.0,0.0,7.0,116.34368,0.03561536,0.046419065,0.0,0.0,Nov,3,4,6,1,Returning_Visitor,False,False
3.0,73.52582,0.0,0.0,47.0,1989.9038,0.0057047866,0.02051172,11.168504,0.0,Nov,1,1,1,13,Returning_Visitor,False,False
0.0,0.0,0.0,0.0,25.0,596.33734,0.019377492,0.03844366,0.0,0.0,Aug,2,2,1,1,Returning_Visitor,False,False
0.0,0.0,0.0,0.0,15.0,302.30267,0.0,0.032683607,0.0,0.0,Dec,1,1,3,1,Returning_Visitor,False,False
0.0,0.0,0.0,0.0,28.0,724.2961,0.013210568,0.03333333,0.0,0.0,Dec,2,2,1,1,Returning_Visitor,False,False
0.0,0.0,0.0,0.0,11.0,287.0361,0.0,0.028941283,0.0,0.0,Dec,1,1,3,1,Returning_Visitor,False,False
0.0,0.0,0.0,0.0,19.0,525.03235,0.0,0.017477997,0.0,0.0,Aug,4,2,1,2,Returning_Visitor,False,False
0.0,0.0,0.0,0.0,2.0,0.0,0.2,0.2,0.0,0.0,Dec,1,1,1,3,Returning_Visitor,False,False
0.0,0.0,0.0,0.0,9.0,230.87447,0.0,0.04,0.0,0.0,Nov,2,2,4,3,Returning_Visitor,False,False
4.0,84.792,0.0,0.0,54.55512,2023.2095,0.0059610466,0.022222223,0.0,0.0,May,4,2,1,13,Returning_Visitor,False,False
2.0,55.39269,0.0,0.0,50.444603,1251.3269,0.0040830527,0.018208576,0.0,0.0,Aug,2,5,3,2,Returning_Visitor,False,False
2.0,41.381897,0.0,0.0,37.0,949.81274,0.0,0.016666668,0.0,0.0,Jul,2,2,9,2,Returning_Visitor,False,False
4.0,67.8512,0.0,0.0,37.0,1166.1093,0.012562531,0.033412255,0.0,0.0,Nov,2,2,1,13,Returning_Visitor,False,False
4.0,144.04823,0.0,0.0,28.0,1039.9841,0.008395026,0.025652077,18.645214,0.0,Dec,1,1,1,1,Returning_Visitor,False,False
4.0,102.18546,0.0,0.0,24.0,655.4618,0.0067756567,0.025,0.0,0.0,Dec,1,1,1,1,Returning_Visitor,False,False
2.0,35.077293,0.0,0.0,31.0,815.84595,0.0,0.011642942,37.33254,0.0,Dec,4,2,1,1,Returning_Visitor,False,True
6.0,223.02292,0.0,0.0,48.996864,1878.4069,0.0029146017,0.015379471,0.0,0.0,Nov,3,2,7,2,Returning_Visitor,False,False
0.0,0.0,0.0,0.0,45.0,1029.0887,0.006113372,0.016676981,0.0,0.0,Nov,2,2,1,13,New_Visitor,False,False
0.0,0.0,0.0,0.0,9.0,249.52322,0.0,0.03457848,0.0,0.0,Dec,2,2,2,13,Returning_Visitor,False,False
0.0,0.0,0.0,0.0,27.0,612.66644,0.016530016,0.04005277,0.0,0.0,Dec,2,2,9,1,Returning_Visitor,False,False
1.0,20.653673,0.0,0.0,24.764158,676.17584,0.0,0.0072139865,0.0,0.0,Dec,2,2,3,3,Returning_Visitor,False,False
0.0,0.0,0.0,0.0,20.0,463.85858,0.006696276,0.030914545,0.0,0.0,Dec,2,4,1,3,Returning_Visitor,False,False
5.0,81.350105,0.0,0.0,41.7349,1349.2477,0.0,0.014794782,9.523443,0.0,Dec,2,2,4,2,Returning_Visitor,False,False
0.0,0.0,0.0,0.0,13.0,481.91092,0.025,0.042824488,0.0,0.0,Dec,3,2,3,1,Returning_Visitor,False,False
0.0,0.0,0.0,0.0,20.0,522.31,0.028571429,0.044033267,0.0,0.0,Nov,3,2,1,13,Returning_Visitor,False,False
0.0,0.0,0.0,0.0,31.26777,752.2747,0.00866327,0.021312939,0.0,0.0,Dec,1,2,1,13,Returning_Visitor,False,False
0.0,0.0,0.0,0.0,22.845356,439.93198,0.004497447,0.029676044,0.0,0.0,Nov,2,2,6,2,Returning_Visitor,False,False
0.0,0.0,0.0,0.0,24.0,595.63666,0.0,0.02211269,0.0,0.0,Nov,2,2,1,2,Returning_Visitor,False,False
0.0,0.0,0.0,0.0,8.0,165.28497,0.0,0.03116451,0.0,0.0,Aug,2,2,1,2,Returning_Visitor,False,False
5.0,135.6145,3.0,123.791466,55.509964,2134.0508,0.002657616,0.020875793,0.0,0.0,Aug,2,4,1,2,Returning_Visitor,False,False
4.0,96.108055,0.0,0.0,50.528637,1717.92,0.005413281,0.023312932,0.0,0.0,Nov,2,2,1,1,Returning_Visitor,False,False
2.0958638,48.989845,0.0,0.0,23.325981,504.33377,0.0,0.02713453,0.0,0.0,Dec,2,2,1,1,Returning_Visitor,False,False
6.0,92.82066,0.0,0.0,26.0,630.1477,0.0,0.01528973,0.0,0.0,Aug,2,2,1,2,Returning_Visitor,False,False
3.0,41.533073,0.0,0.0,15.0,438.39807,0.0,0.016666668,0.0,0.0,Nov,2,2,4,2,Returning_Visitor,False,False
2.0,43.95937,0.0,0.0,6.333128,175.1807,0.0,0.020666903,0.0,0.0,Dec,2,4,2,2,Returning_Visitor,False,False
0.0,0.0,0.0,0.0,7.0,312.44614,0.0,0.043434005,0.0,0.0,Nov,2,12,4,1,Returning_Visitor,False,False
4.0,97.14525,1.0,0.0,62.9613,2110.3286,0.0,0.014896979,8.755939,0.0,Dec,2,2,1,2,Returning_Visitor,False,False
0.0,0.0,0.0,0.0,26.0,610.8139,0.0054063993,0.031817924,0.0,0.0,Dec,1,2,7,3,Returning_Visitor,False,False
3.0,77.47832,0.0,0.0,44.0,1293.4187,0.0048616785,0.024617283,0.0,0.0,Dec,2,4,1,1,Returning_Visitor,False,False
0.0,0.0,0.0,0.0,31.0,1357.9537,0.005576972,0.028419469,0.0,0.0,Nov,2,2,4,2,Returning_Visitor,False,False
2.8475494,72.37707,0.0,0.0,13.0,581.94116,0.0,0.021362709,0.0,0.0,Dec,2,2,9,2,Returning_Visitor,False,False
0.0,0.0,0.0,0.0,22.0,648.1708,0.0,0.024480853,0.0,0.0,Dec,1,1,4,1,Returning_Visitor,False,False
3.0,71.07582,0.0,0.0,29.0,906.38525,0.0,0.012433619,5.0137687,0.0,Jul,4,2,3,2,Returning_Visitor,False,False
0.0,0.0,0.0,0.0,20.0,573.4165,0.0,0.025880115,0.0,0.0,Dec,1,2,4,2,Returning_Visitor,False,False
0.0,0.0,0.0,0.0,19.0,536.1841,0.0,0.020638956,0.0,0.0,Dec,2,4,1,2,Returning_Visitor,False,False
0.0,0.0,0.0,0.0,31.0,718.0642,0.0,0.018219441,0.0,0.0,Nov,1,2,4,2,Returning_Visitor,False,False
0.0,0.0,0.0,0.0,22.0,667.53766,0.0,0.0177176,0.0,0.0,Nov,4,2,1,13,Returning_Visitor,False,False
0.0,0.0,0.0,0.0,39.0,837.293,0.0,0.017178351,0.0,0.0,Dec,2,2,9,13,Returning_Visitor,False,False
2.0,21.385033,0.0,0.0,12.0,289.06894,0.0,0.033227142,0.0,0.0,Nov,2,2,4,2,Returning_Visitor,False,False
3.0,112.97924,0.0,0.0,43.773933,1173.7816,0.0,0.018057887,0.0,0.0,Dec,1,1,4,13,Returning_Visitor,False,False
2.0,47.86775,0.0,0.0,10.0,246.10887,0.0,0.025933942,0.0,0.0,Dec,2,2,9,2,Returning_Visitor,False,False
0.0,0.0,0.0,0.0,6.0,306.05695,0.0,0.03333333,0.0,0.0,Aug,4,4,4,2,Returning_Visitor,False,False
0.0,0.0,0.0,0.0,15.0,532.5184,0.0,0.014273312,0.0,0.0,Dec,2,2,4,1,Returning_Visitor,True,False
0.0,0.0,0.0,0.0,9.0,450.21136,0.0,0.020083977,0.0,0.0,Aug,2,2,7,2,Returning_Visitor,False,False
0.0,0.0,0.0,0.0,14.0,360.81992,0.0,0.03333333,0.0,0.0,Nov,4,2,1,8,Returning_Visitor,False,False
3.0,76.12224,0.0,0.0,21.0,738.51056,0.0,0.008673015,13.446583,0.0,Aug,1,1,1,2,New_Visitor,False,False
0.0,0.0,0.0,0.0,22.0,462.86652,0.0,0.04,0.0,0.0,Nov,2,2,1,1,Returning_Visitor,False,False
3.0,59.984825,0.0,0.0,26.0,624.9363,0.0,0.011561485,0.0,0.0,Dec,4,4,1,13,Returning_Visitor,False,False
0.0,0.0,0.0,0.0,27.880566,634.18,0.013333333,0.027561933,0.0,0.0,Nov,1,4,1,2,Returning_Visitor,False,False
0.0,0.0,0.0,0.0,19.753168,640.5258,0.0,0.020779692,0.0,0.0,Nov,2,2,3,2,Returning_Visitor,False,False
4.0,119.660034,0.0,0.0,14.0,446.4484,0.0,0.02,0.0,0.0,Dec,4,1,1,8,Returning_Visitor,False,False
0.0,0.0,0.0,0.0,31.0,932.0132,0.0,0.02,12.139403,0.0,Dec,2,4,1,2,Returning_Visitor,False,False
0.0,0.0,0.0,0.0,33.0,869.0785,0.016666668,0.027962789,9.464805,0.0,Nov,1,1,7,1,Returning_Visitor,False,False
6.4031887,138.28526,0.0,0.0,38.0,979.9529,0.005540119,0.019067505,0.0,0.0,Aug,2,2,1,2,Returning_Visitor,False,False
0.0,0.0,0.0,0.0,23.942696,573.8738,0.011125721,0.03333333,0.0,0.0,Dec,2,2,9,1,Returning_Visitor,False,False
2.0,42.829086,0.0,0.0,38.0,1207.3611,0.0,0.02216327,0.0,0.0,Nov,2,2,1,8,Returning_Visitor,False,False
0.0,0.0,0.0,0.0,31.0,719.98804,0.0050910795,0.02126722,0.0,0.0,May,3,2,4,3,Returning_Visitor,False,False
0.0,0.0,0.0,0.0,18.0,577.13696,0.03898267,0.06666667,0.0,0.0,Aug,4,1,7,3,Returning_Visitor,False,False
1.0,0.0,0.0,0.0,22.0,568.07153,0.015382707,0.030204356,0.0,0.0,Nov,1,2,1,1,Returning_Visitor,False,False
0.0,0.0,0.0,0.0,16.0,300.273,0.012932451,0.04,0.0,0.0,Nov,2,2,4,2,Returning_Visitor,False,False
0.0,0.0,0.0,0.0,27.0,827.90735,0.026834996,0.05,0.0,0.0,Dec,3,2,1,3,Returning_Visitor,False,False
0.0,0.0,0.0,0.0,13.0,292.16525,0.0,0.023063486,0.0,0.0,Nov,4,2,1,6,Returning_Visitor,False,False
1.0,0.0,0.0,0.0,26.245241,579.437,0.0048086992,0.025,0.0,0.0,Aug,2,2,4,2,Returning_Visitor,False,False
0.0,0.0,0.0,0.0,23.0,650.15173,0.0,0.03333333,0.0,0.0,Dec,4,4,1,3,Returning_Visitor,False,False
1.0,3.967108,0.0,0.0,46.0,1398.5175,0.008431957,0.026496734,12.19176,0.0,Dec,2,2,2,2,Returning_Visitor,False,False
0.0,0.0,0.0,0.0,26.0,677.59827,0.0,0.014220181,0.0,0.0,Dec,1,2,1,2,Returning_Visitor,False,False
3.0,80.71409,0.0,0.0,47.504555,2069.479,0.0094741015,0.025977084,9.057675,0.0,Nov,4,2,2,1,Returning_Visitor,False,True
0.0,0.0,0.0,0.0,18.305925,639.0558,0.0,0.016288921,0.0,0.0,Dec,2,2,6,2,Returning_Visitor,False,False
0.0,0.0,0.0,0.0,32.616955,1024.3196,0.0,0.0151833985,0.0,0.0,Dec,2,2,1,1,Returning_Visitor,False,False
0.0,0.0,0.0,0.0,25.0,597.4005,0.0,0.025,0.0,0.0,Nov,4,2,4,13,Returning_Visitor,False,True
0.0,0.0,0.0,0.0,23.0,449.2805,0.0,0.025,0.0,0.0,Dec,2,2,1,2,Returning_Visitor,False,False
0.0,0.0,0.0,0.0,7.0,184.27205,0.0,0.046522945,0.0,0.0,Dec,2,2,1,1,Returning_Visitor,False,False
0.0,0.0,0.0,0.0,17.0,442.0982,0.0,0.022467857,0.0,0.0,Nov,2,4,1,2,Returning_Visitor,False,False
2.0,49.55626,0.0,0.0,12.269366,245.6476,0.0,0.016660735,0.0,0.0,Mar,1,4,1,1,Returning_Visitor,False,False
2.0,55.307487,0.0,0.0,43.032017,1860.3512,0.010543081,0.03242846,0.0,0.0,Dec,2,2,1,2,Returning_Visitor,False,False
0.0,0.0,0.0,0.0,19.0,504.4138,0.0,0.03061716,0.0,0.0,Dec,2,2,4,13,Returning_Visitor,False,False
0.0,0.0,0.0,0.0,28.0,652.9732,0.0,0.023257485,0.0,0.0,Nov,4,2,1,8,Returning_Visitor,False,False
0.0,0.0,0.0,0.0,20.0,643.35065,0.0,0.020825218,0.0,0.0,Nov,2,2,1,1,Returning_Visitor,False,False
0.0,0.0,0.0,0.0,28.0,613.00604,0.008592561,0.033682253,0.0,0.0,Jul,4,2,1,3,Returning_Visitor,False,False
0.0,0.0,0.0,0.0,31.0,666.4572,0.0,0.021600468,0.0,0.0,Nov,2,2,4,2,Returning_Visitor,False,False
0.0,0.0,0.0,0.0,1.0,0.0,0.2,0.2,0.0,0.0,Dec,4,2,1,1,Returning_Visitor,False,False
0.0,0.0,0.0,0.0,33.263756,748.173,0.008711329,0.032028124,0.0,0.0,Dec,2,2,1,3,Returning_Visitor,False,False
0.0,0.0,0.0,0.0,29.321133,682.05383,0.0,0.015567139,0.0,0.0,Dec,1,1,3,2,Returning_Visitor,False,False
2.0,46.636837,0.0,0.0,30.0,1039.97,0.0,0.013333333,17.851124,0.0,Nov,4,2,7,2,Returning_Visitor,False,True
2.0,32.105206,0.0,0.0,26.591585,649.8776,0.0,0.010631511,0.0,0.0,Mar,2,2,1,2,Returning_Visitor,False,False
2.0,60.7309,0.0,0.0,20.0,510.46957,0.0,0.008214839,0.0,0.0,May,2,2,9,9,New_Visitor,False,False
0.0,0.0,0.0,0.0,19.0,459.16513,0.0,0.015905265,0.0,0.0,Dec,1,1,1,2,Returning_Visitor,False,False
0.0,0.0,0.0,0.0,20.0,347.5563,0.0,0.028571429,0.0,0.0,Dec,2,2,9,1,Returning_Visitor,False,False
2.0,39.999912,0.0,0.0,57.58109,2714.1345,0.0045704716,0.018706845,0.0,0.0,Nov,2,2,1,2,Returning_Visitor,False,False
0.0,0.0,0.0,0.0,13.0,287.28723,0.0,0.030769864,0.0,0.0,Aug,1,2,1,9,Returning_Visitor,False,False
0.0,0.0,0.0,0.0,24.0,598.85394,0.0,0.025,0.0,0.0,Nov,2,2,1,1,Returning_Visitor,False,False
4.0,65.41834,0.0,0.0,43.355694,1866.2134,0.004221184,0.017235862,0.0,0.0,Aug,2,2,1,2,Returning_Visitor,False,False
3.0,41.822666,0.0,0.0,23.0,527.51135,0.0,0.01563269,0.0,0.0,Mar,2,2,4,2,Returning_Visitor,False,True
3.0,68.759285,0.0,0.0,34.688217,1583.041,0.006666667,0.02629653,0.0,0.0,May,2,2,9,13,Returning_Visitor,False,False
2.0,31.528677,0.0,0.0,22.0,562.5616,0.0,0.019772029,0.0,0.0,Nov,2,2,1,9,Returning_Visitor,False,False
0.0,0.0,0.0,0.0,11.0,197.13979,0.022222223,0.06111778,0.0,0.0,Dec,2,2,4,19,Returning_Visitor,False,False
0.0,0.0,0.0,0.0,22.0,611.78516,0.0,0.016666668,0.0,0.0,Nov,2,2,9,2,Returning_Visitor,False,False
0.0,0.0,0.0,0.0,15.0,376.85754,0.0,0.024225092,0.0,0.0,Nov,2,2,1,1,Returning_Visitor,False,False
0.0,0.0,0.0,0.0,16.0,274.11945,0.0050803265,0.043933135,0.0,0.0,Dec,2,2,1,1,Returning_Visitor,False,False
3.0,40.541656,0.0,0.0,28.0,591.3756,0.0,0.018525863,0.0,0.0,Dec,2,2,1,2,Returning_Visitor,False,False
3.0,95.905205,0.0,0.0,47.77723,1498.6521,0.0,0.013333333,0.0,0.0,Nov,2,2,3,2,Returning_Visitor,False,False
0.0,0.0,0.0,0.0,6.3586187,130.44827,0.04410846,0.06666667,0.0,0.0,Feb,2,2,1,3,Returning_Visitor,False,False
0.0,0.0,0.0,0.0,30.0,885.5053,0.0,0.011431236,24.704933,0.0,Dec,2,4,7,2,Returning_Visitor,False,True
2.0,23.043621,0.0,0.0,16.0,439.04083,0.0,0.015872497,0.0,0.0,Dec,2,2,7,2,Returning_Visitor,False,False
0.0,0.0,0.0,0.0,13.0,392.50894,0.0,0.018181818,0.0,0.0,Dec,2,2,7,1,Returning_Visitor,False,False
2.0,22.133934,0.0,0.0,27.63892,477.72516,0.0,0.009658274,0.0,0.0,Aug,4,1,1,2,New_Visitor,False,True
2.0,39.883224,0.0,0.0,40.59137,1003.0744,0.0,0.01577803,0.0,0.0,Nov,2,2,1,2,Returning_Visitor,False,False
0.0,0.0,0.0,0.0,22.0,591.2939,0.017091725,0.04308849,0.0,0.0,Nov,4,2,4,2,Returning_Visitor,False,False
0.0,0.0,0.0,0.0,17.0,577.1218,0.0,0.019215267,0.0,0.0,Mar,1,2,1,1,Returning_Visitor,False,False
0.0,0.0,0.0,0.0,32.0,1065.1243,0.0125,0.032230865,0.0,0.0,Nov,2,2,4,8,Returning_Visitor,False,False
2.0,51.929775,0.0,0.0,15.0,566.03827,0.0,0.015384615,0.0,0.0,Dec,2,2,1,1,Returning_Visitor,False,False
3.0,64.127686,0.0,0.0,37.0,1186.6532,0.011111111,0.037403192,0.0,0.0,Dec,2,4,9,1,Returning_Visitor,False,False
5.0,161.70888,0.0,0.0,13.0,328.3576,0.0,0.024340093,0.0,0.0,Nov,1,1,1,2,Returning_Visitor,False,False
0.0,0.0,0.0,0.0,24.0,1373.0386,0.0,0.012518467,0.0,0.0,Mar,2,2,1,10,Returning_Visitor,False,False
0.0,0.0,0.0,0.0,33.0,777.1207,0.0,0.015389577,0.0,0.0,Dec,7,2,1,1,Returning_Visitor,False,False
0.0,0.0,0.0,0.0,15.0,273.552,0.0,0.031433485,0.0,0.0,Dec,2,2,9,13,Returning_Visitor,False,False
0.0,0.0,0.0,0.0,26.0,520.3126,0.0,0.02,0.0,0.0,Dec,1,1,6,7,Returning_Visitor,False,False
0.0,0.0,0.0,0.0,25.0,629.1678,0.011051869,0.022018941,0.0,0.0,Nov,1,2,1,9,Returning_Visitor,False,False
0.0,0.0,0.0,0.0,38.853004,1054.4006,0.0127144605,0.028604174,0.0,0.0,Nov,2,2,1,1,Returning_Visitor,False,False
0.0,0.0,0.0,0.0,16.0,686.393,0.0,0.030651964,0.0,0.0,Aug,2,2,1,2,Returning_Visitor,False,False
0.0,0.0,0.0,0.0,24.0,609.29047,0.02125303,0.04,0.0,0.0,Aug,2,2,4,8,Returning_Visitor,False,False
0.0,0.0,0.0,0.0,26.0,927.12244,0.0,0.02,0.0,0.0,Aug,2,2,1,1,Returning_Visitor,False,False
6.0,160.61435,1.0,0.0,31.0,965.4871,0.004341771,0.016363677,0.0,0.0,Dec,2,2,1,2,Returning_Visitor,False,False
0.0,0.0,0.0,0.0,9.0,250.37909,0.028571429,0.0464521,0.0,0.0,Nov,3,2,4,10,Returning_Visitor,False,False
3.0,74.434105,0.0,0.0,39.0,1429.7333,0.0,0.017815245,8.089309,0.0,Aug,2,2,2,13,Returning_Visitor,False,True
0.0,0.0,0.0,0.0,8.0,256.46088,0.0,0.03248201,0.0,0.0,Dec,2,2,4,3,Returning_Visitor,False,False
0.0,0.0,0.0,0.0,25.0,575.0762,0.018181818,0.041547418,0.0,0.0,Dec,1,1,3,1,Returning_Visitor,False,False
2.3041875,65.364044,0.0,0.0,41.020985,1479.1655,0.0059779836,0.025,0.0,0.0,Dec,2,2,1,1,Returning_Visitor,False,False
0.0,0.0,0.0,0.0,29.0,678.5533,0.00868278,0.028571429,0.0,0.0,Dec,2,2,1,2,Returning_Visitor,False,False
0.0,0.0,0.0,0.0,10.0,180.93314,0.028034229,0.057221413,0.0,0.0,Dec,2,2,4,2,Returning_Visitor,False,False
2.0,43.56679,0.0,0.0,23.0,636.0546,0.0,0.011094148,0.0,0.0,Dec,1,2,1,2,Returning_Visitor,False,False
0.0,0.0,0.0,0.0,23.0,482.47504,0.0,0.021909028,0.0,0.0,Aug,4,4,7,13,Returning_Visitor,False,False
0.0,0.0,0.0,0.0,12.0,183.15628,0.031510968,0.07038029,0.0,0.0,Aug,2,4,1,1,Returning_Visitor,False,False
2.0,49.576435,0.0,0.0,18.0,508.19086,0.0,0.00934706,0.0,0.0,Nov,2,2,7,9,Returning_Visitor,False,False
0.0,0.0,0.0,0.0,21.0,729.3938,0.0,0.014514744,0.0,0.0,Nov,2,2,1,2,New_Visitor,False,True
0.0,0.0,0.0,0.0,18.0,298.79044,0.005570696,0.02797521,0.0,0.0,Dec,1,2,8,2,Returning_Visitor,False,False
0.0,0.0,0.0,0.0,20.0,488.14105,0.012608454,0.034337554,0.0,0.0,Dec,1,1,1,2,Returning_Visitor,False,False
4.0,84.99606,0.0,0.0,40.08675,1648.9312,0.0076953187,0.025,0.0,0.0,Nov,2,2,1,2,Returning_Visitor,False,False
2.4859276,35.42474,0.0,0.0,31.952286,652.4535,0.0,0.010866892,0.0,0.0,Dec,2,2,4,1,Returning_Visitor,False,False
0.0,0.0,0.0,0.0,30.0,535.6595,0.0,0.025,0.0,0.0,Aug,2,2,7,2,Returning_Visitor,False,False
0.0,0.0,0.0,0.0,30.0,881.56635,0.011646588,0.03220843,0.0,0.0,Dec,2,4,6,3,Returning_Visitor,False,False
3.0,49.289246,0.0,0.0,31.0,705.55707,0.0,0.016236458,0.0,0.0,Dec,2,4,1,3,Returning_Visitor,False,False
2.0,22.58301,1.0,29.403896,27.942596,627.65686,0.00776989,0.0332105,0.0,0.0,Dec,2,2,1,20,Returning_Visitor,False,False
0.0,0.0,0.0,0.0,15.0,325.29047,0.015531206,0.036567077,0.0,0.0,Nov,2,2,1,2,Returning_Visitor,False,False
3.0,85.843895,0.0,0.0,33.0,1215.7019,0.005790261,0.023149591,0.0,0.0,Aug,1,1,1,2,Returning_Visitor,False,False
0.0,0.0,0.0,0.0,12.0,248.2437,0.025,0.05301807,0.0,0.0,Dec,1,2,9,1,Returning_Visitor,False,False
4.0,63.87169,0.0,0.0,44.402905,1831.6473,0.009090909,0.028555756,9.044588,0.0,Nov,4,1,1,3,Returning_Visitor,False,False
0.0,0.0,0.0,0.0,11.0,182.99254,0.057399508,0.086557165,0.0,0.0,Nov,2,2,1,1,Returning_Visitor,False,False
3.0,67.61878,0.0,0.0,6.0,104.06679,0.0,0.023366958,0.0,0.0,Nov,4,2,6,2,Returning_Visitor,False,False
0.0,0.0,0.0,0.0,19.0,383.7911,0.0,0.035616666,0.0,0.0,Dec,2,2,7,1,Returning_Visitor,False,False
0.0,0.0,0.0,0.0,35.17062,1146.2155,0.011093295,0.02953761,0.0,0.0,Nov,2,2,1,3,Returning_Visitor,False,False
0.0,0.0,0.0,0.0,9.0,205.49976,0.0,0.03361928,0.0,0.0,Dec,2,2,1,2,Returning_Visitor,False,False
3.0,38.024876,0.0,0.0,21.0,452.77115,0.0,0.019569762,0.0,0.0,Nov,2,2,6,9,Returning_Visitor,True,False
0.0,0.0,0.0,0.0,10.0,402.19543,0.0,0.025748966,0.0,0.0,Nov,2,2,3,3,Returning_Visitor,False,False
3.0,100.671196,0.0,0.0,36.0,1156.7229,0.012178665,0.029896207,10.569047,0.0,Aug,1,1,7,1,Returning_Visitor,False,False
0.0,0.0,0.0,0.0,26.661469,740.53,0.012174111,0.03863718,0.0,0.0,Dec,2,2,1,1,Returning_Visitor,False,False
3.0,78.73537,0.0,0.0,41.0,1115.4154,0.0,0.011848453,0.0,0.0,Nov,2,2,3,2,Returning_Visitor,False,False
0.0,0.0,0.0,0.0,28.0,1206.3258,0.013281907,0.03543197,0.0,0.0,Nov,2,2,9,2,Returning_Visitor,False,False
0.0,0.0,0.0,0.0,16.0,500.85657,0.0,0.02984836,0.0,0.0,Nov,2,2,1,1,Returning_Visitor,False,False
0.0,0.0,0.0,0.0,27.0,813.61945,0.012603121,0.03333333,0.0,0.0,Dec,1,1,1,3,Returning_Visitor,False,False
0.0,0.0,0.0,0.0,7.0,197.99829,0.0,0.03333333,0.0,0.0,Dec,4,2,3,1,Returning_Visitor,False,False
5.0,98.47666,0.0,0.0,37.842274,1272.7343,0.002383369,0.016171047,0.0,0.0,Dec,4,2,1,2,Returning_Visitor,True,False
0.0,0.0,0.0,0.0,13.0,272.96176,0.0,0.02977683,0.0,0.0,Nov,4,1,8,3,Returning_Visitor,False,False
0.0,0.0,0.0,0.0,19.96328,549.7676,0.0153796105,0.036946777,0.0,0.0,Jul,2,2,3,1,Returning_Visitor,False,False
3.4566193,78.273056,0.0,0.0,37.0,607.1825,0.009354112,0.031040607,0.0,0.0,Dec,1,1,1,1,Returning_Visitor,False,False
0.0,0.0,0.0,0.0,14.0,270.74228,0.0,0.028556574,0.0,0.0,Dec,1,2,1,1,Returning_Visitor,False,False
4.0,42.40473,0.0,0.0,30.0,882.6901,0.0,0.016666668,0.0,0.0,Sep,2,2,8,1,Returning_Visitor,False,False
3.0,80.31891,0.0,0.0,33.0,1113.631,0.0,0.014277029,0.0,0.0,Nov,2,2,1,2,Returning_Visitor,False,False
1.0,0.0,0.0,0.0,24.0,597.7552,0.0,0.028663903,0.0,0.0,Dec,1,2,4,3,Returning_Visitor,False,False
0.0,0.0,0.0,0.0,13.0,623.21454,0.02186005,0.05,0.0,0.0,Nov,1,1,1,2,Returning_Visitor,False,False
0.0,0.0,0.0,0.0,16.0,350.6175,0.0,0.015384615,0.0,0.0,Aug,4,2,1,8,Returning_Visitor,False,False
4.0,110.5319,2.0,48.922108,40.24447,1324.4718,0.001999865,0.018031592,0.0,0.0,Dec,2,8,1,2,Returning_Visitor,False,False
2.0,31.832586,0.0,0.0,21.0,768.0082,0.0,0.015861152,13.804143,0.0,Dec,2,2,7,1,Returning_Visitor,False,False
2.0,50.87513,0.0,0.0,27.765741,420.12213,0.0,0.016183544,0.0,0.0,Dec,4,2,4,3,Returning_Visitor,False,False
5.0,87.476746,1.0,0.0,42.281647,1377.849,0.0,0.021415668,0.0,0.0,Dec,2,2,1,3,Returning_Visitor,False,False
0.0,0.0,0.0,0.0,10.0,162.7589,0.028571429,0.057889204,0.0,0.0,Jul,4,2,9,1,Returning_Visitor,False,False
0.0,0.0,0.0,0.0,23.0,544.93463,0.0,0.027947225,0.0,0.0,Dec,2,1,1,19,Returning_Visitor,False,False
0.0,0.0,0.0,0.0,26.0,623.4211,0.0,0.017026454,0.0,0.0,Dec,1,1,6,13,Returning_Visitor,False,False
4.0,131.83585,0.0,0.0,21.0,423.7463,0.008980546,0.0264312,0.0,0.0,Aug,2,2,9,8,Returning_Visitor,False,False
0.0,0.0,0.0,0.0,26.176062,761.12836,0.0,0.021569718,17.773256,0.0,Dec,1,1,1,2,Returning_Visitor,False,False
3.0,60.322124,0.0,0.0,15.0,254.68951,0.0,0.012681192,0.0,0.0,Aug,4,2,7,2,Returning_Visitor,False,False
0.0,0.0,0.0,0.0,30.0,924.26306,0.0,0.01765663,0.0,0.0,Dec,2,2,1,1,Returning_Visitor,False,False
0.0,0.0,0.0,0.0,33.0,825.78033,0.009453835,0.029826486,0.0,0.0,Dec,4,2,3,2,Returning_Visitor,False,False
0.0,0.0,0.0,0.0,27.0,883.72815,0.0,0.0095206015,8.664,0.0,Nov,1,1,1,2,New_Visitor,False,False
0.0,0.0,0.0,0.0,24.23362,710.22394,0.0,0.011254272,0.0,0.0,Dec,2,2,9,2,Returning_Visitor,False,False
4.0,119.28974,0.0,0.0,21.0,502.18365,0.01579257,0.026336657,0.0,0.0,Dec,2,2,3,1,Returning_Visitor,False,False
0.0,0.0,0.0,0.0,46.0,1775.8152,0.0,0.012144155,8.703033,0.0,Nov,2,2,1,2,Returning_Visitor,False,True
3.0,75.21393,0.0,0.0,32.0,1468.443,0.0,0.02070649,9.758516,0.0,Dec,2,2,4,13,Returning_Visitor,False,False
3.0,102.544556,0.0,0.0,26.0,679.2073,0.0,0.014037609,8.480262,0.0,Dec,2,2,1,2,Returning_Visitor,False,True
0.0,0.0,0.0,0.0,21.0,632.7423,0.018069608,0.05,0.0,0.0,Dec,2,2,1,2,Returning_Visitor,False,False
0.0,0.0,0.0,0.0,12.0,480.21698,0.0,0.025090294,0.0,0.0,Nov,2,2,1,2,Returning_Visitor,False,False
0.0,0.0,0.0,0.0,9.918192,216.24352,0.0,0.03333333,0.0,0.0,Dec,4,2,3,2,Returning_Visitor,False,False
0.0,0.0,0.0,0.0,12.0,332.24686,0.0,0.030633045,0.0,0.0,Nov,2,4,1,2,Returning_Visitor,False,False
3.0,46.22011,0.0,0.0,27.0,648.0197,0.0,0.024935713,0.0,0.0,Mar,2,2,4,1,Returning_Visitor,False,False
0.0,0.0,0.0,0.0,21.0,582.98175,0.0125,0.026736509,0.0,0.0,Dec,2,2,1,13,Returning_Visitor,False,False
0.0,0.0,0.0,0.0,14.0,251.27702,0.0,0.022692485,0.0,0.0,Aug,1,1,4,2,Returning_Visitor,False,False
0.0,0.0,0.0,0.0,31.0,568.02527,0.0,0.021362511,0.0,0.0,Aug,2,2,1,2,Returning_Visitor,False,False
0.0,0.0,0.0,0.0,11.0,257.75153,0.0,0.034513608,0.0,0.0,Dec,1,1,1,8,Returning_Visitor,False,False
0.0,0.0,0.0,0.0,40.0,751.0999,0.0,0.019503161,0.0,0.0,Dec,3,2,1,2,Returning_Visitor,False,False
3.0,63.42338,2.0,58.842022,43.99768,1205.5249,0.0074445126,0.019256052,0.0,0.0,Dec,4,4,3,2,Returning_Visitor,False,False
0.0,0.0,0.0,0.0,27.0,850.02594,0.013333333,0.02721602,0.0,0.0,Nov,1,4,3,2,Returning_Visitor,False,False
0.0,0.0,0.0,0.0,10.0,234.71483,0.05,0.08509769,0.0,0.0,Nov,3,2,1,1,Returning_Visitor,False,False
4.0,107.654305,0.0,0.0,26.790598,675.01733,0.0,0.011760099,0.0,0.0,Dec,3,2,1,2,Returning_Visitor,False,False
0.0,0.0,0.0,0.0,30.0,631.78015,0.01293027,0.03333333,0.0,0.0,Dec,1,1,1,2,Returning_Visitor,False,False
0.0,0.0,0.0,0.0,22.0,650.0658,0.0,0.025,0.0,0.0,Nov,1,1,4,8,Returning_Visitor,False,False
0.0,0.0,0.0,0.0,41.614758,1609.9657,0.0,0.020306848,361.76373,0.0,Jul,4,1,4,3,Returning_Visitor,False,False
0.0,0.0,0.0,0.0,10.0,139.90463,0.029811861,0.05126419,0.0,0.0,May,3,2,1,1,Returning_Visitor,False,False
5.0,97.65217,0.0,0.0,52.0,1846.0607,0.0071147224,0.028571429,0.0,0.0,Dec,2,2,7,13,Returning_Visitor,False,False
0.0,0.0,0.0,0.0,25.0,481.33118,0.011514606,0.032220423,0.0,0.0,Dec,4,2,1,3,Returning_Visitor,False,False
0.0,0.0,0.0,0.0,46.04839,1283.6263,0.012323323,0.03676016,0.0,0.0,Dec,2,2,3,13,Returning_Visitor,False,False
0.0,0.0,0.0,0.0,41.0,746.2683,0.00864324,0.03333333,0.0,0.0,Dec,2,2,7,1,Returning_Visitor,False,False
0.0,0.0,0.0,0.0,20.0,556.65466,0.0121201,0.029503265,0.0,0.0,Aug,2,2,7,2,Returning_Visitor,False,False
0.0,0.0,0.0,0.0,16.0,410.3718,0.0,0.022666208,0.0,0.0,Nov,2,2,1,2,Returning_Visitor,False,False
2.0,33.615993,0.0,0.0,24.0,698.5244,0.0,0.015905064,0.0,0.0,Aug,2,2,9,2,Returning_Visitor,False,False
4.0,55.293064,0.0,0.0,40.0,1488.4689,0.005903797,0.01772848,0.0,0.0,Nov,1,2,1,2,Returning_Visitor,False,True
2.0,24.84661,0.0,0.0,19.0,561.36945,0.0,0.021420673,0.0,0.0,Aug,2,2,1,2,Returning_Visitor,False,True
1.0,13.484996,0.0,0.0,34.0,701.67596,0.0,0.014104946,0.0,0.0,Dec,2,2,4,2,Returning_Visitor,False,False
0.0,0.0,0.0,0.0,11.107181,317.5956,0.0,0.03333333,0.0,0.0,Aug,2,4,1,3,Returning_Visitor,False,False
0.0,0.0,0.0,0.0,22.024778,343.29108,0.026468704,0.04652445,0.0,0.0,Jul,1,2,1,13,Returning_Visitor,False,False
0.0,0.0,0.0,0.0,21.0,336.4287,0.0,0.025023634,0.0,0.0,Dec,1,2,9,8,Returning_Visitor,False,False
0.0,0.0,0.0,0.0,24.0,704.41,0.0,0.0071393335,0.0,0.0,Nov,2,2,4,2,New_Visitor,False,False
0.0,0.0,0.0,0.0,25.0,515.02747,0.007162405,0.025360607,0.0,0.0,Dec,3,2,1,9,Returning_Visitor,False,False
3.0,35.07131,0.0,0.0,15.0,483.74625,0.0,0.0105619,0.0,0.0,Nov,2,2,1,2,New_Visitor,False,False
0.0,0.0,0.0,0.0,25.0,1074.6816,0.007108258,0.020394105,0.0,0.0,Dec,2,4,2,2,Returning_Visitor,False,False
0.0,0.0,0.0,0.0,19.0,658.47784,0.0,0.026725417,0.0,0.0,Aug,2,2,1,13,Returning_Visitor,False,False
0.0,0.0,0.0,0.0,11.0,293.33603,0.0,0.03658122,0.0,0.0,Aug,2,4,1,2,Returning_Visitor,False,False
4.0,65.18951,0.0,0.0,29.0,781.9567,0.0,0.011764706,0.0,0.0,Dec,2,2,1,2,Returning_Visitor,False,False
3.0,39.20453,0.0,0.0,36.852783,696.79175,0.0,0.013173076,0.0,0.0,Nov,2,2,1,2,Returning_Visitor,False,False
0.0,0.0,0.0,0.0,15.0,436.8218,0.0,0.027360234,0.0,0.0,Sep,2,2,1,2,Returning_Visitor,False,False
3.0,60.59398,0.0,0.0,33.0,707.69714,0.0037524784,0.019866312,0.0,0.0,Aug,1,2,1,2,Returning_Visitor,False,False
0.0,0.0,0.0,0.0,24.0,687.2178,0.0,0.025249023,0.0,0.0,Nov,2,2,7,19,Returning_Visitor,False,False
3.0,67.26641,0.0,0.0,21.0,524.26135,0.0,0.010298056,0.0,0.0,Dec,2,2,1,8,Returning_Visitor,False,False
0.0,0.0,0.0,0.0,11.0,238.25565,0.04,0.07617926,0.0,0.0,Aug,2,2,1,1,Returning_Visitor,False,False
0.0,0.0,0.0,0.0,27.0,700.2317,0.0,0.027458476,0.0,0.0,Nov,2,2,9,3,Returning_Visitor,False,False
3.0,76.21308,0.0,0.0,37.0952,850.3783,0.0015121592,0.022222223,0.0,0.0,Nov,1,1,1,2,Returning_Visitor,False,False
0.0,0.0,0.0,0.0,26.0,812.31354,0.0,0.026545199,0.0,0.0,Aug,2,1,1,1,Returning_Visitor,False,False
0.0,0.0,0.0,0.0,19.0,367.73584,0.0,0.015787326,0.0,0.0,Nov,2,4,6,2,Returning_Visitor,False,False
0.0,0.0,0.0,0.0,31.610737,821.9187,0.0,0.0052938717,0.0,0.0,Nov,2,2,1,1,Returning_Visitor,True,False
4.0,52.467438,0.0,0.0,35.31108,986.02344,0.0,0.02066388,0.0,0.0,Nov,2,2,1,2,Returning_Visitor,False,False
3.0,59.10109,0.0,0.0,63.49057,1872.0043,0.004840899,0.02071582,7.1218157,0.0,Aug,2,2,9,2,Returning_Visitor,True,False
0.0,0.0,0.0,0.0,21.0,647.44727,0.0,0.015407059,0.0,0.0,Nov,2,2,1,2,Returning_Visitor,True,False
0.0,0.0,0.0,0.0,1.0,0.0,0.2,0.2,0.0,0.0,Nov,2,2,1,1,Returning_Visitor,False,False
0.0,0.0,0.0,0.0,18.0,485.81497,0.0,0.030667558,0.0,0.0,Dec,2,2,1,2,Returning_Visitor,False,False
0.0,0.0,0.0,0.0,27.65018,696.0098,0.0042362553,0.030908255,0.0,0.0,Jul,2,12,1,3,Returning_Visitor,False,False
0.0,0.0,0.0,0.0,23.0,631.29047,0.03333333,0.05,0.0,0.0,Dec,2,2,4,1,Returning_Visitor,False,False
0.0,0.0,0.0,0.0,40.0,783.0616,0.009540729,0.025380353,0.0,0.0,Dec,2,2,1,2,Returning_Visitor,False,False
0.0,0.0,0.0,0.0,10.0,256.66272,0.028571429,0.05,0.0,0.0,Nov,2,2,4,1,Returning_Visitor,False,False
0.0,0.0,0.0,0.0,16.0,598.86145,0.0,0.016666668,0.0,0.0,Nov,1,2,1,2,Returning_Visitor,False,False
3.0,57.867947,0.0,0.0,39.117783,1407.1565,0.0122782225,0.03333333,0.0,0.0,Dec,2,4,1,1,Returning_Visitor,False,False
0.0,0.0,0.0,0.0,34.204037,1042.9673,0.0,0.013333333,0.0,0.0,Nov,2,2,4,8,Returning_Visitor,False,False
0.0,0.0,0.0,0.0,28.0,668.40674,0.0,0.020933036,0.0,0.0,Mar,3,2,1,1,Returning_Visitor,False,False
0.0,0.0,0.0,0.0,13.0,275.7759,0.0,0.03333333,0.0,0.0,Dec,3,2,1,3,Returning_Visitor,False,False
0.0,0.0,0.0,0.0,30.0,918.0979,0.0,0.015053654,0.0,0.0,Dec,2,2,2,2,Returning_Visitor,False,False
0.0,0.0,0.0,0.0,31.0,726.5621,0.0,0.0077209566,0.0,0.0,Dec,2,2,7,2,Returning_Visitor,False,False
0.0,0.0,0.0,0.0,16.0,278.34207,0.0,0.021974362,0.0,0.0,Dec,2,2,1,2,Returning_Visitor,False,False
2.0,21.42104,0.0,0.0,24.0,458.55588,0.0,0.015764898,0.0,0.0,Dec,2,2,1,2,Returning_Visitor,False,False
3.0,66.65738,0.0,0.0,24.0,763.8653,0.0,0.016666668,0.0,0.0,May,2,2,1,2,Returning_Visitor,False,False
0.0,0.0,0.0,0.0,21.0,498.6666,0.0,0.016937062,0.0,0.0,Dec,1,1,1,2,Returning_Visitor,False,False
0.0,0.0,0.0,0.0,23.0,548.6438,0.0,0.017738873,0.0,0.0,Dec,2,4,1,2,Returning_Visitor,False,False
2.0,38.8829,0.0,0.0,26.0,814.50616,0.0,0.021448513,0.0,0.0,Dec,2,12,1,1,Returning_Visitor,False,False
0.0,0.0,0.0,0.0,16.0,332.29572,0.0,0.03849033,0.0,0.0,Dec,1,1,4,13,Returning_Visitor,False,False
0.0,0.0,0.0,0.0,12.0,203.16597,0.0,0.022222223,0.0,0.0,Nov,1,2,1,10,Returning_Visitor,False,False
0.0,0.0,0.0,0.0,10.406147,207.0587,0.0,0.023205819,0.0,0.0,May,3,2,1,3,Returning_Visitor,False,False
0.0,0.0,0.0,0.0,24.0,673.0594,0.0,0.024230832,0.0,0.0,Nov,4,2,3,1,Returning_Visitor,False,False
0.0,0.0,0.0,0.0,7.0,142.97824,0.06666667,0.1,0.0,0.0,Dec,4,2,1,3,Returning_Visitor,False,False
5.0,128.35387,0.0,0.0,28.0,765.99066,0.0,0.017939152,11.915916,0.0,Dec,2,5,1,1,Returning_Visitor,False,False
0.0,0.0,0.0,0.0,42.0,1096.4089,0.0,0.021937376,0.0,0.0,Dec,2,2,4,1,Returning_Visitor,False,False
3.0,89.001526,0.0,0.0,38.0,771.30066,0.008333333,0.02,0.0,0.0,Dec,1,2,1,1,Returning_Visitor,False,False
2.0,58.68819,0.0,0.0,41.0,1585.4772,0.0,0.015310645,7.468345,0.0,Nov,2,2,1,1,Returning_Visitor,False,True
3.0,63.7305,0.0,0.0,46.559765,1381.545,0.011081671,0.028571429,8.805733,0.0,Aug,1,1,4,13,Returning_Visitor,False,False
0.0,0.0,0.0,0.0,26.0,750.7135,0.0,0.025959503,0.0,0.0,Dec,2,2,2,1,Returning_Visitor,False,False
0.0,0.0,0.0,0.0,27.0,672.7115,0.0,0.030079158,0.0,0.0,Dec,2,2,7,1,Returning_Visitor,False,False
4.0,120.29532,0.0,0.0,42.0,1281.041,0.011940975,0.03333333,5.603286,0.0,Jul,7,2,1,1,Returning_Visitor,False,False
4.0,79.43781,0.0,0.0,22.0,641.59344,0.0,0.011374103,0.0,0.0,Aug,2,2,3,13,Returning_Visitor,False,False
2.0,26.364468,0.0,0.0,24.901575,445.78394,0.0,0.025333744,0.0,0.0,Nov,2,2,1,1,Returning_Visitor,False,False
0.0,0.0,0.0,0.0,16.0,521.2647,0.018504255,0.042917997,0.0,0.0,Nov,4,2,4,3,Returning_Visitor,False,False
0.0,0.0,0.0,0.0,16.0,467.74463,0.0,0.029646168,0.0,0.0,Aug,2,2,1,1,Returning_Visitor,False,False
0.0,0.0,0.0,0.0,17.0,380.95755,0.0,0.036784116,0.0,0.0,Dec,4,2,1,3,Returning_Visitor,False,False
3.0,63.383823,0.0,0.0,39.892838,1390.1891,0.00825445,0.018862007,0.0,0.0,Jul,3,2,1,2,Returning_Visitor,False,False
0.0,0.0,0.0,0.0,23.0,522.99915,0.0,0.017082676,0.0,0.0,Dec,2,2,1,1,Returning_Visitor,False,False
1.0,7.4583473,0.0,0.0,22.0,594.6474,0.0,0.019072523,0.0,0.0,Dec,1,2,1,1,Returning_Visitor,False,False
2.0,33.775936,0.0,0.0,16.0,269.9066,0.0,0.015533629,0.0,0.0,Dec,4,2,1,2,Returning_Visitor,False,False
0.0,0.0,0.0,0.0,34.386436,977.73157,0.009224712,0.025,0.0,0.0,Nov,3,2,6,15,Returning_Visitor,False,False
3.0,46.91246,0.0,0.0,41.844906,1232.2133,0.008439298,0.027143614,0.0,0.0,Aug,2,2,1,2,Returning_Visitor,False,False
0.0,0.0,0.0,0.0,17.97524,616.878,0.0,0.016360965,0.0,0.0,Nov,2,2,7,2,Returning_Visitor,False,False
1.0,0.0,0.0,0.0,27.0,673.3829,0.0054104044,0.025,0.0,0.0,Dec,2,2,1,8,Returning_Visitor,False,False
3.0,44.02767,0.0,0.0,28.0,833.76996,0.0015009971,0.020606771,0.0,0.0,Dec,2,2,4,8,Returning_Visitor,False,False
2.0,50.182003,0.0,0.0,37.0,1245.3579,0.011730354,0.0358797,0.0,0.0,Nov,2,2,1,13,Returning_Visitor,False,False
0.0,0.0,0.0,0.0,34.0,1469.2025,0.0,0.016666668,0.0,0.0,Nov,2,2,9,13,Returning_Visitor,False,False
0.0,0.0,0.0,0.0,7.0,215.33322,0.0,0.049962997,0.0,0.0,Aug,4,2,1,1,Returning_Visitor,False,False
3.0,99.80256,0.0,0.0,9.0,289.73737,0.0,0.024881933,0.0,0.0,Nov,2,4,1,2,Returning_Visitor,False,False
2.0,56.86174,0.0,0.0,28.584038,1176.0024,0.010562628,0.03333333,0.0,0.0,Dec,2,2,6,1,Returning_Visitor,False,False
3.0,63.592056,0.0,0.0,39.0,682.9963,0.0,0.013694036,11.510597,0.0,Dec,2,2,1,2,Returning_Visitor,False,False
0.0,0.0,0.0,0.0,39.756714,1350.2906,0.0,0.014590197,15.079675,0.0,Dec,2,2,4,1,Returning_Visitor,False,True
0.0,0.0,0.0,0.0,17.0,333.84375,0.009923769,0.03569736,0.0,0.0,Aug,2,2,9,1,Returning_Visitor,False,False
0.0,0.0,0.0,0.0,47.09754,1593.6484,0.0,0.0192092,0.0,0.0,Nov,2,2,7,2,Returning_Visitor,False,True
3.0,77.2697,0.0,0.0,29.0,778.6082,0.006103873,0.02,0.0,0.0,Sep,2,2,1,1,Returning_Visitor,False,False
0.0,0.0,0.0,0.0,8.0,118.098175,0.0,0.027742833,0.0,0.0,Aug,2,2,9,2,Returning_Visitor,False,False
0.0,0.0,0.0,0.0,9.0,304.87,0.0,0.036991708,0.0,0.0,Nov,2,2,1,8,Returning_Visitor,False,False
4.0,55.26494,0.0,0.0,27.0,921.85803,0.0,0.012044726,21.720226,0.0,Dec,2,2,1,1,Returning_Visitor,False,False
4.0,98.264336,0.0,0.0,18.0,455.74393,0.003191383,0.029377097,0.0,0.0,Aug,2,2,1,13,Returning_Visitor,False,False
4.0,86.146095,0.0,0.0,43.528053,1455.7825,0.009023973,0.028571429,0.0,0.0,Dec,2,2,1,1,Returning_Visitor,False,False
0.0,0.0,0.0,0.0,10.0,286.5459,0.0,0.01867654,0.0,0.0,Dec,2,5,1,1,Returning_Visitor,False,False
0.0,0.0,0.0,0.0,4.0,59.178997,0.0,0.047329314,0.0,0.0,Jul,2,8,6,9,Returning_Visitor,False,False
3.0,54.527843,0.0,0.0,30.0,670.20886,0.0,0.025718363,0.0,0.0,Aug,2,2,1,3,Returning_Visitor,False,False
0.0,0.0,0.0,0.0,9.0,231.98106,0.0,0.026528245,0.0,0.0,Nov,2,4,7,14,Returning_Visitor,False,False
4.0,109.169235,0.0,0.0,16.0,357.84277,0.0,0.018131139,0.0,0.0,May,1,2,4,3,Returning_Visitor,False,False
0.0,0.0,0.0,0.0,13.0,353.7808,0.0,0.025,0.0,0.0,Nov,2,2,1,2,Returning_Visitor,False,False
0.0,0.0,0.0,0.0,29.0,1053.4889,0.0,0.024636606,0.0,0.0,Sep,2,2,1,1,Returning_Visitor,False,False
0.0,0.0,0.0,0.0,32.677563,1086.1505,0.0,0.025012398,0.0,0.0,Dec,2,2,1,13,Returning_Visitor,False,False
4.0,77.30278,0.0,0.0,39.0,948.4626,0.0035975461,0.020625971,0.0,0.0,Dec,2,2,1,2,Returning_Visitor,False,False
0.0,0.0,0.0,0.0,10.0,236.7944,0.0,0.045588624,0.0,0.0,Dec,2,2,1,1,Returning_Visitor,False,False
0.0,0.0,0.0,0.0,36.0,1608.9117,0.010050822,0.025454175,0.0,0.0,Nov,2,2,6,1,Returning_Visitor,False,False
4.0,47.704586,0.0,0.0,28.06034,815.812,0.0,0.008722911,17.27517,0.0,Jul,2,4,3,2,New_Visitor,False,False
3.0,97.27554,0.0,0.0,39.0,1616.9657,0.007692308,0.021306336,10.544176,0.0,Dec,2,2,1,2,Returning_Visitor,False,False
5.0,93.58775,0.0,0.0,54.444668,2068.432,0.008064591,0.01695656,9.189489,0.0,Aug,3,2,1,2,Returning_Visitor,False,True
2.0,32.971283,0.0,0.0,15.26802,390.3321,0.0,0.016666668,0.0,0.0,Nov,2,2,7,13,Returning_Visitor,False,False
0.0,0.0,0.0,0.0,28.0,917.77026,0.007688623,0.028260369,0.0,0.0,Aug,2,2,1,13,Returning_Visitor,False,False
4.0,83.6085,0.0,0.0,43.00446,1239.4363,0.018992927,0.037627455,0.0,0.0,Dec,3,2,1,2,Returning_Visitor,False,False
3.0,47.795387,0.0,0.0,40.0,1014.83154,0.012826886,0.033178683,0.0,0.0,Nov,2,2,1,2,Returning_Visitor,False,False
0.0,0.0,0.0,0.0,14.0,283.0438,0.0,0.03748303,0.0,0.0,May,2,2,1,1,Returning_Visitor,False,False
0.0,0.0,0.0,0.0,14.0,273.7585,0.01399468,0.05,0.0,0.0,Dec,3,2,6,15,Returning_Visitor,False,False
0.0,0.0,0.0,0.0,26.0,500.53217,0.009723281,0.030847413,0.0,0.0,Dec,1,2,4,2,Returning_Visitor,False,False
0.0,0.0,0.0,0.0,25.0,772.76904,0.015382751,0.03907545,0.0,0.0,Dec,2,2,3,1,Returning_Visitor,False,False
0.0,0.0,0.0,0.0,18.0,482.3677,0.0,0.018166803,0.0,0.0,Dec,2,2,1,2,Returning_Visitor,False,False
0.0,0.0,0.0,0.0,22.0,681.30035,0.021160994,0.04371796,0.0,0.0,Dec,1,1,2,1,Returning_Visitor,False,False
0.0,0.0,0.0,0.0,21.0,481.80026,0.0045926543,0.03834837,0.0,0.0,Aug,2,2,9,3,Returning_Visitor,False,False
2.0,32.146576,0.0,0.0,27.0,625.21246,0.0,0.00847526,0.0,0.0,Dec,2,2,3,2,Returning_Visitor,False,False
4.0,65.1237,0.0,0.0,53.815296,2130.287,0.0,0.00952861,18.392267,0.0,Nov,2,2,1,2,Returning_Visitor,False,True
0.0,0.0,0.0,0.0,22.0,650.1048,0.008333333,0.035220675,0.0,0.0,May,4,1,1,3,Returning_Visitor,False,False
0.0,0.0,0.0,0.0,26.0,888.8822,0.0,0.028545821,0.0,0.0,Dec,2,2,1,1,Returning_Visitor,False,False
0.0,0.0,0.0,0.0,13.0,235.8489,0.014988464,0.04646559,0.0,0.0,Dec,2,2,8,3,Returning_Visitor,False,False
3.0,54.78718,0.0,0.0,18.0,646.4545,0.0,0.014548425,0.0,0.0,Dec,2,2,8,2,Returning_Visitor,False,False
0.0,0.0,0.0,0.0,18.0,388.98016,0.0,0.037563708,0.0,0.0,Nov,3,2,9,2,Returning_Visitor,False,False
0.0,0.0,0.0,0.0,21.226025,700.83026,0.038565814,0.06054388,0.0,0.0,Dec,1,2,1,1,Returning_Visitor,False,False
5.0,158.34686,0.0,0.0,20.0,454.6643,0.0,0.022222223,0.0,0.0,Dec,1,1,1,2,Returning_Visitor,False,False
0.0,0.0,0.0,0.0,10.0,165.88492,0.0,0.044444446,0.0,0.0,Dec,1,1,3,1,Returning_Visitor,False,False
5.0,241.37457,0.0,0.0,49.80012,2767.5571,0.008333333,0.016666668,14.199379,0.0,Aug,4,2,1,2,Returning_Visitor,False,True
4.0,55.81292,0.0,0.0,22.179863,423.39767,0.0,0.017907009,0.0,0.0,Nov,2,2,1,2,Returning_Visitor,False,False
4.0,77.53233,0.0,0.0,31.0,554.8612,0.0,0.024720056,0.0,0.0,Dec,1,1,1,2,Returning_Visitor,False,False
2.0,28.988352,0.0,0.0,40.0,1160.6936,0.009552801,0.02905432,0.0,0.0,Dec,3,2,1,2,Returning_Visitor,False,False
0.0,0.0,0.0,0.0,15.9286,280.28616,0.032000966,0.06580793,0.0,0.0,Nov,4,2,1,1,Returning_Visitor,False,False
0.0,0.0,0.0,0.0,17.0,477.64822,0.0,0.016050035,0.0,0.0,Dec,2,2,3,3,Returning_Visitor,False,False
0.0,0.0,0.0,0.0,40.2271,1372.1415,0.012157253,0.04,0.0,0.0,Dec,2,2,3,1,Returning_Visitor,False,False
5.0,103.15772,0.0,0.0,46.498684,1848.8586,0.008534176,0.02760227,0.0,0.0,Aug,2,2,1,2,Returning_Visitor,False,False
3.0,150.66238,0.0,0.0,29.0,1689.5624,0.0,0.0125,14.700221,0.0,Dec,2,2,1,13,Returning_Visitor,False,True
0.0,0.0,0.0,0.0,28.0,740.763,0.009887111,0.023764778,0.0,0.0,Dec,1,2,1,13,Returning_Visitor,False,False
2.0,56.809315,1.236996,0.0,36.0,896.9768,0.0,0.016233597,0.0,0.0,Jul,2,2,1,2,Returning_Visitor,False,False
0.0,0.0,0.0,0.0,16.0,301.07693,0.011546216,0.023531757,0.0,0.0,Aug,2,2,1,2,Returning_Visitor,True,False
3.0,58.43584,0.0,0.0,14.0,376.62466,0.0,0.020170271,0.0,0.0,Dec,2,4,3,2,Returning_Visitor,False,False
2.0,48.0741,0.0,0.0,43.0,1292.6879,0.010213234,0.015833154,7.830362,0.0,Dec,3,2,1,3,Returning_Visitor,True,True
5.0,92.61298,0.0,0.0,55.645546,2033.1395,0.0,0.016666668,0.0,0.0,Nov,2,2,1,13,Returning_Visitor,False,True
2.0,44.61507,0.0,0.0,20.0,482.15457,0.01760261,0.04,0.0,0.0,Dec,2,2,9,2,Returning_Visitor,False,False
0.0,0.0,0.0,0.0,3.0,13.856011,0.2,0.2,0.0,0.0,Aug,2,2,1,1,Returning_Visitor,False,False
3.0,72.22963,0.0,0.0,15.0,245.45749,0.0,0.025113929,0.0,0.0,Nov,4,4,1,3,Returning_Visitor,False,False
4.0,58.979847,0.0,0.0,17.0,515.13135,0.0,0.014716054,0.0,0.0,Mar,2,2,4,2,Returning_Visitor,False,False
2.0,59.390224,0.0,0.0,30.0,959.91235,0.009577843,0.024390584,40.61108,0.0,Dec,1,1,1,2,Returning_Visitor,False,False
0.0,0.0,0.0,0.0,18.0,266.97757,0.0,0.020697365,0.0,0.0,Nov,1,2,1,2,Returning_Visitor,False,False
0.0,0.0,0.0,0.0,19.0,446.44147,0.0,0.04,0.0,0.0,Aug,1,1,1,3,Returning_Visitor,False,False
1.0,23.730747,0.0,0.0,34.0,672.5752,0.007239531,0.024207983,0.0,0.0,May,2,2,1,1,Returning_Visitor,False,False
2.0,29.267815,0.0,0.0,27.0,1005.731,0.0,0.011535825,0.0,0.0,Aug,2,2,3,2,Returning_Visitor,False,False
2.0,43.494392,0.0,0.0,23.0,587.41113,0.010364597,0.026200682,0.0,0.0,Dec,1,1,1,3,Returning_Visitor,False,False
0.0,0.0,0.0,0.0,15.0,363.25778,0.022449195,0.04460653,0.0,0.0,Jul,2,2,1,3,Returning_Visitor,False,False
0.0,0.0,0.0,0.0,47.677887,766.4381,0.0045250584,0.021685671,0.0,0.0,Aug,2,2,3,1,Returning_Visitor,False,False
3.0,80.37634,0.0,0.0,36.0,867.65607,0.0,0.014285714,0.0,0.0,Dec,4,2,7,13,Returning_Visitor,False,False
0.0,0.0,0.0,0.0,28.419737,1137.0355,0.0,0.023544166,0.0,0.0,Dec,2,2,7,1,Returning_Visitor,False,False
0.0,0.0,0.0,0.0,15.0,344.34805,0.0,0.028571429,0.0,0.0,Nov,1,1,1,3,Returning_Visitor,False,False
3.0,63.137085,0.0,0.0,30.0,1368.7467,0.0,0.025162341,0.0,0.0,Nov,2,2,1,2,Returning_Visitor,False,False
0.0,0.0,0.0,0.0,24.0,494.8096,0.005828564,0.029657869,0.0,0.0,Nov,2,2,1,2,Returning_Visitor,False,False
0.0,0.0,0.0,0.0,9.0,223.2692,0.03590615,0.06666667,0.0,0.0,Dec,4,2,1,3,Returning_Visitor,False,False
3.0,34.74373,0.0,0.0,26.0,732.58826,0.013814723,0.03333333,0.0,0.0,Nov,2,2,7,1,Returning_Visitor,False,False
0.0,0.0,0.0,0.0,14.0,260.59747,0.0,0.035488002,0.0,0.0,Feb,1,1,2,8,Returning_Visitor,False,False
0.0,0.0,0.0,0.0,13.0,238.82397,0.0,0.037508734,0.0,0.0,Aug,1,2,1,2,Returning_Visitor,False,False
3.0,44.968098,0.0,0.0,33.0,931.4538,0.0,0.011829703,0.0,0.0,Dec,2,2,1,2,Returning_Visitor,False,False
1.0,31.143608,0.0,0.0,14.0,308.9,0.018062757,0.04,0.0,0.0,Nov,3,2,1,1,Returning_Visitor,False,False
0.0,0.0,0.0,0.0,28.178165,583.65576,0.011941666,0.03333333,0.0,0.0,Nov,1,4,1,3,Returning_Visitor,False,False
4.0,72.93117,0.0,0.0,66.031395,3172.8394,0.0054074726,0.024604976,0.0,0.0,Aug,2,4,1,2,Returning_Visitor,False,False
4.0,87.91192,0.0,0.0,31.305597,566.3567,0.0,0.016666668,0.0,0.0,Nov,1,2,1,2,Returning_Visitor,False,False
0.0,0.0,0.0,0.0,19.0,471.63522,0.016541442,0.05,0.0,0.0,Aug,2,5,1,1,Returning_Visitor,False,False
0.0,0.0,0.0,0.0,17.0,298.6976,0.0,0.0338704,0.0,0.0,Nov,1,2,1,1,Returning_Visitor,False,False
0.0,0.0,0.0,0.0,18.947823,341.49207,0.013057638,0.027135232,0.0,0.0,Dec,3,2,1,1,Returning_Visitor,False,False
0.0,0.0,0.0,0.0,21.0,416.19016,0.0,0.015662394,0.0,0.0,Aug,1,2,2,2,Returning_Visitor,False,False
4.0,89.42361,0.0,0.0,60.456768,1825.2334,0.003409688,0.02,0.0,0.0,Dec,4,2,7,15,Returning_Visitor,False,False
0.0,0.0,0.0,0.0,20.0,541.48004,0.0,0.024908695,0.0,0.0,Aug,3,2,1,13,Returning_Visitor,False,False
0.0,0.0,0.0,0.0,9.0,149.56007,0.058806706,0.087189,0.0,0.0,Nov,1,1,4,1,Returning_Visitor,False,False
3.0,109.03802,0.0,0.0,10.042903,296.92554,0.0,0.033502735,0.0,0.0,Dec,1,1,9,2,Returning_Visitor,False,False
0.0,0.0,0.0,0.0,20.0,573.56793,0.0,0.03333333,0.0,0.0,Nov,2,2,9,1,Returning_Visitor,False,False
0.0,0.0,0.0,0.0,26.0,619.8834,0.0,0.016666668,0.0,0.0,Dec,2,2,4,2,Returning_Visitor,False,False
0.0,0.0,0.0,0.0,13.0,358.70468,0.0,0.023512838,0.0,0.0,Dec,1,1,1,1,Returning_Visitor,False,False
0.0,0.0,0.0,0.0,25.0,646.6929,0.0,0.018212661,0.0,0.0,Dec,2,2,7,1,Returning_Visitor,False,False
0.0,0.0,0.0,0.0,20.0,560.13135,0.011021917,0.03333333,0.0,0.0,Nov,1,1,1,13,Returning_Visitor,False,False
0.0,0.0,0.0,0.0,9.0,289.54364,0.042728245,0.06666667,0.0,0.0,Dec,1,1,7,1,Returning_Visitor,False,False
0.0,0.0,0.0,0.0,19.0,631.1074,0.008404346,0.030107204,0.0,0.0,Nov,2,4,1,2,Returning_Visitor,False,False
0.0,0.0,0.0,0.0,23.0,660.54846,0.0,0.02782572,0.0,0.0,Dec,2,2,1,15,Returning_Visitor,False,False
4.0,90.57661,0.0,0.0,81.98573,2467.9546,0.005883276,0.022222223,0.0,0.0,Nov,4,4,1,3,Returning_Visitor,False,False
0.0,0.0,0.0,0.0,6.0,188.50874,0.0,0.044821776,0.0,0.0,Mar,2,2,9,1,Returning_Visitor,False,False
0.0,0.0,0.0,0.0,9.0,223.52155,0.0,0.018261641,0.0,0.0,Nov,2,2,1,2,Returning_Visitor,False,False
3.0,98.47127,0.0,0.0,39.773148,1978.4053,0.011114277,0.025,11.472021,0.0,Jul,2,2,4,13,Returning_Visitor,False,False
0.0,0.0,0.0,0.0,11.0,307.44144,0.0,0.025,0.0,0.0,Nov,2,2,9,2,Returning_Visitor,False,False
3.0,61.13252,0.0,0.0,25.0,620.57654,0.0,0.018681085,0.0,0.0,Aug,4,1,1,19,Returning_Visitor,False,False
4.0,87.75696,0.0,0.0,37.0,1501.7186,0.0,0.0125,0.0,0.0,Nov,1,2,2,2,Returning_Visitor,False,False
4.0,177.08209,0.0,0.0,33.0,905.8629,0.01181413,0.030631334,0.0,0.0,Aug,4,1,1,2,Returning_Visitor,False,False
3.0,48.981514,0.0,0.0,28.98443,1170.7992,0.0,0.016666668,0.0,0.0,Dec,2,2,1,1,Returning_Visitor,False,True
5.0,183.90028,0.0,0.0,39.0,921.2488,0.0068598595,0.013885572,0.0,0.0,June,1,1,7,1,Returning_Visitor,False,False
6.0,112.60758,0.0,0.0,41.0,1415.8258,0.0,0.009090909,19.437721,0.0,Nov,2,2,1,2,Returning_Visitor,False,False
0.0,0.0,0.0,0.0,28.0,687.8137,0.0,0.026666457,0.0,0.0,Dec,2,2,1,1,Returning_Visitor,False,False
0.0,0.0,0.0,0.0,20.0,634.2259,0.024672061,0.053207435,0.0,0.0,Dec,2,2,1,1,Returning_Visitor,False,False
5.0,113.74146,0.0,0.0,37.0,1280.9712,0.0,0.017339831,0.0,0.0,Aug,2,2,1,3,Returning_Visitor,False,False
0.0,0.0,0.0,0.0,13.0,275.09305,0.0,0.031156396,0.0,0.0,May,2,4,1,2,Returning_Visitor,False,False
0.0,0.0,0.0,0.0,19.0,337.3799,0.0,0.026991235,0.0,0.0,Dec,2,2,7,9,Returning_Visitor,False,False
0.0,0.0,0.0,0.0,25.0,709.8732,0.0,0.024710638,0.0,0.0,Nov,4,2,4,13,Returning_Visitor,False,False
1.0,0.0,0.0,0.0,28.0,584.0386,0.007444246,0.029543709,0.0,0.0,Dec,2,2,1,10,Returning_Visitor,False,False
4.0,53.98354,0.0,0.0,43.867737,1058.1488,0.0,0.010052756,0.0,0.0,Nov,2,2,1,2,New_Visitor,True,False
2.0,45.89716,0.0,0.0,26.0,835.22644,0.0,0.022342157,0.0,0.0,Nov,4,1,7,13,Returning_Visitor,False,False
0.0,0.0,0.0,0.0,18.0,593.5889,0.0,0.032608688,0.0,0.0,Dec,2,4,9,3,Returning_Visitor,False,False
1.0,1.3713493,0.0,0.0,28.0,702.6009,0.0,0.020911394,0.0,0.0,Nov,2,2,1,1,Returning_Visitor,False,False
4.0,88.4069,0.0,0.0,35.535717,1212.3827,0.0,0.011111111,0.0,0.0,Dec,4,1,9,2,Returning_Visitor,False,False
0.0,0.0,0.0,0.0,18.0,558.3583,0.0,0.024461892,0.0,0.0,Nov,2,2,1,10,Returning_Visitor,False,False
0.0,0.0,0.0,0.0,20.0,507.14087,0.0,0.03333333,0.0,0.0,Dec,2,2,4,2,Returning_Visitor,False,False
0.0,0.0,0.0,0.0,11.0,230.54463,0.0,0.03333333,0.0,0.0,Dec,1,1,6,3,Returning_Visitor,False,False
0.0,0.0,0.0,0.0,34.0,1161.5776,0.00686191,0.028571429,0.0,0.0,Dec,2,2,6,13,Returning_Visitor,False,False
0.0,0.0,0.0,0.0,26.0,807.28284,0.012021826,0.026704503,0.0,0.0,Dec,2,2,3,2,Returning_Visitor,False,False
0.0,0.0,0.0,0.0,51.270535,1396.4926,0.0,0.02,0.0,0.0,Dec,2,2,1,1,Returning_Visitor,False,False
0.0,0.0,0.0,0.0,6.392123,116.36293,0.069164984,0.1,0.0,0.0,Dec,1,2,9,3,Returning_Visitor,False,False
0.0,0.0,0.0,0.0,19.0,632.7391,0.0,0.023825662,0.0,0.0,Dec,2,2,4,13,Returning_Visitor,False,False
4.0,78.72144,0.0,0.0,41.3767,1150.149,0.0,0.016666668,0.0,0.0,Dec,4,2,1,1,Returning_Visitor,False,False
0.0,0.0,0.0,0.0,27.0,565.63275,0.023678472,0.041428108,0.0,0.0,Jul,3,2,1,3,Returning_Visitor,False,False
7.0,127.37017,0.0,0.0,26.0,545.5396,0.0033583257,0.024135357,0.0,0.0,Aug,4,2,1,10,Returning_Visitor,False,True
2.0,43.116764,0.0,0.0,27.853159,1003.86365,0.0,0.0130689405,0.0,0.0,Aug,2,2,9,13,Returning_Visitor,False,False
0.0,0.0,0.0,0.0,19.0,372.94427,0.0,0.030709274,0.0,0.0,Dec,1,1,4,2,Returning_Visitor,False,False
0.0,0.0,0.0,0.0,5.0,72.81718,0.06307454,0.09329146,0.0,0.0,Nov,2,2,7,1,Returning_Visitor,False,False
0.0,0.0,0.0,0.0,27.0,673.6241,0.0,0.022222223,0.0,0.0,Jul,2,2,1,1,Returning_Visitor,False,False
2.0,104.92485,0.0,0.0,14.0,268.1007,0.0,0.009631916,0.0,0.0,Mar,1,1,1,8,Returning_Visitor,False,False
0.0,0.0,0.0,0.0,39.0,1675.5254,0.0,0.022993429,0.0,0.0,Nov,2,2,9,15,Returning_Visitor,False,False
4.0,69.74044,0.0,0.0,10.0,221.6648,0.0,0.031085623,0.0,0.0,Dec,2,4,1,2,Returning_Visitor,False,False
1.5280381,15.705014,0.0,0.0,37.0,1070.7549,0.007782675,0.025,0.0,0.0,Nov,4,2,1,2,Returning_Visitor,False,False
0.0,0.0,0.0,0.0,24.0,756.55206,0.0,0.018155748,0.0,0.0,Aug,2,2,4,2,Returning_Visitor,False,False
3.0,114.92772,0.0,0.0,39.0,1286.927,0.008190371,0.028571429,0.0,0.0,Dec,2,2,3,2,Returning_Visitor,False,False
3.0,39.482445,0.0,0.0,14.0,535.4848,0.0,0.016666668,0.0,0.0,Aug,2,2,1,2,Returning_Visitor,False,True
5.0,97.98323,2.0,139.0692,53.13966,2135.041,0.0,0.01376769,17.262226,0.0,Nov,2,4,9,2,Returning_Visitor,False,False
2.0,34.327427,0.0,0.0,29.0,1069.3018,0.0125,0.02982784,0.0,0.0,May,2,2,6,2,Returning_Visitor,False,False
0.0,0.0,0.0,0.0,24.0,700.34515,0.004751891,0.03877695,0.0,0.0,Dec,2,2,1,8,Returning_Visitor,False,False
4.0,58.289116,0.0,0.0,45.0,1706.4944,0.009090909,0.025970737,0.0,0.0,Dec,2,2,1,3,Returning_Visitor,False,False
3.0,64.60564,1.0,29.360176,89.1159,2819.5813,0.007035143,0.017854113,0.0,0.0,Aug,4,2,1,13,Returning_Visitor,False,False
5.0,140.00145,0.0,0.0,25.0,630.6579,0.003247406,0.023882892,0.0,0.0,Dec,4,2,1,2,Returning_Visitor,False,False
2.0,29.896315,0.0,0.0,37.851788,902.077,0.0056111747,0.01991177,0.0,0.0,Nov,2,2,1,3,Returning_Visitor,False,False
0.0,0.0,0.0,0.0,23.0,544.16504,0.0,0.028907517,0.0,0.0,Aug,3,2,1,2,Returning_Visitor,False,False
0.0,0.0,0.0,0.0,19.0,426.02042,0.0,0.01545753,0.0,0.0,Nov,4,2,3,2,New_Visitor,True,False
0.0,0.0,0.0,0.0,16.68099,393.58063,0.0,0.03204913,0.0,0.0,Jul,3,2,1,13,Returning_Visitor,False,False
0.0,0.0,0.0,0.0,8.0,296.6071,0.0,0.04806537,0.0,0.0,Aug,2,2,9,3,Returning_Visitor,False,False
0.0,0.0,0.0,0.0,29.0,510.18982,0.0,0.017748006,0.0,0.0,Dec,2,2,1,2,Returning_Visitor,False,True
0.0,0.0,0.0,0.0,12.0,212.91653,0.028936,0.064292654,0.0,0.0,Aug,2,2,4,1,Returning_Visitor,False,False
0.0,0.0,0.0,0.0,16.0,396.3018,0.0,0.028561989,0.0,0.0,Aug,2,2,1,2,Returning_Visitor,False,False
3.0,52.694756,0.0,0.0,36.0,1490.4908,0.008382911,0.02464389,26.848999,0.0,Dec,1,2,1,2,Returning_Visitor,False,False
0.0,0.0,0.0,0.0,15.0,211.03912,0.01109783,0.034385625,0.0,0.0,Dec,2,4,7,2,Returning_Visitor,False,False
0.0,0.0,0.0,0.0,17.0,312.0641,0.0,0.009995492,0.0,0.0,Mar,2,2,3,2,Returning_Visitor,False,False
0.0,0.0,0.0,0.0,26.0,723.6115,0.010188458,0.029374057,0.0,0.0,Nov,2,6,1,1,Returning_Visitor,False,False
4.0,131.36308,0.0,0.0,26.0,771.12366,0.001233661,0.014285714,0.0,0.0,Nov,2,2,6,2,Returning_Visitor,False,False
0.0,0.0,0.0,0.0,21.33866,511.5372,0.0,0.02822945,0.0,0.0,Jul,2,2,1,2,Returning_Visitor,False,False
0.0,0.0,0.0,0.0,5.9157124,109.70004,0.0,0.04870738,0.0,0.0,Nov,2,2,1,1,Returning_Visitor,False,False
0.0,0.0,0.0,0.0,13.0,385.46304,0.0,0.026339848,0.0,0.0,Aug,2,2,1,2,Returning_Visitor,False,False
0.0,0.0,0.0,0.0,22.0,609.9244,0.0,0.030031335,0.0,0.0,Dec,2,2,4,3,Returning_Visitor,False,False
0.0,0.0,0.0,0.0,23.0,370.91562,0.0,0.026772281,0.0,0.0,Dec,3,2,1,3,Returning_Visitor,False,False
4.0,59.24708,0.0,0.0,30.0,611.2812,0.0,0.016666668,0.0,0.0,Oct,2,2,1,2,Returning_Visitor,False,False
0.0,0.0,1.0,0.0,37.0,1377.6571,0.0,0.017568339,0.0,0.0,Nov,2,2,1,2,Returning_Visitor,False,False
0.0,0.0,0.0,0.0,11.0,241.20107,0.0,0.03917452,0.0,0.0,Dec,1,2,7,1,Returning_Visitor,False,False
0.0,0.0,0.0,0.0,20.0,313.07666,0.0,0.033816718,0.0,0.0,Mar,1,1,1,9,Returning_Visitor,False,False
3.0,58.842,2.0,75.24022,48.0,1853.0232,0.0,0.013185506,14.178989,0.0,Dec,4,2,1,2,Returning_Visitor,True,True
0.0,0.0,0.0,0.0,26.0,600.17804,0.008294309,0.041027043,0.0,0.0,Dec,2,2,1,1,Returning_Visitor,False,False
0.0,0.0,0.0,0.0,39.0,1811.4211,0.0028550397,0.025158372,0.0,0.0,Aug,2,2,6,8,Returning_Visitor,False,False
0.0,0.0,0.0,0.0,30.867146,847.85297,0.011448186,0.03627167,0.0,0.0,Nov,4,2,4,1,Returning_Visitor,False,False
0.0,0.0,0.0,0.0,9.78118,222.38452,0.0,0.016666668,0.0,0.0,Dec,1,2,4,2,Returning_Visitor,False,False
1.0,23.988697,0.0,0.0,19.0,870.2203,0.0,0.022222223,0.0,0.0,Dec,2,2,3,19,Returning_Visitor,False,False
0.0,0.0,0.0,0.0,34.0,1474.9656,0.00026968087,0.022214256,0.0,0.0,Dec,2,2,3,1,Returning_Visitor,False,False
5.0,85.05761,0.0,0.0,44.0,1352.9646,0.006006391,0.016191268,0.0,0.0,Nov,4,2,1,2,Returning_Visitor,False,False
2.0,75.09539,0.0,0.0,32.0,1646.6223,0.009519385,0.03333333,0.0,0.0,Dec,2,2,6,1,Returning_Visitor,False,False
0.0,0.0,0.0,0.0,43.0,1368.7959,0.0046828445,0.021252686,11.924903,0.0,Nov,2,2,1,1,Returning_Visitor,False,True
4.0,83.51669,0.0,0.0,25.724442,488.01654,0.006666667,0.02,0.0,0.0,Dec,1,2,1,13,Returning_Visitor,False,False
2.0,24.75359,0.0,0.0,22.930271,608.92596,0.0,0.022002744,0.0,0.0,Dec,2,2,1,2,Returning_Visitor,False,False
0.0,0.0,0.0,0.0,22.0,627.65106,0.0,0.016666668,0.0,0.0,Nov,2,2,9,2,Returning_Visitor,False,False
0.0,0.0,0.0,0.0,19.0,338.15695,0.017504878,0.040383074,0.0,0.0,Dec,2,2,1,1,Returning_Visitor,True,False
3.0,86.125244,0.0,0.0,26.22137,612.8001,0.005413636,0.020923926,0.0,0.0,Dec,1,1,1,2,Returning_Visitor,False,False
4.0,81.91601,0.0,0.0,36.18879,1077.2468,0.0,0.018451119,10.017768,0.0,Dec,2,2,1,1,Returning_Visitor,False,False
0.0,0.0,0.0,0.0,72.1705,1611.7185,0.004664288,0.017417474,0.0,0.0,Dec,2,2,1,2,Returning_Visitor,False,False
0.0,0.0,0.0,0.0,18.0,632.6743,0.0,0.027062863,0.0,0.0,Dec,2,2,1,3,Returning_Visitor,False,False
0.0,0.0,0.0,0.0,45.265312,1351.7806,0.008880896,0.0277416,0.0,0.0,Jul,2,2,8,13,Returning_Visitor,False,False
0.0,0.0,0.0,0.0,23.49287,631.6654,0.0051922747,0.02198386,0.0,0.0,Mar,2,2,9,2,Returning_Visitor,False,False
0.0,0.0,0.0,0.0,48.0,2261.6267,0.0,0.015288861,8.0278,0.0,Nov,2,2,1,2,Returning_Visitor,False,True
4.0,80.69857,0.0,0.0,42.0,1870.1868,0.0,0.014553972,9.069111,0.0,Dec,4,4,3,2,Returning_Visitor,False,True
2.0,36.648544,0.0,0.0,17.0,313.93808,0.0,0.025,0.0,0.0,Dec,2,2,1,2,Returning_Visitor,False,False
3.0,54.031525,0.0,0.0,26.0,609.6341,0.0,0.014391768,0.0,0.0,Dec,3,2,6,2,Returning_Visitor,False,False
0.0,0.0,0.0,0.0,27.0,680.5058,0.0,0.011950854,0.0,0.0,Nov,3,2,8,2,Returning_Visitor,False,False
3.0,42.35127,0.0,0.0,39.0,648.8782,0.0,0.014285714,0.0,0.0,Dec,2,2,1,2,Returning_Visitor,False,False
4.0,85.587524,0.0,0.0,40.0,794.4023,0.0,0.014285714,0.0,0.0,Aug,2,2,1,13,Returning_Visitor,False,False
4.0,101.12221,0.0,0.0,114.53221,4329.303,0.0,0.0076482,13.135013,0.0,Nov,2,2,1,2,Returning_Visitor,False,True
4.0,78.55909,0.0,0.0,28.0,902.593,0.009453993,0.024184804,23.670322,0.0,Dec,2,2,1,1,Returning_Visitor,False,True
0.0,0.0,0.0,0.0,9.0,316.04755,0.0,0.027726017,0.0,0.0,Nov,2,2,4,2,Returning_Visitor,False,False
0.0,0.0,0.0,0.0,37.0,1088.9889,0.009437794,0.03749689,0.0,0.0,Dec,2,2,1,2,Returning_Visitor,False,False
0.0,0.0,0.0,0.0,27.0,729.79816,0.0,0.02,0.0,0.0,Nov,2,2,7,1,Returning_Visitor,False,False
0.0,0.0,0.0,0.0,26.0,674.5564,0.0,0.026343456,0.0,0.0,Dec,2,2,1,2,Returning_Visitor,False,False
2.0,53.249306,0.0,0.0,45.09072,2001.4243,0.004590107,0.017762665,0.0,0.0,Aug,2,2,1,2,Returning_Visitor,False,False
0.0,0.0,0.0,0.0,25.0,771.6101,0.0,0.018023495,0.0,0.0,Dec,2,2,3,1,Returning_Visitor,False,False
0.0,0.0,0.0,0.0,27.0,674.46466,0.0033054831,0.029489562,0.0,0.0,Dec,2,2,1,20,Returning_Visitor,False,False
0.0,0.0,0.0,0.0,32.0,691.45374,0.0,0.026401952,0.0,0.0,Aug,2,4,7,1,Returning_Visitor,False,False
2.0,55.440243,0.0,0.0,31.0,830.15393,0.013988429,0.029629283,0.0,0.0,Nov,3,2,1,1,Returning_Visitor,False,False
0.0,0.0,0.0,0.0,11.0,388.8778,0.0,0.026675602,0.0,0.0,Dec,2,2,7,2,Returning_Visitor,False,False
0.0,0.0,0.0,0.0,10.0,149.78358,0.0,0.06108331,0.0,0.0,Dec,2,2,4,3,Returning_Visitor,False,False
3.0,74.93593,0.0,0.0,35.73583,995.13727,0.0,0.01038098,0.0,0.0,Dec,2,2,1,2,Returning_Visitor,False,False
3.0,62.61439,0.0,0.0,19.0,640.7022,0.0,0.017277945,0.0,0.0,Dec,2,2,4,2,Returning_Visitor,False,False
3.0,51.46159,0.0,0.0,28.0,654.8212,0.0,0.012277396,0.0,0.0,Dec,2,2,2,2,Returning_Visitor,False,False
3.0,65.81808,0.0,0.0,33.433723,896.6469,0.0052856645,0.01916508,0.0,0.0,Dec,2,2,1,2,Returning_Visitor,False,False
0.0,0.0,0.0,0.0,22.0,490.3263,0.011111111,0.03139985,0.0,0.0,Aug,2,2,4,1,Returning_Visitor,False,False
0.0,0.0,0.0,0.0,37.0,597.5322,0.014172936,0.034821045,0.0,0.0,Aug,1,1,7,2,Returning_Visitor,False,False
0.0,0.0,0.0,0.0,12.0,297.7149,0.05,0.0890328,0.0,0.0,Dec,4,2,1,1,Returning_Visitor,False,False
0.0,0.0,0.0,0.0,12.0,557.578,0.0,0.025169713,0.0,0.0,Nov,1,1,1,2,Returning_Visitor,False,False
0.0,0.0,0.0,0.0,15.0,257.21368,0.0051182727,0.041270252,0.0,0.0,Dec,3,2,4,2,Returning_Visitor,False,False
0.0,0.0,0.0,0.0,16.0,546.9388,0.0,0.02362736,0.0,0.0,Nov,2,4,3,3,Returning_Visitor,False,False
5.0,104.79603,0.0,0.0,36.0,883.94446,0.0,0.016666668,0.0,0.0,Dec,2,2,1,2,Returning_Visitor,False,False
0.0,0.0,0.0,0.0,11.0,258.12012,0.03653496,0.057445414,0.0,0.0,Nov,1,2,9,2,Returning_Visitor,False,False
3.0,31.23874,0.0,0.0,9.080695,128.2004,0.0,0.016664475,0.0,0.0,Aug,2,2,1,2,New_Visitor,False,False
0.0,0.0,0.0,0.0,24.0,581.93884,0.014731391,0.030279303,0.0,0.0,Dec,2,2,9,2,Returning_Visitor,False,False
0.0,0.0,0.0,0.0,33.0,653.26587,0.0,0.025,0.0,0.0,Dec,2,2,1,1,Returning_Visitor,False,False
4.0,114.61331,0.0,0.0,30.0,928.32294,0.008561392,0.02259923,0.0,0.0,Dec,1,2,1,2,Returning_Visitor,False,False
1.0,49.443493,0.0,0.0,23.0,1090.6938,0.0,0.013510671,30.072802,0.0,Dec,2,2,9,2,Returning_Visitor,False,True
1.0,0.0,0.0,0.0,16.0,238.99017,0.015374371,0.035001438,0.0,0.0,Dec,1,1,9,2,Returning_Visitor,False,False
0.0,0.0,0.0,0.0,19.0,342.2012,0.0,0.03414792,0.0,0.0,Dec,2,2,6,1,Returning_Visitor,False,False
0.0,0.0,0.0,0.0,16.0,326.07755,0.0,0.02726644,0.0,0.0,Aug,2,2,1,1,Returning_Visitor,False,False
4.0,57.007256,0.0,0.0,25.150953,647.7827,0.0,0.019386321,0.0,0.0,Nov,2,2,1,1,Returning_Visitor,False,False
0.0,0.0,0.0,0.0,14.0,558.7333,0.0,0.02856529,0.0,0.0,Dec,2,2,1,2,Returning_Visitor,False,False
0.0,0.0,0.0,0.0,21.0,726.2014,0.0,0.014428215,0.0,0.0,Dec,2,2,1,2,Returning_Visitor,False,False
2.0,42.141716,0.0,0.0,23.0,612.4162,0.0,0.01885581,0.0,0.0,Dec,2,2,1,2,Returning_Visitor,False,False
5.0,158.34299,0.0,0.0,38.0,1592.5231,0.008120265,0.029672958,0.0,0.0,Dec,2,5,1,1,Returning_Visitor,False,False
0.0,0.0,0.0,0.0,27.0,801.6835,0.0,0.019596761,0.0,0.0,Dec,2,2,1,3,Returning_Visitor,False,False
0.0,0.0,0.0,0.0,24.0,598.29895,0.0046434863,0.020821521,0.0,0.0,Nov,2,2,1,13,Returning_Visitor,False,True
0.0,0.0,0.0,0.0,46.0,1044.6143,0.0,0.016081927,0.0,0.0,Dec,2,2,2,10,Returning_Visitor,False,False
0.0,0.0,0.0,0.0,51.63784,1317.4407,0.011088986,0.031099409,0.0,0.0,Nov,2,2,1,1,Returning_Visitor,False,False
4.0,67.25249,0.0,0.0,26.0,652.22015,0.0,0.009336012,0.0,0.0,Sep,2,2,1,4,Returning_Visitor,False,False
0.0,0.0,0.0,0.0,42.0,1227.7925,0.0,0.018699199,0.0,0.0,Nov,2,2,2,13,Returning_Visitor,False,False
4.0,103.029144,0.0,0.0,13.0,489.29276,0.0,0.015601164,0.0,0.0,Nov,2,2,7,2,Returning_Visitor,False,False
0.0,0.0,0.0,0.0,14.0,535.66394,0.0,0.017694985,0.0,0.0,Dec,2,2,1,1,Returning_Visitor,False,False
3.0,70.09948,0.0,0.0,39.0,907.7942,0.006666667,0.020696634,0.0,0.0,Jul,2,2,1,1,Returning_Visitor,False,True
0.0,0.0,0.0,0.0,24.0,789.66345,0.0,0.017299468,0.0,0.0,Mar,2,2,1,1,Returning_Visitor,False,False
0.0,0.0,0.0,0.0,10.0,206.52094,0.0,0.03750065,0.0,0.0,Nov,2,2,1,1,Returning_Visitor,False,False
0.0,0.0,0.0,0.0,26.0,816.24884,0.0,0.01448394,14.0861435,0.0,Aug,2,2,1,1,Returning_Visitor,False,True
2.0,45.033184,0.0,0.0,31.0,920.832,0.008910271,0.02,16.503029,0.0,Aug,2,2,4,1,Returning_Visitor,False,False
0.0,0.0,0.0,0.0,32.588814,711.2066,0.0,0.015927697,0.0,0.0,Aug,2,2,9,3,Returning_Visitor,False,False
0.0,0.0,0.0,0.0,11.0,220.44522,0.0,0.029569786,0.0,0.0,Dec,2,2,4,1,Returning_Visitor,False,False
0.0,0.0,0.0,0.0,11.0,350.8625,0.0,0.037823867,0.0,0.0,Dec,2,2,1,1,Returning_Visitor,False,False
0.0,0.0,0.0,0.0,16.0,405.74927,0.04,0.0839301,0.0,0.0,Dec,2,12,1,1,Returning_Visitor,False,False
0.0,0.0,0.0,0.0,12.0,249.09639,0.0,0.03333333,0.0,0.0,Nov,2,2,3,13,Returning_Visitor,False,False
2.0,44.917305,0.0,0.0,41.0,1143.5757,0.0,0.01610968,0.0,0.0,Dec,2,2,1,3,Returning_Visitor,False,False
4.2433066,106.18281,0.0,0.0,29.0,810.4454,0.01203552,0.028571429,0.0,0.0,Nov,1,2,1,2,Returning_Visitor,False,False
0.0,0.0,0.0,0.0,17.0,516.4878,0.01819331,0.046189748,0.0,0.0,Nov,1,1,1,1,Returning_Visitor,False,False
0.0,0.0,0.0,0.0,26.0,673.4327,0.0,0.008648399,0.0,0.0,Aug,3,2,1,2,Returning_Visitor,False,False
1.0,0.0,0.0,0.0,25.0,551.88824,0.0,0.0244431,0.0,0.0,Dec,4,1,6,3,Returning_Visitor,False,False
2.0,60.28536,0.0,0.0,44.903545,1835.3223,0.0,0.022556059,0.0,0.0,Dec,2,2,1,2,Returning_Visitor,False,False
0.0,0.0,0.0,0.0,17.0,331.58923,0.0,0.040351085,0.0,0.0,Dec,2,2,1,1,Returning_Visitor,False,False
2.0,25.614206,0.0,0.0,25.762466,608.0046,0.0,0.014220321,0.0,0.0,Nov,2,2,1,2,Returning_Visitor,False,False
1.0,3.7870023,0.0,0.0,31.0,688.72284,0.00835264,0.025293192,0.0,0.0,Nov,2,3,1,10,Returning_Visitor,False,False
2.0,34.500397,0.0,0.0,14.66314,609.88464,0.0,0.025,0.0,0.0,Nov,2,2,7,1,Returning_Visitor,False,False
4.0,75.31361,0.0,0.0,49.96354,2072.1863,0.014289535,0.026455384,0.0,0.0,Nov,3,2,1,13,Returning_Visitor,False,False
2.0,50.381573,0.0,0.0,24.0,753.0096,0.0125,0.027886946,0.0,0.0,Dec,3,2,1,2,Returning_Visitor,False,False
3.0,70.132706,0.0,0.0,24.585651,637.08246,0.0,0.010517078,0.0,0.0,Nov,4,2,1,2,New_Visitor,False,False
0.0,0.0,0.0,0.0,13.0,345.46335,0.0,0.028567638,0.0,0.0,Dec,2,2,1,2,Returning_Visitor,False,False
0.0,0.0,0.0,0.0,8.0,161.95505,0.0,0.04639951,0.0,0.0,Nov,2,2,1,9,Returning_Visitor,False,False
0.0,0.0,0.0,0.0,17.0,526.6255,0.0,0.027249532,0.0,0.0,Dec,2,2,1,13,Returning_Visitor,False,False
3.0,73.32344,0.0,0.0,23.0,763.0766,0.012177361,0.028945966,12.592284,0.0,Dec,1,1,1,4,Returning_Visitor,False,False
0.0,0.0,0.0,0.0,26.0,652.9787,0.0,0.027244901,0.0,0.0,Dec,2,2,3,1,Returning_Visitor,False,False
2.0,33.73943,0.0,0.0,37.0,862.21075,0.0,0.0073857084,29.475004,0.0,Nov,2,2,1,2,Returning_Visitor,False,True
0.0,0.0,0.0,0.0,31.0,609.7073,0.0,0.019104647,361.76373,0.0,Dec,2,2,1,1,Returning_Visitor,False,False
4.0,64.21293,0.0,0.0,31.22763,858.1319,0.0054223076,0.020485453,0.0,0.0,Dec,2,2,1,2,Returning_Visitor,False,False
0.0,0.0,0.0,0.0,30.0,576.2289,0.0,0.026738735,0.0,0.0,Dec,1,2,1,3,Returning_Visitor,False,False
2.0,38.167263,0.0,0.0,38.0,1047.793,0.0,0.010724527,0.0,0.0,Dec,2,2,1,1,Returning_Visitor,False,False
0.0,0.0,0.0,0.0,16.0,474.3172,0.0,0.022222223,0.0,0.0,Nov,2,2,4,1,Returning_Visitor,False,False
1.0,0.0,0.0,0.0,49.0,1573.2325,0.0,0.021833686,0.0,0.0,Aug,2,2,2,1,Returning_Visitor,False,False
0.0,0.0,0.0,0.0,15.0,344.2587,0.022222223,0.054445963,0.0,0.0,May,3,2,4,1,Returning_Visitor,False,False
3.0,63.55329,0.0,0.0,28.0,522.1647,0.0,0.02230651,0.0,0.0,Dec,1,1,1,1,Returning_Visitor,False,False
0.0,0.0,0.0,0.0,20.0,361.68805,0.0,0.027254662,0.0,0.0,Aug,2,2,1,15,Returning_Visitor,False,True
3.0,121.30579,0.0,0.0,26.0,628.4517,0.0,0.025428677,0.0,0.0,Nov,2,2,1,1,Returning_Visitor,False,False
0.0,0.0,0.0,0.0,23.000671,556.40497,0.0125,0.039271154,0.0,0.0,Nov,4,2,1,1,Returning_Visitor,False,False
4.0,48.419292,0.0,0.0,30.0,909.4649,0.0,0.0077168006,0.0,0.0,Mar,2,2,7,2,Returning_Visitor,False,False
0.0,0.0,0.0,0.0,20.540062,656.91156,0.005088391,0.014326097,0.0,0.0,Nov,3,2,3,1,Returning_Visitor,False,False
0.0,0.0,0.0,0.0,28.0,825.47876,0.009959272,0.028571429,0.0,0.0,Dec,1,2,4,1,Returning_Visitor,False,False
0.0,0.0,0.0,0.0,22.0,591.9585,0.0,0.015635092,0.0,0.0,Dec,2,2,1,2,Returning_Visitor,False,False
4.0,85.79687,0.0,0.0,28.0,675.60864,0.0,0.011111111,0.0,0.0,Jul,1,1,3,2,Returning_Visitor,False,False
3.0,43.518543,0.0,0.0,18.0,358.7179,0.0,0.016666668,0.0,0.0,Nov,4,1,4,2,Returning_Visitor,False,True
2.0,43.84828,0.0,0.0,24.0,665.6109,0.0,0.011994275,0.0,0.0,Dec,2,2,1,3,Returning_Visitor,False,False
0.0,0.0,0.0,0.0,14.0,303.69412,0.0,0.02670747,0.0,0.0,Dec,4,2,4,9,Returning_Visitor,False,False
0.0,0.0,0.0,0.0,27.0,692.76697,0.0072717317,0.025721543,0.0,0.0,Nov,2,2,9,2,Returning_Visitor,False,False
1.0,7.943094,0.0,0.0,21.0,643.1456,0.0,0.026146533,0.0,0.0,Aug,2,2,4,2,Returning_Visitor,False,False
5.0,115.08714,0.0,0.0,18.0,447.0107,0.0050686863,0.02276799,0.0,0.0,Nov,3,2,4,2,Returning_Visitor,False,False
0.0,0.0,0.0,0.0,18.0,470.2898,0.0,0.021936174,0.0,0.0,Dec,2,2,1,2,Returning_Visitor,False,False
0.0,0.0,1.0,0.0,39.0,1439.2563,0.004624444,0.030933967,0.0,0.0,Dec,2,4,4,2,Returning_Visitor,False,False
4.0,96.06257,0.0,0.0,32.0501,1133.6447,0.0055839033,0.02509535,0.0,0.0,Dec,4,2,1,2,Returning_Visitor,False,False
0.0,0.0,0.0,0.0,40.501686,1416.0262,0.009487282,0.029479787,0.0,0.0,Aug,2,2,1,1,Returning_Visitor,False,False
0.0,0.0,0.0,0.0,23.0,520.62,0.0,0.016666668,125.04062,0.0,Nov,1,1,1,14,Returning_Visitor,False,False
4.0,94.64994,0.0,0.0,26.0,604.48145,0.0,0.015384615,0.0,0.0,Dec,1,1,1,1,Returning_Visitor,False,False
0.0,0.0,0.0,0.0,18.785734,522.6687,0.016402252,0.03333333,0.0,0.0,Aug,1,4,1,13,Returning_Visitor,True,False
4.0,46.091564,0.0,0.0,33.0,782.0853,0.0,0.011488569,0.0,0.0,Nov,2,2,1,2,Returning_Visitor,False,False
2.0,38.57236,0.0,0.0,53.0,2183.3171,0.00597744,0.0221808,17.8854,0.0,Nov,2,4,1,2,Returning_Visitor,False,False
0.0,0.0,0.0,0.0,47.0,965.8731,0.0,0.016113529,0.0,0.0,Aug,2,2,1,2,Returning_Visitor,False,False
4.0,58.316917,0.0,0.0,38.0,1636.0602,0.0,0.015647637,17.989714,0.0,Dec,4,2,8,2,Returning_Visitor,False,True
0.0,0.0,0.0,0.0,30.29871,820.64307,0.0056091486,0.028571429,0.0,0.0,Dec,2,2,1,1,Returning_Visitor,False,False
3.0,60.993732,0.0,0.0,67.93817,2006.7767,0.009552191,0.028247312,0.0,0.0,Aug,2,2,1,13,Returning_Visitor,False,False
0.0,0.0,0.0,0.0,15.0,436.96133,0.0,0.025,0.0,0.0,Nov,4,2,3,3,Returning_Visitor,False,False
0.0,0.0,0.0,0.0,26.0,597.5834,0.0033478162,0.023444377,0.0,0.0,Dec,2,7,1,2,Returning_Visitor,False,False
3.0,75.71568,0.0,0.0,40.27519,832.91644,0.0,0.008719407,0.0,0.0,Aug,2,2,1,2,Returning_Visitor,False,False
0.0,0.0,0.0,0.0,24.0,502.98764,0.0,0.02856417,0.0,0.0,Aug,2,2,1,1,Returning_Visitor,False,False
2.0,39.53966,0.0,0.0,41.0,1936.3062,0.012906029,0.03333333,0.0,0.0,Nov,2,2,1,2,Returning_Visitor,False,False
0.0,0.0,0.0,0.0,27.916359,1118.3154,0.0034114956,0.022222223,0.0,0.0,Dec,2,2,1,2,Returning_Visitor,False,False
3.0,54.140137,0.0,0.0,45.02789,1415.0668,0.011111111,0.024197072,0.0,0.0,Nov,1,1,1,2,Returning_Visitor,False,False
0.0,0.0,0.0,0.0,8.0,217.4977,0.0,0.032413144,0.0,0.0,Dec,2,12,1,19,Returning_Visitor,False,False
0.0,0.0,0.0,0.0,25.0,649.0763,0.0,0.03952895,0.0,0.0,Dec,4,1,1,3,Returning_Visitor,False,False
3.0,57.418095,0.0,0.0,40.81806,1030.9071,0.004657442,0.023998993,0.0,0.0,Dec,2,2,3,3,Returning_Visitor,False,False
0.0,0.0,0.0,0.0,26.0,939.59106,0.0,0.012931276,18.132395,0.0,Aug,2,2,4,2,Returning_Visitor,False,True
3.0,46.189095,0.0,0.0,44.570175,1555.2405,0.0025579517,0.01637978,11.831284,0.0,Dec,2,2,9,2,Returning_Visitor,True,True
0.0,0.0,0.0,0.0,31.0,727.7304,0.0,0.009933504,0.0,0.0,Nov,2,2,9,2,Returning_Visitor,False,False
0.0,0.0,0.0,0.0,15.0,333.0614,0.0,0.018248416,0.0,0.0,Dec,1,4,1,3,Returning_Visitor,False,False
0.0,0.0,0.0,0.0,12.0,446.10547,0.031879306,0.062104933,0.0,0.0,Dec,1,1,1,3,Returning_Visitor,False,False
0.0,0.0,3.0,139.57329,39.0,1029.7455,0.0,0.017280936,0.0,0.0,Jul,2,2,7,8,Returning_Visitor,False,False
5.0,62.65269,0.0,0.0,21.0,539.0649,0.0,0.015203942,0.0,0.0,Nov,2,2,1,8,New_Visitor,False,False
2.0,37.18405,0.0,0.0,12.0,302.21768,0.010848094,0.03389831,0.0,0.0,Dec,2,2,6,2,Returning_Visitor,False,False
0.0,0.0,0.0,0.0,14.0,282.09772,0.021350719,0.044444446,0.0,0.0,Aug,1,1,1,2,Returning_Visitor,False,False
0.0,0.0,0.0,0.0,15.516698,471.67752,0.020007504,0.039623562,0.0,0.0,Nov,1,1,4,1,Returning_Visitor,False,False
0.0,0.0,0.0,0.0,20.33354,464.88248,0.0,0.019019082,0.0,0.0,Aug,2,2,7,13,Returning_Visitor,False,False
0.0,0.0,0.0,0.0,10.0,277.33713,0.0,0.02554583,0.0,0.0,Dec,2,2,1,2,Returning_Visitor,False,False
0.0,0.0,0.0,0.0,20.0,821.6161,0.0,0.02658729,0.0,0.0,May,4,1,4,3,Returning_Visitor,False,False
0.0,0.0,0.0,0.0,18.0,618.18866,0.0,0.023711605,0.0,0.0,Aug,2,2,6,1,Returning_Visitor,False,False
0.0,0.0,0.0,0.0,11.0,307.6273,0.0,0.023452803,0.0,0.0,Dec,2,2,4,2,Returning_Visitor,False,False
3.0,80.899864,0.0,0.0,36.56216,1467.029,0.0,0.0148092685,0.0,0.0,Dec,2,2,1,2,Returning_Visitor,False,False
3.0,37.26415,0.0,0.0,17.0,568.0682,0.0,0.014052861,0.0,0.0,Nov,2,2,1,1,Returning_Visitor,False,False
0.0,0.0,0.0,0.0,23.0,640.56335,0.006470249,0.022194415,0.0,0.0,May,2,1,1,1,Returning_Visitor,False,False
4.0,59.471565,0.0,0.0,28.0,568.91516,0.0055282745,0.02484571,0.0,0.0,Dec,2,2,9,3,Returning_Visitor,False,False
2.0,22.808943,0.0,0.0,24.0,549.7949,0.0,0.025225876,0.0,0.0,Dec,2,2,1,13,Returning_Visitor,False,False
0.0,0.0,0.0,0.0,18.351803,343.6863,0.015384615,0.044444446,0.0,0.0,Nov,1,1,1,2,Returning_Visitor,False,False
1.0,0.0,0.0,0.0,39.0,1517.7599,0.0,0.014424425,10.814352,0.0,Nov,4,1,1,1,Returning_Visitor,False,True
0.0,0.0,0.0,0.0,14.0,254.10997,0.0,0.041500714,0.0,0.0,Nov,2,2,1,1,Returning_Visitor,False,False
0.0,0.0,0.0,0.0,29.0,850.0331,0.0,0.020865006,0.0,0.0,Nov,2,2,1,2,Returning_Visitor,False,False
0.0,0.0,0.0,0.0,29.0,979.74896,0.0,0.015488548,6.4594035,0.0,Aug,2,2,1,2,New_Visitor,False,True
0.0,0.0,0.0,0.0,13.0,430.1242,0.02563171,0.05,0.0,0.0,Nov,1,4,3,3,Returning_Visitor,False,False
5.0,89.49013,0.0,0.0,27.859674,768.6462,0.0,0.01320054,0.0,0.0,Aug,2,2,4,13,Returning_Visitor,False,False
0.0,0.0,0.0,0.0,33.0,735.837,0.0042727306,0.021663334,0.0,0.0,Nov,2,2,1,2,Returning_Visitor,False,False
2.0,27.931063,0.0,0.0,30.0,571.20325,0.0,0.015719939,0.0,0.0,Nov,4,2,1,1,Returning_Visitor,False,False
0.0,0.0,0.0,0.0,16.0,598.956,0.022750007,0.05,0.0,0.0,Aug,2,2,1,13,Returning_Visitor,False,False
1.0,31.337906,0.0,0.0,30.0,1118.6516,0.012934577,0.034803305,0.0,0.0,Dec,2,2,4,1,Returning_Visitor,False,False
0.0,0.0,0.0,0.0,24.0,522.03766,0.02,0.045654655,0.0,0.0,Nov,2,2,1,1,Returning_Visitor,False,False
0.0,0.0,0.0,0.0,16.0,397.51343,0.0,0.020439582,0.0,0.0,Dec,4,2,9,15,Returning_Visitor,False,False
0.0,0.0,0.0,0.0,14.739316,210.82423,0.0,0.044520672,0.0,0.0,Dec,1,1,1,2,Returning_Visitor,False,False
4.0,64.369026,0.0,0.0,11.0,314.93045,0.0,0.02,0.0,0.0,Dec,2,2,1,2,Returning_Visitor,False,False
0.0,0.0,0.0,0.0,42.0,730.2304,0.0,0.01768033,0.0,0.0,Dec,3,2,1,1,Returning_Visitor,False,False
0.0,0.0,0.0,0.0,7.0,143.10762,0.0,0.05121828,0.0,0.0,Dec,2,2,1,1,Returning_Visitor,False,False
3.0,56.60052,0.0,0.0,22.0,614.3632,0.0,0.028750172,0.0,0.0,Dec,2,2,1,13,Returning_Visitor,False,False
2.0,47.126266,0.0,0.0,29.0,631.7704,0.0,0.02,0.0,0.0,Nov,2,2,4,13,Returning_Visitor,True,False
0.0,0.0,0.0,0.0,22.0,754.46466,0.0,0.020333773,0.0,0.0,Nov,3,2,9,2,Returning_Visitor,False,False
0.0,0.0,0.0,0.0,10.0,228.0699,0.0,0.044444446,0.0,0.0,Aug,1,1,1,2,Returning_Visitor,False,False
0.0,0.0,0.0,0.0,26.0,582.873,0.0,0.02413703,0.0,0.0,Dec,4,2,1,1,Returning_Visitor,False,False
0.0,0.0,0.0,0.0,42.0,788.0348,0.018871803,0.039916147,0.0,0.0,Nov,3,2,1,13,Returning_Visitor,False,False
2.0,16.133131,0.0,0.0,40.884422,1460.275,0.0,0.013333333,0.0,0.0,Nov,2,2,1,2,Returning_Visitor,False,False
0.0,0.0,0.0,0.0,16.0,582.8471,0.0,0.017421633,0.0,0.0,Nov,1,2,1,2,Returning_Visitor,False,False
0.0,0.0,0.0,0.0,31.0,724.84143,0.0,0.01609191,0.0,0.0,May,2,2,7,2,Returning_Visitor,False,False
3.0,60.60905,0.0,0.0,43.0,1122.5592,0.0,0.01781293,0.0,0.0,Nov,3,2,7,2,Returning_Visitor,False,False
0.0,0.0,0.0,0.0,24.0,611.7146,0.0,0.015818374,0.0,0.0,Nov,1,2,1,10,Returning_Visitor,False,False
0.0,0.0,0.0,0.0,14.0,334.91803,0.0,0.03333333,0.0,0.0,Dec,2,2,1,3,Returning_Visitor,False,False
1.0,30.756857,0.0,0.0,27.036015,667.2731,0.0,0.01893407,0.0,0.0,Dec,2,2,3,2,Returning_Visitor,False,False
2.0,40.027546,0.0,0.0,23.0,805.4941,0.0,0.017157711,0.0,0.0,Aug,4,2,1,15,Returning_Visitor,False,False
4.0,81.35374,0.0,0.0,60.0,2017.6754,0.0,0.01603521,0.0,0.0,Nov,2,2,9,13,Returning_Visitor,False,False
1.0,7.694103,0.0,0.0,15.0,560.40424,0.0,0.017708303,0.0,0.0,Dec,2,2,7,2,Returning_Visitor,False,False
0.0,0.0,0.0,0.0,16.0,288.0963,0.0051984214,0.050951917,0.0,0.0,Dec,4,1,1,1,Returning_Visitor,False,False
0.0,0.0,0.0,0.0,21.0,593.6965,0.016235389,0.03333333,0.0,0.0,Dec,1,2,1,3,Returning_Visitor,False,False
2.2853649,64.55425,0.0,0.0,38.738,1656.5554,0.0070983246,0.016545672,0.0,0.0,Nov,4,2,1,13,Returning_Visitor,False,False
0.0,0.0,0.0,0.0,6.0,75.20712,0.06666667,0.11054283,0.0,0.0,Aug,4,1,9,1,Returning_Visitor,False,False
0.0,0.0,0.0,0.0,13.0,228.57278,0.04,0.07428904,0.0,0.0,Nov,2,2,1,1,Returning_Visitor,False,False
0.0,0.0,0.0,0.0,38.71164,1341.3066,0.0,0.022222223,0.0,0.0,Nov,2,5,3,3,Returning_Visitor,False,False
0.0,0.0,0.0,0.0,36.514183,686.9823,0.0,0.025,0.0,0.0,Jul,4,1,3,1,Returning_Visitor,False,False
0.0,0.0,0.0,0.0,10.0,132.02492,0.01318525,0.052904904,0.0,0.0,Nov,2,2,1,10,Returning_Visitor,False,False
0.0,0.0,0.0,0.0,26.0,590.0714,0.0,0.02544217,0.0,0.0,Nov,2,2,4,2,Returning_Visitor,False,False
0.0,0.0,0.0,0.0,5.0,82.533676,0.0,0.05,0.0,0.0,Dec,2,2,1,13,Returning_Visitor,False,False
0.0,0.0,0.0,0.0,10.0,493.11813,0.0,0.025,0.0,0.0,Aug,3,2,4,2,New_Visitor,False,False
0.0,0.0,0.0,0.0,30.0,656.0291,0.0064412765,0.027345445,0.0,0.0,Dec,2,4,7,1,Returning_Visitor,False,False
0.0,0.0,0.0,0.0,16.883131,354.36462,0.015376003,0.03923132,0.0,0.0,Jul,2,1,1,2,Returning_Visitor,False,False
3.0,63.291515,2.0,106.072075,40.53261,663.81934,0.0,0.020352177,0.0,0.0,Dec,2,2,1,1,Returning_Visitor,False,False
0.0,0.0,0.0,0.0,22.0,698.0287,0.0141776055,0.04,0.0,0.0,Dec,4,2,1,1,Returning_Visitor,False,False
0.0,0.0,0.0,0.0,20.0,390.93497,0.0125,0.03333333,0.0,0.0,Nov,1,1,4,15,Returning_Visitor,False,False
2.0,39.176346,0.0,0.0,27.231136,912.603,0.0,0.015384615,0.0,0.0,Nov,2,2,1,2,Returning_Visitor,False,False
0.0,0.0,0.0,0.0,42.0,1204.4165,0.0,0.025,0.0,0.0,Dec,2,2,1,2,Returning_Visitor,False,False
0.0,0.0,0.0,0.0,21.0,599.23285,0.009290956,0.03333333,0.0,0.0,Aug,2,2,1,3,Returning_Visitor,False,False
0.0,0.0,0.0,0.0,34.0,1395.2516,0.0,0.008048866,0.0,0.0,Dec,2,2,1,2,Returning_Visitor,False,True
0.0,0.0,0.0,0.0,25.980972,818.6896,0.0,0.022222223,0.0,0.0,Aug,2,2,1,2,Returning_Visitor,False,False
0.0,0.0,0.0,0.0,33.0,784.64044,0.006666667,0.021391945,0.0,0.0,May,1,2,1,2,Returning_Visitor,False,False
0.0,0.0,0.0,0.0,15.0,312.5593,0.016666668,0.05,0.0,0.0,Dec,2,2,1,9,Returning_Visitor,False,False
0.0,0.0,0.0,0.0,27.0,736.0671,0.008400355,0.035508286,0.0,0.0,Dec,2,2,7,1,Returning_Visitor,False,False
1.0,12.559613,0.0,0.0,33.0,772.9021,0.0043772943,0.025,0.0,0.0,Aug,2,2,4,1,Returning_Visitor,False,False
0.0,0.0,0.0,0.0,13.0,320.41064,0.0,0.03333333,0.0,0.0,Dec,2,2,1,3,Returning_Visitor,False,False
0.0,0.0,0.0,0.0,15.929683,332.13937,0.0,0.0351194,0.0,0.0,Aug,4,2,4,1,Returning_Visitor,False,False
0.0,0.0,0.0,0.0,11.0,314.56815,0.024688678,0.05,0.0,0.0,Aug,2,2,9,3,Returning_Visitor,False,False
0.0,0.0,0.0,0.0,29.917068,1223.5577,0.0,0.016666668,0.0,0.0,Nov,2,2,1,2,Returning_Visitor,False,False
0.0,0.0,0.0,0.0,14.0,342.22504,0.036913592,0.06666667,0.0,0.0,Aug,2,2,1,2,Returning_Visitor,False,False
2.0,52.031773,0.0,0.0,41.0,1388.9421,0.0,0.015107934,0.0,0.0,Nov,2,2,1,1,Returning_Visitor,False,False
0.0,0.0,0.0,0.0,28.0,614.5476,0.0,0.020289712,0.0,0.0,Nov,1,1,1,2,Returning_Visitor,False,False
0.0,0.0,0.0,0.0,20.0,543.5817,0.0,0.016918762,0.0,0.0,Dec,2,2,1,2,Returning_Visitor,False,True
3.4570718,52.43499,0.0,0.0,40.952526,906.81354,0.01112829,0.03004631,0.0,0.0,Nov,4,1,1,3,Returning_Visitor,False,False
0.0,0.0,0.0,0.0,7.0,116.00068,0.0,0.036679357,0.0,0.0,Nov,3,2,1,13,Returning_Visitor,False,False
2.0,26.63676,0.0,0.0,27.0,1344.298,0.0,0.0124071445,0.0,0.0,Nov,2,2,1,2,Returning_Visitor,False,False
4.0,112.785965,0.0,0.0,36.129658,1283.4524,0.011555078,0.022814706,0.0,0.0,Dec,1,2,1,13,Returning_Visitor,False,False
0.0,0.0,0.0,0.0,25.0,839.9588,0.0,0.015133071,21.439615,0.0,Nov,2,2,1,8,Returning_Visitor,False,True
0.0,0.0,0.0,0.0,7.0,128.89781,0.0,0.047658835,0.0,0.0,Nov,2,2,1,1,Returning_Visitor,False,False
3.0,40.895576,0.0,0.0,26.723928,521.3036,0.0,0.025,0.0,0.0,Dec,1,2,1,3,Returning_Visitor,False,False
4.0,67.393166,0.0,0.0,17.0,283.6272,0.0047058845,0.039239187,0.0,0.0,Mar,2,2,7,1,Returning_Visitor,False,False
3.0,46.89903,0.0,0.0,22.0,645.5997,0.0,0.015952993,0.0,0.0,Jul,2,2,1,2,Returning_Visitor,False,False
4.0,91.32835,0.0,0.0,44.83534,1238.5286,0.0065018884,0.018181818,0.0,0.0,Aug,4,2,1,2,Returning_Visitor,False,False
0.0,0.0,0.0,0.0,20.0,518.8663,0.0,0.02781647,0.0,0.0,Jul,2,2,1,1,Returning_Visitor,False,False
3.0,85.25539,0.0,0.0,40.0,2020.8652,0.0051493957,0.022222223,0.0,0.0,Nov,2,2,7,2,Returning_Visitor,False,False
0.0,0.0,0.0,0.0,5.0,125.30473,0.0,0.044720147,0.0,0.0,Mar,2,2,3,8,Returning_Visitor,False,False
0.0,0.0,0.0,0.0,22.0,721.84326,0.013668443,0.04,0.0,0.0,Nov,2,4,1,1,Returning_Visitor,False,False
0.0,0.0,0.0,0.0,7.0,214.38258,0.0,0.04,0.0,0.0,Mar,1,2,1,1,Returning_Visitor,False,False
2.0,61.090843,0.0,0.0,16.0,554.08167,0.0,0.010520992,0.0,0.0,Nov,1,2,6,2,Returning_Visitor,False,False
5.0,84.571175,3.0,0.0,35.774235,787.1599,0.0,0.015384615,14.35983,0.0,Nov,2,2,1,2,Returning_Visitor,False,False
0.0,0.0,0.0,0.0,20.947102,385.1054,0.014285714,0.02660438,0.0,0.0,Nov,1,1,7,1,Returning_Visitor,False,False
3.0,69.70815,0.0,0.0,21.0,616.8265,0.0,0.01,0.0,0.0,Nov,1,2,8,2,Returning_Visitor,False,False
0.0,0.0,0.0,0.0,12.0,290.55896,0.0,0.025,0.0,0.0,Nov,1,2,6,2,Returning_Visitor,False,False
3.0,52.488453,0.0,0.0,45.0,1573.7444,0.010166978,0.029038843,0.0,0.0,Aug,2,2,4,1,Returning_Visitor,False,False
0.0,0.0,0.0,0.0,24.0,721.9436,0.0,0.012435164,0.0,0.0,Nov,3,2,4,13,Returning_Visitor,False,False
0.0,0.0,0.0,0.0,40.635944,896.7966,0.0,0.01733208,0.0,0.0,Dec,2,2,1,1,Returning_Visitor,False,False
4.0,75.8705,0.0,0.0,24.0,866.3179,0.0,0.016666668,0.0,0.0,Dec,2,2,1,2,Returning_Visitor,False,False
4.0,83.46986,0.0,0.0,33.0,1023.2788,0.0,0.013224569,0.0,0.0,Jul,3,2,4,2,Returning_Visitor,False,False
0.0,0.0,0.0,0.0,23.40758,737.42175,0.0,0.0204487,0.0,0.0,Nov,2,2,3,8,Returning_Visitor,False,False
4.0,107.39726,1.0,0.0,49.0,1926.4504,0.008333333,0.022189654,0.0,0.0,Dec,1,2,4,1,Returning_Visitor,False,False
0.0,0.0,0.0,0.0,27.0,830.11,0.0,0.018192647,0.0,0.0,Nov,2,2,1,13,Returning_Visitor,False,False
0.0,0.0,0.0,0.0,21.0,354.32428,0.0,0.025,0.0,0.0,Dec,2,2,6,2,Returning_Visitor,False,False
4.0,79.57356,0.0,0.0,51.747864,2627.269,0.010535224,0.025920179,0.0,0.0,Nov,4,2,1,2,Returning_Visitor,False,False
4.0,89.144196,0.0,0.0,32.0,614.55444,0.0,0.02137426,0.0,0.0,Dec,1,1,3,1,Returning_Visitor,False,False
0.0,0.0,0.0,0.0,21.0,653.06116,0.017325144,0.040894262,0.0,0.0,Aug,2,2,1,3,Returning_Visitor,False,False
0.0,0.0,0.0,0.0,27.0,699.9235,0.0,0.025,0.0,0.0,Dec,2,2,1,3,Returning_Visitor,False,False
0.0,0.0,0.0,0.0,17.0,861.9469,0.009878865,0.027266366,0.0,0.0,Dec,1,2,1,2,Returning_Visitor,False,False
0.0,0.0,0.0,0.0,12.323489,384.85974,0.0,0.044271052,0.0,0.0,Dec,2,1,4,2,Returning_Visitor,False,False
0.0,0.0,0.0,0.0,41.0,1114.0958,0.0,0.018181818,0.0,0.0,Dec,2,2,7,1,Returning_Visitor,False,False
5.0,69.10116,0.0,0.0,56.0,1944.9182,0.0,0.016652962,19.511303,0.0,Nov,4,4,1,2,Returning_Visitor,False,True
0.0,0.0,0.0,0.0,11.856075,230.74223,0.034453303,0.05,0.0,0.0,Dec,3,2,1,1,Returning_Visitor,False,False
3.0,57.824287,0.0,0.0,29.0,489.66925,0.0030345651,0.020143174,0.0,0.0,Aug,2,2,7,3,Returning_Visitor,False,False
0.0,0.0,0.0,0.0,29.0,843.1445,0.009591851,0.030745538,0.0,0.0,Dec,2,4,1,3,Returning_Visitor,False,False
3.0,62.383286,0.0,0.0,37.11571,1529.6782,0.0,0.016591057,0.0,0.0,Dec,2,4,3,1,Returning_Visitor,False,False
3.1405098,60.74131,0.0,0.0,18.974773,284.8085,0.007839616,0.028251713,0.0,0.0,Sep,4,2,1,13,Returning_Visitor,False,False
4.0,73.67335,0.0,0.0,18.0,460.66266,0.0,0.028571429,0.0,0.0,Nov,2,5,4,1,Returning_Visitor,False,False
3.0,76.468575,0.0,0.0,60.53506,1746.9324,0.009550123,0.02,0.0,0.0,Aug,4,2,1,2,Returning_Visitor,False,False
0.0,0.0,0.0,0.0,18.0,632.6881,0.0,0.011416723,0.0,0.0,Jul,1,4,6,13,Returning_Visitor,False,False
0.0,0.0,0.0,0.0,28.0,698.8717,0.0,0.014418148,0.0,0.0,Mar,2,2,6,1,Returning_Visitor,False,False
0.0,0.0,0.0,0.0,22.0,615.9275,0.0,0.027512554,0.0,0.0,Nov,2,2,1,1,Returning_Visitor,False,False
0.0,0.0,0.0,0.0,27.0,669.2475,0.008348275,0.029012935,0.0,0.0,Aug,2,2,1,1,Returning_Visitor,False,False
3.0,45.94994,0.0,0.0,53.0,2187.5522,0.0066168257,0.025,0.0,0.0,Nov,2,2,4,2,Returning_Visitor,False,True
0.0,0.0,0.0,0.0,26.489985,703.4965,0.0,0.018181818,4.146073,0.0,May,2,2,9,1,Returning_Visitor,False,False
0.0,0.0,0.0,0.0,7.0,154.13144,0.0,0.027181411,0.0,0.0,Nov,2,4,4,2,Returning_Visitor,False,False
3.0,89.16369,0.0,0.0,37.0,850.7757,0.0,0.01030497,0.0,0.0,Nov,1,1,1,2,Returning_Visitor,False,False
0.0,0.0,0.0,0.0,27.0,623.972,0.0,0.0147437295,0.0,0.0,Mar,2,2,1,2,Returning_Visitor,False,False
0.0,0.0,0.0,0.0,33.573036,808.72003,0.0,0.02215022,0.0,0.0,Dec,1,4,1,13,Returning_Visitor,False,False
3.0,87.21525,0.0,0.0,21.0,732.3504,0.0,0.024491606,0.0,0.0,Dec,3,2,1,2,Returning_Visitor,False,False
5.0,107.44636,0.0,0.0,37.0,876.6552,0.0,0.017289178,0.0,0.0,Oct,2,2,4,1,Returning_Visitor,False,False
4.0,75.76174,0.0,0.0,49.0,2062.7188,0.0,0.0145203015,15.193769,0.0,Dec,2,4,1,3,Returning_Visitor,False,False
2.0,38.925133,0.0,0.0,27.0,605.2176,0.013446071,0.02856413,0.0,0.0,Dec,3,2,3,2,Returning_Visitor,True,False
0.0,0.0,0.0,0.0,26.0,608.64514,0.005358494,0.030689748,0.0,0.0,Dec,1,2,4,3,Returning_Visitor,True,False
3.0,32.735363,0.0,0.0,26.0,552.3393,0.0,0.020064523,0.0,0.0,Nov,2,2,1,1,Returning_Visitor,False,False
0.0,0.0,0.0,0.0,29.0,591.221,0.0,0.02268603,0.0,0.0,Dec,2,2,1,3,Returning_Visitor,False,False
0.0,0.0,0.0,0.0,15.0,282.334,0.0,0.028955372,0.0,0.0,Dec,3,2,1,2,Returning_Visitor,False,False
5.0,76.113686,0.0,0.0,39.0,979.0805,0.0,0.010268696,0.0,0.0,Dec,1,2,1,2,Returning_Visitor,False,False
2.0,55.87572,0.0,0.0,27.761292,878.5044,0.005602549,0.022222223,0.0,0.0,Nov,2,2,4,1,Returning_Visitor,False,False
3.0,46.491142,0.0,0.0,60.0,2309.779,0.0052018496,0.022222223,0.0,0.0,Nov,2,2,1,2,Returning_Visitor,False,False
0.0,0.0,0.0,0.0,27.0,1041.7382,0.0,0.025863355,0.0,0.0,Mar,2,2,1,9,Returning_Visitor,False,False
4.0,106.60851,0.0,0.0,60.193626,2088.9355,0.0050472347,0.0146733215,0.0,0.0,Nov,2,2,1,2,Returning_Visitor,False,False
4.0,106.52269,0.0,0.0,53.34048,2027.0411,0.006137659,0.01801207,9.370153,0.0,Nov,2,2,4,2,Returning_Visitor,False,True
6.0,99.17243,0.0,0.0,30.203476,706.4825,0.007747279,0.017305307,0.0,0.0,Nov,1,2,1,2,Returning_Visitor,False,True
2.0,45.56063,0.0,0.0,20.0,655.6148,0.0,0.018738844,0.0,0.0,Aug,2,2,7,13,Returning_Visitor,False,False
0.0,0.0,0.0,0.0,15.0,388.53412,0.0,0.030123679,0.0,0.0,Jul,2,2,1,2,Returning_Visitor,False,False
0.0,0.0,0.0,0.0,22.0,301.54645,0.0,0.025129229,0.0,0.0,Nov,4,4,1,1,Returning_Visitor,False,False
0.0,0.0,0.0,0.0,12.0,255.23886,0.036060028,0.06666667,0.0,0.0,Nov,3,2,4,1,Returning_Visitor,False,False
0.0,0.0,0.0,0.0,24.0,683.9349,0.0044479943,0.015776148,21.046347,0.0,Nov,2,4,1,2,New_Visitor,False,False
0.0,0.0,0.0,0.0,8.0,220.11145,0.0,0.030691566,0.0,0.0,Mar,2,2,3,2,Returning_Visitor,False,False
3.0,75.6255,0.0,0.0,46.41803,1878.6527,0.008511997,0.026450163,5.388341,0.0,Dec,2,2,3,13,Returning_Visitor,False,False
2.0,28.44367,0.0,0.0,25.120285,739.414,0.0,0.02,0.0,0.0,Dec,3,2,1,2,Returning_Visitor,False,False
0.0,0.0,0.0,0.0,22.0,471.49234,0.0,0.03113472,0.0,0.0,Nov,4,1,4,3,Returning_Visitor,False,False
0.0,0.0,0.0,0.0,23.0,503.6422,0.0016716247,0.025,0.0,0.0,Sep,1,1,1,2,Returning_Visitor,False,False
5.0,138.01784,0.0,0.0,89.19618,2957.5862,0.0125,0.023990443,0.0,0.0,Nov,3,2,1,2,Returning_Visitor,False,False
0.0,0.0,0.0,0.0,16.35588,631.3361,0.0,0.030646488,0.0,0.0,Aug,2,2,1,2,Returning_Visitor,False,False
3.0,59.813896,0.0,0.0,26.0,616.7988,0.009937504,0.028571429,0.0,0.0,Dec,2,2,9,13,Returning_Visitor,True,False
3.0,81.76727,0.0,0.0,44.0,1913.6268,0.0035901996,0.016666668,13.893921,0.0,Nov,2,2,9,1,Returning_Visitor,False,True
0.0,0.0,0.0,0.0,25.25301,777.70465,0.0,0.026881333,0.0,0.0,Dec,2,2,4,2,Returning_Visitor,False,False
0.0,0.0,0.0,0.0,16.0,295.3816,0.0,0.04,0.0,0.0,Dec,4,1,9,3,Returning_Visitor,False,False
0.0,0.0,0.0,0.0,24.0,347.6179,0.0,0.022222223,0.0,0.0,Jul,2,4,1,3,Returning_Visitor,False,False
0.0,0.0,0.0,0.0,31.0,547.5111,0.0,0.023689562,0.0,0.0,Dec,2,2,3,3,Returning_Visitor,False,False
4.0,69.41674,0.0,0.0,22.0,632.76636,0.0,0.022222223,0.0,0.0,Nov,2,2,1,2,Returning_Visitor,False,False
0.0,0.0,0.0,0.0,24.0,681.6613,0.0,0.004239874,0.0,0.0,Aug,2,2,7,2,Returning_Visitor,False,True
3.0,72.1471,0.0,0.0,28.18447,631.8575,0.0,0.014904283,0.0,0.0,Dec,4,2,3,1,Returning_Visitor,False,False
0.0,0.0,0.0,0.0,18.0,675.72375,0.0,0.022803223,0.0,0.0,Nov,2,4,1,3,Returning_Visitor,False,False
2.0139213,42.33674,0.0,0.0,36.0,665.4222,0.0,0.013333333,16.264177,0.0,Mar,2,2,1,2,Returning_Visitor,False,True
0.0,0.0,0.0,0.0,10.0,284.596,0.0,0.03333333,0.0,0.0,Nov,2,2,9,3,Returning_Visitor,False,False
0.0,0.0,0.0,0.0,13.0,246.17879,0.020041175,0.033874195,0.0,0.0,Dec,1,2,4,13,Returning_Visitor,False,False
0.0,0.0,0.0,0.0,24.0,667.65356,0.0,0.013250722,0.0,0.0,Nov,1,2,4,2,Returning_Visitor,False,False
2.8992677,55.88612,0.0,0.0,20.043495,674.34845,0.0,0.0125,0.0,0.0,Dec,2,2,1,2,Returning_Visitor,False,False
0.0,0.0,0.0,0.0,14.0,225.56267,0.025,0.0632458,0.0,0.0,Aug,4,2,1,1,Returning_Visitor,False,False
0.0,0.0,0.0,0.0,18.389679,496.98282,0.0,0.015656708,0.0,0.0,Nov,2,2,8,2,Returning_Visitor,False,True
2.0,52.466618,0.0,0.0,46.24689,1305.8677,0.006957351,0.016666668,0.0,0.0,Dec,1,2,1,2,Returning_Visitor,False,False
0.3074921,0.0,0.0,0.0,10.0,172.77545,0.0,0.028571429,0.0,0.0,Dec,2,2,1,1,Returning_Visitor,False,False
0.0,0.0,0.0,0.0,28.385345,724.5917,0.0,0.013876734,0.0,0.0,Dec,1,2,6,2,Returning_Visitor,False,False
1.0,0.0,0.0,0.0,33.579712,867.25354,0.0,0.015760297,0.0,0.0,Dec,2,2,6,2,Returning_Visitor,False,False
2.0,32.541935,0.0,0.0,24.0,832.33124,0.0,0.02062148,0.0,0.0,Nov,2,2,1,1,Returning_Visitor,False,False
5.0,163.64687,0.0,0.0,37.63492,1097.6062,0.010006386,0.02572762,0.0,0.0,Aug,1,1,3,1,Returning_Visitor,False,False
0.0,0.0,0.0,0.0,23.0,599.43695,0.0,0.02,0.0,0.0,Dec,2,2,1,13,Returning_Visitor,False,False
0.0,0.0,0.0,0.0,11.0,251.1654,0.0,0.019473063,0.0,0.0,Dec,2,2,4,13,Returning_Visitor,False,False
3.0,49.435272,0.0,0.0,24.0,631.8027,0.0,0.010515637,0.0,0.0,Dec,2,2,4,13,Returning_Visitor,False,False
3.0,73.43767,0.0,0.0,25.821356,728.882,0.010900575,0.028834445,0.0,0.0,Dec,1,1,1,2,Returning_Visitor,False,False
0.0,0.0,0.0,0.0,13.0,243.71674,0.024358412,0.053739037,0.0,0.0,Aug,3,2,7,1,Returning_Visitor,False,False
0.0,0.0,0.0,0.0,15.264093,619.6483,0.0,0.023510419,0.0,0.0,Aug,4,2,1,3,Returning_Visitor,False,False
2.0,37.234943,0.0,0.0,41.444427,1268.2231,0.010485887,0.034244854,0.0,0.0,Nov,2,2,7,1,Returning_Visitor,False,False
0.0,0.0,0.0,0.0,14.140048,572.03595,0.022535209,0.037481006,0.0,0.0,Aug,3,2,2,2,Returning_Visitor,False,False
2.0,55.36752,0.0,0.0,39.0,850.48816,0.0,0.01701114,0.0,0.0,Dec,4,2,4,1,Returning_Visitor,False,False
3.0,98.87564,0.0,0.0,30.0,687.5063,0.0045945295,0.013198894,0.0,0.0,Aug,2,5,1,9,Returning_Visitor,False,False
2.0,35.92871,0.0,0.0,16.0,385.74423,0.0010581724,0.02961818,0.0,0.0,Dec,1,1,1,9,Returning_Visitor,False,False
2.0,61.87754,0.0,0.0,16.0,433.02542,0.0,0.016666668,0.0,0.0,May,2,2,3,2,Returning_Visitor,False,False
0.0,0.0,0.0,0.0,26.0,497.85718,0.0,0.026692951,0.0,0.0,Nov,2,2,8,13,Returning_Visitor,False,False
3.0,61.381226,0.0,0.0,28.0,629.3617,0.011092639,0.023578744,0.0,0.0,Aug,3,2,1,1,Returning_Visitor,False,False
0.0,0.0,0.0,0.0,12.0,280.1438,0.0,0.05,0.0,0.0,Mar,2,2,1,1,Returning_Visitor,False,False
0.0,0.0,0.0,0.0,11.0,272.43372,0.0,0.025754498,0.0,0.0,May,2,2,1,3,Returning_Visitor,False,False
4.0,89.9727,0.0,0.0,39.0,894.4165,0.007817877,0.026784409,0.0,0.0,Dec,2,2,4,2,Returning_Visitor,False,False
0.0,0.0,0.0,0.0,24.275127,505.18414,0.0,0.0099551305,0.0,0.0,Nov,2,2,4,2,New_Visitor,False,False
0.0,0.0,0.0,0.0,15.0,335.80383,0.0,0.022222223,0.0,0.0,Dec,2,2,6,10,Returning_Visitor,False,False
0.0,0.0,0.0,0.0,27.0,751.2841,0.014901717,0.03333333,0.0,0.0,Nov,2,2,2,1,Returning_Visitor,False,False
4.960153,88.56737,0.0,0.0,29.0,627.7891,0.0,0.0125475135,0.0,0.0,Dec,4,2,1,2,Returning_Visitor,False,False
0.0,0.0,0.0,0.0,26.0,658.5856,0.0,0.022222223,0.0,0.0,Nov,2,4,1,1,Returning_Visitor,False,False
4.0,61.253155,0.0,0.0,22.047838,625.0365,0.0,0.02363748,0.0,0.0,Nov,1,2,2,2,Returning_Visitor,False,False
0.0,0.0,0.0,0.0,64.80855,1791.8705,0.0,0.011926594,6.9328833,0.0,Jul,2,2,7,1,Returning_Visitor,False,False
0.0,0.0,0.0,0.0,15.0,412.04092,0.0,0.021403568,0.0,0.0,Dec,4,2,7,2,Returning_Visitor,False,False
2.0,47.44453,0.0,0.0,26.0,612.51855,0.016530534,0.03333333,0.0,0.0,Dec,3,2,1,8,Returning_Visitor,False,False
4.0,79.100655,0.0,0.0,46.428726,1902.2535,0.0,0.010685062,8.084869,0.0,Dec,2,2,6,2,Returning_Visitor,False,False
0.0,0.0,0.0,0.0,13.0,366.72733,0.0,0.025,0.0,0.0,Nov,4,2,1,2,Returning_Visitor,False,False
0.0,0.0,0.0,0.0,15.0,316.0213,0.02261026,0.04310024,0.0,0.0,Dec,3,2,4,3,Returning_Visitor,False,False
0.0,0.0,0.0,0.0,17.561079,237.10553,0.0,0.02916433,0.0,0.0,Dec,4,1,7,2,Returning_Visitor,False,False
2.0,53.09292,0.0,0.0,51.175697,2044.8794,0.0,0.01,0.0,0.0,May,2,2,7,2,Returning_Visitor,False,False
2.0,33.1764,0.0,0.0,27.667057,668.52734,0.0,0.01167606,12.482499,0.0,Dec,2,2,1,13,Returning_Visitor,False,True
2.0,97.51961,0.0,0.0,36.0,1076.6272,0.0074482593,0.0224299,0.0,0.0,Nov,2,2,1,9,Returning_Visitor,False,False
0.0,0.0,0.0,0.0,25.0,692.8797,0.0,0.022917688,0.0,0.0,Dec,2,1,3,9,Returning_Visitor,False,False
3.0,75.12162,2.0,161.30702,42.671234,1555.8934,0.0,0.020250417,0.0,0.0,Dec,2,2,4,3,Returning_Visitor,False,False
0.0,0.0,0.0,0.0,15.0,432.1352,0.02437754,0.053193547,0.0,0.0,Nov,1,4,1,1,Returning_Visitor,False,False
1.0,0.0,0.0,0.0,31.283121,643.1877,0.00756939,0.030317932,0.0,0.0,Dec,1,2,7,1,Returning_Visitor,False,False
0.0,0.0,0.0,0.0,14.0,343.62653,0.0,0.025278045,0.0,0.0,Nov,2,2,1,2,Returning_Visitor,False,False
0.0,0.0,0.0,0.0,12.0,241.62456,0.0,0.03333333,0.0,0.0,Nov,2,2,7,3,Returning_Visitor,False,False
0.0,0.0,0.0,0.0,21.0,690.06775,0.0,0.025000794,0.0,0.0,Nov,2,2,6,13,Returning_Visitor,False,False
4.0,79.6734,0.0,0.0,55.208458,1664.713,0.0,0.014875966,0.0,0.0,Dec,2,2,1,9,Returning_Visitor,False,False
0.0,0.0,0.0,0.0,19.0,518.4127,0.018096901,0.047454126,0.0,0.0,Nov,4,1,7,1,Returning_Visitor,False,False
0.0,0.0,0.0,0.0,16.0,483.42975,0.0,0.028571429,0.0,0.0,Dec,2,2,4,2,Returning_Visitor,False,False
0.0,0.0,0.0,0.0,23.0,477.761,0.0,0.021780286,0.0,0.0,Dec,3,2,3,2,Returning_Visitor,False,False
0.0,0.0,0.0,0.0,50.0,1374.1398,0.0,0.019778354,0.0,0.0,Nov,2,2,7,1,Returning_Visitor,False,False
0.0,0.0,0.0,0.0,25.0,745.9735,0.0,0.019864907,0.0,0.0,Aug,1,2,3,2,Returning_Visitor,False,False
3.0,53.773663,0.0,0.0,33.0,851.1571,0.004194187,0.016666668,0.0,0.0,Nov,4,2,3,2,Returning_Visitor,False,False
0.0,0.0,0.0,0.0,34.0,754.7402,0.0,0.01673195,0.0,0.0,Nov,2,2,1,1,Returning_Visitor,False,False
3.0,55.191093,0.0,0.0,38.0,1008.29333,0.0,0.016669936,0.0,0.0,Dec,2,2,1,13,Returning_Visitor,False,False
4.0,77.36271,0.0,0.0,25.41362,622.9091,0.0,0.012487148,0.0,0.0,Aug,2,2,4,13,Returning_Visitor,False,False
0.0,0.0,0.0,0.0,13.0,234.49992,0.0058031688,0.03997764,0.0,0.0,Aug,4,2,6,1,Returning_Visitor,False,False
4.0,51.805023,0.0,0.0,28.32469,662.43915,0.0,0.014084647,0.0,0.0,Nov,2,2,1,2,Returning_Visitor,False,False
4.0,69.63721,0.0,0.0,16.157614,365.04895,0.0,0.011670606,0.0,0.0,Nov,2,2,7,2,Returning_Visitor,False,False
1.0,0.0,0.0,0.0,28.0,569.7097,0.0,0.010109094,0.0,0.0,Nov,1,4,1,2,New_Visitor,False,False
0.0,0.0,0.0,0.0,12.0,235.17068,0.0,0.048049472,0.0,0.0,Jul,3,2,1,1,Returning_Visitor,False,False
0.0,0.0,0.0,0.0,33.0,751.46936,0.005096829,0.02,0.0,0.0,Dec,1,1,1,3,Returning_Visitor,False,False
2.0,29.432705,0.0,0.0,19.0,330.48712,0.0,0.020079412,0.0,0.0,Dec,1,2,7,15,Returning_Visitor,False,False
3.0,76.22527,0.0,0.0,16.0,296.14362,0.0,0.027283477,0.0,0.0,Dec,1,1,4,9,Returning_Visitor,False,False
4.0,52.31507,0.0,0.0,24.0,517.97327,0.0,0.01736804,0.0,0.0,Nov,2,2,1,2,Returning_Visitor,False,False
4.0,91.464516,0.0,0.0,20.0,379.43747,0.0,0.015126176,0.0,0.0,Nov,4,2,1,2,Returning_Visitor,False,False
0.0,0.0,0.0,0.0,25.0,674.9482,0.0,0.025,0.0,0.0,Nov,4,2,1,3,Returning_Visitor,False,False
2.0,16.488363,0.0,0.0,24.0,488.43875,0.018181818,0.041395202,0.0,0.0,Dec,2,2,9,2,Returning_Visitor,False,False
4.0,127.65127,0.0,0.0,16.0,506.53735,0.0,0.014217682,0.0,0.0,Nov,1,1,2,2,Returning_Visitor,False,True
0.0,0.0,0.0,0.0,22.0,590.1001,0.0,0.022222223,0.0,0.0,Jul,2,2,7,2,Returning_Visitor,False,False
0.0,0.0,0.0,0.0,23.046072,610.4743,0.0,0.023252062,0.0,0.0,Nov,2,2,9,1,Returning_Visitor,False,False
0.0,0.0,0.0,0.0,11.0,271.2312,0.02494538,0.055626065,0.0,0.0,Nov,2,1,2,3,Returning_Visitor,False,False
3.0,25.296518,0.0,0.0,18.0,282.70923,0.0,0.018181818,0.0,0.0,Sep,2,4,4,2,Returning_Visitor,False,False
2.0,39.913982,0.0,0.0,37.0,703.6657,0.0050624697,0.02264507,0.0,0.0,Nov,3,2,1,13,Returning_Visitor,False,False
2.0,55.233112,0.0,0.0,15.0,517.00134,0.0,0.014569302,0.0,0.0,Dec,2,2,8,2,New_Visitor,False,False
0.0,0.0,0.0,0.0,12.0,265.99777,0.0,0.03531282,0.0,0.0,Jul,2,2,1,1,Returning_Visitor,False,False
3.0,38.45233,0.0,0.0,32.0,982.50275,0.0,0.0132072205,0.0,0.0,Nov,2,2,9,2,Returning_Visitor,False,False
0.0,0.0,0.0,0.0,22.0,656.2185,0.0,0.02411009,0.0,0.0,Nov,4,1,3,1,Returning_Visitor,False,False
3.0,62.1892,0.0,0.0,21.0,535.307,0.0,0.018151361,0.0,0.0,Dec,2,2,1,2,New_Visitor,False,False
0.0,0.0,0.0,0.0,21.0,439.8775,0.014762236,0.038552932,0.0,0.0,Dec,3,2,1,13,Returning_Visitor,True,False
0.0,0.0,0.0,0.0,22.0,611.2554,0.0,0.016229026,0.0,0.0,Dec,2,2,4,3,Returning_Visitor,False,False
1.0,8.87969,0.0,0.0,28.0,1099.1599,0.0,0.018618744,0.0,0.0,Dec,3,2,7,2,Returning_Visitor,False,False
0.0,0.0,0.0,0.0,24.0,844.25397,0.0,0.025,0.0,0.0,Jul,2,2,1,2,Returning_Visitor,False,False
5.0,106.60129,1.0,0.0,39.471413,1034.067,0.005577209,0.02304604,0.0,0.0,Aug,2,2,1,13,Returning_Visitor,False,False
3.0,59.6206,0.0,0.0,15.0,458.08057,0.0,0.018181818,0.0,0.0,Aug,2,2,9,2,Returning_Visitor,False,False
0.0,0.0,0.0,0.0,19.287283,319.9005,0.0,0.03344894,0.0,0.0,Dec,2,2,4,1,Returning_Visitor,False,False
4.0,111.21681,0.0,0.0,21.0,753.9674,0.009090909,0.02603867,0.0,0.0,Sep,1,1,1,9,Returning_Visitor,False,False
2.0,45.21937,0.0,0.0,13.0,517.65186,0.0,0.02354238,0.0,0.0,Dec,2,2,1,2,Returning_Visitor,False,False
2.0,30.59383,0.0,0.0,20.0,741.7144,0.01055493,0.02551749,0.0,0.0,Nov,2,2,1,2,Returning_Visitor,False,False
0.0,0.0,0.0,0.0,20.0,516.02075,0.011206308,0.036223512,0.0,0.0,Feb,2,2,1,2,Returning_Visitor,False,False
2.0,40.678394,0.0,0.0,44.505447,894.36066,0.0057030553,0.026668537,0.0,0.0,Dec,2,2,1,8,Returning_Visitor,False,False
3.0,27.422232,0.0,0.0,28.44283,710.80707,0.0,0.016060594,0.0,0.0,Dec,2,2,5,2,Returning_Visitor,False,False
2.0,29.188463,0.0,0.0,42.0,1097.2861,0.0,0.015384615,7.519559,0.0,Dec,4,2,6,2,Returning_Visitor,False,False
0.0,0.0,0.0,0.0,18.0,536.2067,0.0,0.02856749,0.0,0.0,Nov,2,2,6,1,Returning_Visitor,False,False
0.0,0.0,0.0,0.0,16.0,386.4193,0.0,0.030760108,0.0,0.0,Nov,4,2,1,1,Returning_Visitor,False,False
2.0,46.9484,0.0,0.0,14.0,403.8696,0.0,0.029007085,0.0,0.0,Dec,2,2,1,8,Returning_Visitor,False,False
0.0,0.0,0.0,0.0,27.0,952.51263,0.0,0.015567412,0.0,0.0,Nov,4,2,1,3,Returning_Visitor,False,False
1.0,3.9318206,0.0,0.0,29.382406,691.276,0.0,0.006905702,0.0,0.0,Dec,2,2,3,2,Returning_Visitor,False,False
2.0,59.445175,0.0,0.0,21.0,356.01633,0.014016597,0.03842711,0.0,0.0,Nov,1,1,1,3,Returning_Visitor,False,False
0.0,0.0,0.0,0.0,41.560715,2231.0881,0.0074131265,0.028571429,0.0,0.0,Jul,2,2,7,1,Returning_Visitor,False,False
5.0,89.386665,0.0,0.0,40.0,1120.5969,0.0,0.016666668,0.0,0.0,May,2,2,1,13,Returning_Visitor,False,False
4.0,106.94812,0.0,0.0,46.453712,1426.4778,0.0046645175,0.01817887,1.1603951,0.0,Dec,2,2,1,2,Returning_Visitor,False,False
0.0,0.0,0.0,0.0,25.0,643.5766,0.011528716,0.04,0.0,0.0,Jul,2,2,1,1,Returning_Visitor,False,False
0.0,0.0,0.0,0.0,36.0,654.992,0.0,0.014853586,0.0,0.0,Dec,2,2,1,1,Returning_Visitor,False,False
0.0,0.0,0.0,0.0,26.0,942.12036,0.0,0.025,0.0,0.0,Dec,2,2,4,1,Returning_Visitor,False,False
3.0,51.372707,0.0,0.0,26.0,650.6623,0.0056092804,0.02215231,0.0,0.0,Dec,2,2,1,13,Returning_Visitor,False,False
1.0,14.665913,0.0,0.0,46.038624,1196.9543,0.0028871873,0.018340915,0.0,0.0,Nov,2,2,1,9,Returning_Visitor,False,False
3.0,47.086777,0.0,0.0,28.0,691.1758,0.0,0.011008324,0.0,0.0,Aug,2,2,1,2,Returning_Visitor,False,False
4.0,86.3054,0.0,0.0,27.498075,981.4857,0.0,0.018151646,8.155583,0.0,Mar,4,4,1,1,Returning_Visitor,False,False
2.0,40.982536,0.0,0.0,6.0,243.0211,0.0,0.019207334,0.0,0.0,Mar,2,2,4,13,Returning_Visitor,False,False
0.0,0.0,0.0,0.0,43.362656,1370.4482,0.006549305,0.028599015,8.475542,0.0,Dec,2,2,4,9,Returning_Visitor,False,False
0.0,0.0,0.0,0.0,27.557219,633.9536,0.0,0.02727514,0.0,0.0,Dec,2,2,1,2,Returning_Visitor,False,False
0.0,0.0,0.0,0.0,17.0,531.63165,0.028571429,0.05,0.0,0.0,Nov,3,2,7,1,Returning_Visitor,True,False
0.0,0.0,0.0,0.0,30.0,729.51636,0.0008037183,0.025,0.0,0.0,Dec,4,4,9,2,Returning_Visitor,False,False
0.0,0.0,0.0,0.0,50.387177,2101.6458,0.009972083,0.027500791,0.0,0.0,Aug,2,2,7,2,Returning_Visitor,False,False
3.0,87.75435,0.0,0.0,46.0,1943.7903,0.0,0.014274336,14.049416,0.0,Dec,2,2,1,13,Returning_Visitor,False,True
2.0,44.86997,0.0,0.0,25.0,644.9993,0.0156989,0.026532236,0.0,0.0,Nov,3,2,1,2,Returning_Visitor,False,False
3.0,64.01594,0.0,0.0,21.0,630.1922,0.0,0.01615785,0.0,0.0,Aug,2,2,1,13,Returning_Visitor,False,False
0.0,0.0,0.0,0.0,18.0,501.8631,0.0,0.010712921,0.0,0.0,Dec,2,2,4,2,Returning_Visitor,False,False
0.0,0.0,0.0,0.0,39.0,830.33154,0.010581053,0.029990328,0.0,0.0,Dec,2,6,1,2,Returning_Visitor,False,False
2.0,29.469591,0.0,0.0,37.943905,924.09644,0.0,0.013734258,0.0,0.0,Jul,4,1,1,1,Returning_Visitor,False,False
0.0,0.0,0.0,0.0,13.0,234.61969,0.0,0.017998815,0.0,0.0,Jul,4,1,1,1,Returning_Visitor,False,False
0.0,0.0,0.0,0.0,22.0,320.72296,0.0,0.028188046,0.0,0.0,Dec,2,2,1,13,Returning_Visitor,False,False
0.0,0.0,0.0,0.0,15.0,739.494,0.0,0.0123080695,0.0,0.0,Nov,2,2,8,8,Returning_Visitor,False,False
0.0,0.0,0.0,0.0,26.419857,749.0636,0.0,0.016666668,0.0,0.0,Nov,3,2,2,2,Returning_Visitor,True,False
0.0,0.0,0.0,0.0,22.0,332.7306,0.003423181,0.04,0.0,0.0,Dec,4,8,1,3,Returning_Visitor,False,False
6.0,142.3904,0.0,0.0,38.0,1666.4186,0.005976235,0.016645392,10.013515,0.0,Nov,1,2,4,2,Returning_Visitor,False,False
2.0,40.075493,0.0,0.0,20.0,593.68317,0.0,0.024951203,0.0,0.0,Dec,2,2,1,2,Returning_Visitor,False,False
0.0,0.0,0.0,0.0,30.0,675.9371,0.0,0.025098292,0.0,0.0,Aug,2,2,1,1,Returning_Visitor,False,False
0.0,0.0,0.0,0.0,31.67535,713.9693,0.017147908,0.03333333,0.0,0.0,Dec,3,2,3,3,Returning_Visitor,False,False
0.0,0.0,0.0,0.0,26.894653,585.18207,0.0,0.01586414,0.0,0.0,Dec,1,2,1,8,Returning_Visitor,False,True
0.0,0.0,0.0,0.0,12.0,340.1154,0.025089633,0.040934306,0.0,0.0,Dec,1,2,9,2,Returning_Visitor,False,False
3.0,58.37694,0.0,0.0,45.0,1331.5458,0.0049443347,0.018605417,0.0,0.0,Dec,2,2,1,2,Returning_Visitor,False,False
4.0,99.77037,0.0,0.0,27.305637,861.39996,0.01000508,0.028129963,0.0,0.0,Dec,4,2,1,1,Returning_Visitor,False,False
0.0,0.0,0.0,0.0,12.0,322.63025,0.0,0.037953462,0.0,0.0,Dec,2,2,4,13,Returning_Visitor,False,False
0.0,0.0,0.0,0.0,24.0,468.81113,0.009097685,0.025946854,0.0,0.0,Dec,4,2,1,4,Returning_Visitor,False,False
0.0,0.0,0.0,0.0,24.0,602.50757,0.012289056,0.02979849,0.0,0.0,Aug,2,2,1,2,Returning_Visitor,False,False
0.0,0.0,0.0,0.0,44.203526,1509.7168,0.0044296565,0.02070134,0.0,0.0,Dec,1,2,1,1,Returning_Visitor,False,False
0.0,0.0,0.0,0.0,31.095568,998.90515,0.0,0.021747725,0.0,0.0,Nov,2,2,1,4,Returning_Visitor,False,False
2.0,30.332737,0.0,0.0,45.0,1353.2366,0.0,0.012431413,6.528573,0.0,Dec,2,2,6,2,Returning_Visitor,False,False
5.0,153.0361,0.0,0.0,27.0,570.3115,0.0,0.009432509,0.0,0.0,Dec,1,1,1,2,Returning_Visitor,False,False
2.0,90.72291,0.0,0.0,26.65695,600.56934,0.0,0.014663551,0.0,0.0,Dec,1,2,1,13,Returning_Visitor,False,False
0.0,0.0,0.0,0.0,24.0,1074.3514,0.0,0.02636898,0.0,0.0,Nov,2,4,9,2,Returning_Visitor,False,False
6.0,92.456665,0.0,0.0,71.566414,2088.1345,0.0016032889,0.013333333,10.174554,0.0,Nov,2,2,4,1,Returning_Visitor,False,True
3.0,37.398563,0.0,0.0,22.03371,663.09033,0.0,0.016856717,0.0,0.0,Aug,2,2,1,2,Returning_Visitor,False,False
0.0,0.0,0.0,0.0,33.0,986.242,0.0,0.023040015,0.0,0.0,Nov,2,2,4,13,Returning_Visitor,False,True
0.0,0.0,0.0,0.0,37.0,888.25836,0.0,0.023085421,0.0,0.0,Aug,2,2,1,2,Returning_Visitor,False,False
3.0,91.52513,0.0,0.0,25.0,518.094,0.0,0.011111111,0.0,0.0,Oct,1,2,1,2,Returning_Visitor,False,False
4.0,79.17306,0.0,0.0,47.0,2109.4666,0.0,0.019564798,0.0,0.0,Nov,2,2,7,2,Returning_Visitor,False,False
2.0,59.412277,1.0,0.0,48.72098,1877.3896,0.0,0.019205967,0.0,0.0,Nov,2,2,1,13,Returning_Visitor,False,False
0.0,0.0,0.0,0.0,10.0,259.74033,0.0,0.0387011,0.0,0.0,Nov,2,2,1,1,Returning_Visitor,False,False
1.0,12.711719,0.0,0.0,20.0,411.84766,0.0,0.031197386,0.0,0.0,Dec,2,2,1,1,Returning_Visitor,False,False
0.0,0.0,0.0,0.0,15.0,269.12686,0.0,0.02363965,0.0,0.0,Dec,2,2,8,2,Returning_Visitor,False,False
0.0,0.0,0.0,0.0,23.814003,380.50113,0.0,0.022396382,0.0,0.0,Jul,2,4,1,1,Returning_Visitor,False,False
0.0,0.0,0.0,0.0,22.0,501.24792,0.0,0.024820397,0.0,0.0,Nov,2,2,1,1,Returning_Visitor,False,False
3.0,71.80181,0.0,0.0,16.0,337.43695,0.0,0.029546404,0.0,0.0,Sep,2,4,3,1,Returning_Visitor,False,False
0.0,0.0,0.0,0.0,27.0,718.7597,0.0,0.025021655,0.0,0.0,Aug,2,4,1,1,Returning_Visitor,False,False
3.0,63.882427,0.0,0.0,36.0,624.5951,0.00695026,0.022222223,0.0,0.0,Jul,4,2,7,2,Returning_Visitor,False,False
0.0,0.0,0.0,0.0,17.0,387.17392,0.03333333,0.063464366,0.0,0.0,Dec,1,2,1,1,Returning_Visitor,False,False
0.0,0.0,0.0,0.0,25.0,995.19037,0.0,0.018967073,0.0,0.0,Dec,2,2,4,2,Returning_Visitor,False,False
0.0,0.0,0.0,0.0,24.324505,531.0816,0.0,0.025,0.0,0.0,Aug,2,2,1,1,Returning_Visitor,False,False
0.0,0.0,0.0,0.0,7.0,116.4621,0.0,0.03333333,0.0,0.0,Dec,2,2,9,8,Returning_Visitor,False,False
0.0,0.0,0.0,0.0,27.0,816.69116,0.020452334,0.05,0.0,0.0,Nov,2,2,1,1,Returning_Visitor,False,False
0.0,0.0,0.0,0.0,18.0,532.96704,0.023966879,0.055085767,0.0,0.0,Dec,2,2,1,1,Returning_Visitor,False,False
4.0,176.093,0.0,0.0,24.99962,673.0719,0.0,0.00961955,0.0,0.0,Nov,3,2,4,2,Returning_Visitor,False,False
0.0,0.0,0.0,0.0,27.0,493.04977,0.0,0.023000345,0.0,0.0,Nov,3,2,1,8,Returning_Visitor,False,False
0.0,0.0,0.0,0.0,29.0,785.4929,0.0063483296,0.031264286,0.0,0.0,Dec,4,4,2,2,Returning_Visitor,False,False
0.0,0.0,0.0,0.0,8.0,93.51102,0.03333333,0.07424752,0.0,0.0,Jul,2,2,1,1,Returning_Visitor,False,False
0.0,0.0,0.0,0.0,27.0,682.07,0.0,0.015528312,0.0,0.0,Nov,2,2,3,8,Returning_Visitor,True,False
0.0,0.0,0.0,0.0,14.0,281.85535,0.028571429,0.06186642,0.0,0.0,Dec,1,1,6,1,Returning_Visitor,False,False
0.0,0.0,0.0,0.0,31.0,492.43497,0.0060265213,0.025230639,0.0,0.0,Dec,2,2,4,3,Returning_Visitor,False,False
6.0,139.87045,0.0,0.0,44.0,1195.4181,0.0,0.015640061,0.0,0.0,Nov,2,2,3,1,Returning_Visitor,False,False
2.0,62.44976,0.0,0.0,64.773834,1974.911,0.0042284145,0.014999176,0.0,0.0,Dec,2,2,1,1,Returning_Visitor,False,False
1.0,14.465545,0.0,0.0,19.0,377.7391,0.0,0.026495287,0.0,0.0,Dec,1,2,3,1,Returning_Visitor,True,False
0.0,0.0,0.0,0.0,19.0,382.72983,0.0056039565,0.02971605,0.0,0.0,May,3,2,4,1,Returning_Visitor,False,False
2.0,39.09101,0.0,0.0,11.0,361.7022,0.0,0.02,0.0,0.0,Nov,2,2,4,13,Returning_Visitor,False,False
0.0,0.0,0.0,0.0,45.0,1001.0569,0.0032094894,0.021407438,0.0,0.0,Nov,2,1,6,8,Returning_Visitor,False,False
2.0,37.091812,0.0,0.0,34.0,798.06226,0.0,0.0073424424,21.760185,0.0,Dec,2,2,1,2,Returning_Visitor,False,False
4.0,75.381645,0.0,0.0,53.415558,1370.194,0.0053243274,0.020204134,0.0,0.0,Dec,2,2,1,2,Returning_Visitor,False,False
4.0,106.75671,0.0,0.0,26.0,625.0289,0.0,0.015534401,0.0,0.0,Nov,4,1,1,2,New_Visitor,False,False
2.0,46.534477,0.0,0.0,44.0,2017.4454,0.008593448,0.026279232,0.0,0.0,Dec,2,2,1,2,Returning_Visitor,False,False
1.0,0.0,0.0,0.0,29.770267,645.39124,0.011111111,0.0271941,0.0,0.0,Aug,1,1,4,1,Returning_Visitor,False,False
0.0,0.0,0.0,0.0,13.0,301.17215,0.0,0.019943554,0.0,0.0,Dec,2,2,1,13,Returning_Visitor,False,False
0.0,0.0,0.0,0.0,14.0,193.3969,0.0,0.028571429,0.0,0.0,Dec,2,2,3,3,Returning_Visitor,False,False
0.0,0.0,0.0,0.0,11.0,350.834,0.0,0.01727486,0.0,0.0,Aug,2,2,1,1,Returning_Visitor,False,False
0.0,0.0,0.0,0.0,27.0,611.34314,0.0,0.019170431,0.0,0.0,Nov,1,4,4,2,Returning_Visitor,False,False
0.0,0.0,0.0,0.0,19.0,819.766,0.0125,0.031304643,0.0,0.0,Aug,2,4,1,2,Returning_Visitor,False,False
0.0,0.0,0.0,0.0,15.0,615.7307,0.0,0.025,0.0,0.0,Mar,2,2,1,2,Returning_Visitor,False,False
2.0,37.80884,0.0,0.0,18.0,289.25723,0.0,0.030004552,0.0,0.0,Dec,2,2,4,2,Returning_Visitor,False,False
0.0,0.0,0.0,0.0,19.0,597.55383,0.0,0.01790321,0.0,0.0,Dec,7,2,1,2,Returning_Visitor,False,False
4.0,74.87614,0.0,0.0,60.00445,2132.5884,0.0,0.014599142,0.0,0.0,Dec,2,2,1,2,Returning_Visitor,False,False
0.0,0.0,0.0,0.0,25.0,652.8231,0.019046523,0.03749402,0.0,0.0,Jul,2,2,1,1,Returning_Visitor,False,False
0.0,0.0,0.0,0.0,46.05222,793.09924,0.0,0.021995803,0.0,0.0,Dec,2,2,1,1,Returning_Visitor,False,False
0.0,0.0,0.0,0.0,14.0,302.11386,0.0,0.026456172,0.0,0.0,Nov,3,2,4,2,Returning_Visitor,False,False
0.0,0.0,0.0,0.0,27.0,673.96893,0.0,0.013277326,0.0,0.0,Dec,2,5,1,2,Returning_Visitor,False,False
0.0,0.0,0.0,0.0,12.0,366.6941,0.0,0.036436144,0.0,0.0,May,2,2,1,1,Returning_Visitor,False,False
0.0,0.0,0.0,0.0,21.0,442.57617,0.0,0.023582047,0.0,0.0,Dec,2,2,1,10,Returning_Visitor,False,False
0.0,0.0,0.0,0.0,13.0,388.29153,0.0,0.03333333,0.0,0.0,Nov,1,1,4,2,Returning_Visitor,True,False
1.0,0.0,0.0,0.0,18.0,387.23077,0.0,0.011764706,0.0,0.0,Dec,2,2,1,2,Returning_Visitor,False,False
0.0,0.0,0.0,0.0,23.0,613.5385,0.0,0.030949896,0.0,0.0,Nov,2,2,1,2,Returning_Visitor,False,False
4.0,127.95485,0.0,0.0,39.0,1209.5726,0.009334566,0.019619811,0.0,0.0,Dec,1,1,1,3,Returning_Visitor,False,False
2.0,61.920242,0.0,0.0,28.757013,818.902,0.012241825,0.027638765,0.0,0.0,Aug,1,2,1,2,Returning_Visitor,False,False
2.0,58.453316,0.0,0.0,29.0,957.7148,0.0,0.015384615,0.0,0.0,Aug,1,1,1,2,Returning_Visitor,False,False
4.0,56.28171,0.0,0.0,42.783684,1339.2771,0.008655695,0.02381155,0.0,0.0,Dec,2,2,1,13,Returning_Visitor,False,False
2.0,75.144035,0.0,0.0,11.0,332.43427,0.0,0.016666668,0.0,0.0,Nov,3,2,1,2,Returning_Visitor,False,False
0.0,0.0,0.0,0.0,23.0,647.262,0.0062411865,0.030007359,0.0,0.0,Nov,2,2,1,10,Returning_Visitor,False,False
2.0,57.771053,0.0,0.0,33.0,1046.9326,0.0049769953,0.023504194,0.0,0.0,Aug,4,1,1,2,Returning_Visitor,False,False
0.0,0.0,0.0,0.0,9.0,252.2203,0.0,0.022861347,0.0,0.0,Dec,2,2,1,2,Returning_Visitor,False,False
0.0,0.0,0.0,0.0,23.0,728.6711,0.0,0.025,0.0,0.0,Dec,2,2,4,2,Returning_Visitor,False,False
0.0,0.0,0.0,0.0,14.0,282.27335,0.0,0.021454839,0.0,0.0,Dec,2,2,1,1,Returning_Visitor,False,False
0.0,0.0,0.0,0.0,20.0,436.3004,0.0,0.017110122,0.0,0.0,Dec,4,2,1,3,Returning_Visitor,False,False
0.0,0.0,0.0,0.0,27.0,671.06,0.0,0.013277896,0.0,0.0,Aug,2,2,1,3,Returning_Visitor,False,False
4.0,102.45968,0.0,0.0,41.0,868.0042,0.0,0.014523505,0.0,0.0,Dec,4,2,9,1,Returning_Visitor,False,False
0.0,0.0,0.0,0.0,15.0,264.05173,0.0,0.03333333,0.0,0.0,Nov,2,2,1,1,Returning_Visitor,False,False
5.0,92.08949,0.0,0.0,53.0,1845.59,0.0,0.02,8.89878,0.0,Dec,4,2,6,2,Returning_Visitor,False,False
0.0,0.0,0.0,0.0,20.0,686.38885,0.0,0.025790058,0.0,0.0,Dec,2,2,1,1,Returning_Visitor,False,False
0.0,0.0,0.0,0.0,22.0,923.71063,0.0,0.01806275,0.0,0.0,Dec,2,2,4,2,Returning_Visitor,True,False
0.0,0.0,0.0,0.0,15.254877,264.74127,0.0,0.03945777,0.0,0.0,Dec,4,2,1,1,Returning_Visitor,False,False
0.0,0.0,0.0,0.0,22.0,532.8939,0.0,0.017244853,0.0,0.0,Dec,2,2,1,2,Returning_Visitor,False,False
0.0,0.0,0.0,0.0,22.211426,536.4904,0.0,0.025315644,0.0,0.0,Nov,1,1,1,2,Returning_Visitor,False,False
0.0,0.0,0.0,0.0,7.0,181.38724,0.05,0.07282294,0.0,0.0,Dec,3,2,6,3,Returning_Visitor,False,False
0.0,0.0,0.0,0.0,22.0,829.09174,0.0,0.023760196,0.0,0.0,May,4,1,9,3,Returning_Visitor,False,False
0.0,0.0,0.0,0.0,20.0,399.68478,0.0,0.03651121,0.0,0.0,Dec,2,2,4,1,Returning_Visitor,False,False
0.0,0.0,0.0,0.0,25.0,990.2468,0.01985918,0.040851,0.0,0.0,May,1,2,1,4,Returning_Visitor,False,False
0.0,0.0,0.0,0.0,22.0,654.84705,0.0,0.029863516,0.0,0.0,Dec,2,4,9,2,Returning_Visitor,False,False
0.0,0.0,0.0,0.0,23.0,547.913,0.0,0.022222223,0.0,0.0,Nov,1,1,1,2,Returning_Visitor,False,False
3.0,45.833065,0.0,0.0,22.0,584.1529,0.0,0.020681968,0.0,0.0,Dec,2,2,7,13,Returning_Visitor,False,False
1.0,8.404701,0.0,0.0,13.0,598.38196,0.016732654,0.03696304,0.0,0.0,Jul,4,2,1,13,Returning_Visitor,False,False
4.0,128.288,0.0,0.0,28.0,786.6431,0.011753866,0.026326487,0.0,0.0,Dec,1,1,1,2,Returning_Visitor,False,False
0.0,0.0,0.0,0.0,8.0,339.76547,0.0,0.032121092,0.0,0.0,Dec,2,2,1,8,Returning_Visitor,False,False
2.0,32.222694,0.0,0.0,27.0,591.76807,0.0,0.02,0.0,0.0,Nov,1,1,1,3,Returning_Visitor,False,False
4.0,112.21077,0.0,0.0,62.386036,2628.6006,0.0053650695,0.02056259,0.0,0.0,Dec,2,2,7,13,Returning_Visitor,False,False
0.0,0.0,0.0,0.0,34.66155,921.6285,0.0,0.015349347,0.0,0.0,Nov,2,2,7,1,Returning_Visitor,False,False
3.0,52.11005,0.0,0.0,23.0,621.30133,0.0,0.014559038,0.0,0.0,Dec,2,2,1,13,Returning_Visitor,False,False
0.0,0.0,0.0,0.0,29.0,946.16907,0.0153740235,0.03833192,0.0,0.0,Dec,2,2,9,3,Returning_Visitor,False,False
0.0,0.0,0.0,0.0,19.0,476.13647,0.0,0.03360352,0.0,0.0,Nov,2,2,3,1,Returning_Visitor,False,False
1.0,9.792709,0.0,0.0,23.0,556.6207,0.013509924,0.02787267,0.0,0.0,Aug,7,2,1,1,Returning_Visitor,False,False
0.0,0.0,0.0,0.0,23.0,790.0959,0.0,0.036292247,0.0,0.0,May,2,2,7,3,Returning_Visitor,False,False
0.0,0.0,0.0,0.0,3.0,0.0,0.2,0.2,0.0,0.0,Dec,2,2,9,1,Returning_Visitor,False,False
3.0,122.26463,0.0,0.0,37.0,1362.6864,0.009090909,0.026043566,0.0,0.0,Nov,1,4,1,8,Returning_Visitor,False,False
3.0,83.30166,0.0,0.0,46.0,1771.0806,0.004279978,0.020739747,9.049757,0.0,Aug,2,2,1,2,Returning_Visitor,False,False
0.0,0.0,0.0,0.0,25.0,650.603,0.0,0.022798788,0.0,0.0,Nov,1,1,1,8,Returning_Visitor,False,False
0.0,0.0,0.0,0.0,12.0,294.99524,0.0,0.03333333,0.0,0.0,Nov,4,1,1,3,Returning_Visitor,False,False
2.0,47.48327,0.0,0.0,32.0,1676.417,0.006357485,0.02608065,0.0,0.0,Dec,2,2,2,2,Returning_Visitor,False,False
0.0,0.0,0.0,0.0,30.0,722.17865,0.0,0.017362075,0.0,0.0,Aug,2,2,1,2,Returning_Visitor,False,False
5.0,100.440704,2.0,0.0,42.0,1087.6195,0.0047026975,0.017731769,0.0,0.0,Nov,2,2,1,2,Returning_Visitor,False,False
2.0,40.04748,0.0,0.0,31.0,1127.4752,0.0,0.021165842,0.0,0.0,Nov,2,2,4,2,Returning_Visitor,False,False
0.0,0.0,0.0,0.0,24.0,311.55145,0.0,0.015758779,0.0,0.0,Dec,2,2,1,2,Returning_Visitor,False,False
2.0,45.27819,0.0,0.0,24.0,859.2834,0.0,0.010237393,0.0,0.0,Dec,2,2,1,8,Returning_Visitor,False,False
1.0,0.046858456,0.0,0.0,27.0,592.1265,0.0,0.015095797,0.0,0.0,Nov,1,1,1,9,Returning_Visitor,False,False
0.0,0.0,0.0,0.0,31.0,631.1557,0.0,0.01626559,0.0,0.0,Nov,1,1,1,9,Returning_Visitor,False,False
0.0,0.0,0.0,0.0,19.0,603.35077,0.0,0.03126694,0.0,0.0,Nov,2,2,3,13,Returning_Visitor,False,False
0.0,0.0,0.0,0.0,28.0,659.5165,0.0,0.025,0.0,0.0,Dec,1,1,1,1,Returning_Visitor,False,False
5.0,199.97906,0.0,0.0,42.0,868.25256,0.0,0.01148097,0.0,0.0,Nov,2,2,4,2,Returning_Visitor,False,False
0.0,0.0,0.0,0.0,20.0,605.5321,0.0,0.03258888,0.0,0.0,Nov,1,2,1,1,Returning_Visitor,False,False
3.0,107.58066,0.0,0.0,24.0,454.00134,0.0,0.0133416485,0.0,0.0,Aug,1,1,1,1,New_Visitor,False,False
0.0,0.0,0.0,0.0,14.0,621.36365,0.0,0.019730207,0.0,0.0,Aug,1,1,6,9,Returning_Visitor,False,False
4.0,42.75265,0.0,0.0,36.0,983.898,0.0,0.01719877,0.0,0.0,Dec,2,2,1,2,Returning_Visitor,False,False
1.0,11.769189,0.0,0.0,16.0,331.5455,0.0,0.019025754,0.0,0.0,Aug,2,2,3,13,New_Visitor,False,False
0.0,0.0,0.0,0.0,22.97988,663.7364,0.009541967,0.0285666,0.0,0.0,Nov,2,2,7,2,Returning_Visitor,False,False
0.0,0.0,0.0,0.0,18.0,284.18143,0.028571429,0.04712777,0.0,0.0,Aug,1,1,6,1,Returning_Visitor,True,False
4.0,90.09676,0.0,0.0,41.0,1463.6277,0.0061945934,0.022957629,0.0,0.0,Nov,2,2,1,1,Returning_Visitor,False,False
0.0,0.0,0.0,0.0,21.205221,377.2303,0.0,0.025,0.0,0.0,Nov,2,4,1,3,Returning_Visitor,False,False
0.0,0.0,0.0,0.0,21.0,350.86697,0.0,0.027264759,0.0,0.0,Aug,1,1,1,3,Returning_Visitor,False,False
0.0,0.0,0.0,0.0,19.0,536.4841,0.0,0.029473241,0.0,0.0,Nov,2,2,1,1,Returning_Visitor,False,False
0.0,0.0,0.0,0.0,47.565647,1062.1406,0.010845708,0.036428317,0.0,0.0,Dec,2,5,4,3,Returning_Visitor,False,False
0.0,0.0,0.0,0.0,15.0,406.29013,0.018155925,0.03232478,0.0,0.0,Dec,1,2,1,2,Returning_Visitor,False,False
3.0,46.815697,0.0,0.0,35.0,1335.6912,0.0,0.015663698,0.0,0.0,Nov,2,2,3,2,Returning_Visitor,False,False
0.0,0.0,0.0,0.0,18.0,686.5755,0.0,0.025783125,0.0,0.0,Nov,2,2,1,1,Returning_Visitor,False,False
0.0,0.0,0.0,0.0,18.0,254.71085,0.0,0.040487748,0.0,0.0,Dec,4,2,1,1,Returning_Visitor,False,False
3.0,76.76986,0.0,0.0,44.0,1470.249,0.013117335,0.026748637,0.0,0.0,Nov,3,2,4,2,Returning_Visitor,False,False
5.0,192.67569,3.0,162.10982,45.578278,1921.6963,0.0066539445,0.025,11.045175,0.0,Aug,2,4,9,2,Returning_Visitor,False,False
0.0,0.0,0.0,0.0,28.0,645.41,0.0,0.017675495,0.0,0.0,Dec,2,2,4,2,Returning_Visitor,False,False
0.0,0.0,0.0,0.0,11.0,221.94844,0.0,0.0446521,0.0,0.0,Nov,2,2,9,2,Returning_Visitor,False,False
0.0,0.0,0.0,0.0,17.0,313.71014,0.015384615,0.032843657,0.0,0.0,Aug,1,1,7,13,Returning_Visitor,False,False
0.0,0.0,0.0,0.0,21.0,577.17145,0.018181818,0.04158713,0.0,0.0,Nov,3,2,1,1,Returning_Visitor,False,False
4.0,134.05258,0.0,0.0,38.599453,1271.1289,0.0,0.013641074,0.0,0.0,Aug,4,2,1,1,Returning_Visitor,False,False
0.0,0.0,0.0,0.0,38.745396,862.04315,0.01177609,0.028571429,0.0,0.0,Nov,2,2,1,1,Returning_Visitor,False,False
0.84715825,0.0,0.0,0.0,22.0,782.5393,0.0,0.015492312,0.0,0.0,Dec,2,2,6,9,Returning_Visitor,False,False
0.0,0.0,0.0,0.0,17.022373,573.9246,0.0,0.027071532,0.0,0.0,Aug,2,2,1,3,Returning_Visitor,False,False
4.8661532,238.67426,0.0,0.0,37.0,1182.8071,0.008379038,0.019649265,0.0,0.0,Nov,1,1,1,2,Returning_Visitor,False,False
2.0,86.818596,0.0,0.0,24.0,659.0215,0.0,0.01273057,0.0,0.0,Dec,4,2,9,2,Returning_Visitor,False,False
2.0,44.00198,0.0,0.0,24.0,549.88776,0.018753316,0.03333333,0.0,0.0,Aug,3,2,4,10,Returning_Visitor,False,False
1.0,18.09196,0.0,0.0,32.0,885.59094,0.0,0.023783436,0.0,0.0,Dec,2,2,1,2,Returning_Visitor,False,False
0.0,0.0,0.0,0.0,28.0,494.5772,0.0,0.028571429,0.0,0.0,Nov,4,2,1,2,Returning_Visitor,False,False
0.0,0.0,0.0,0.0,18.0,648.5878,0.019861046,0.036458857,0.0,0.0,Nov,1,2,1,13,Returning_Visitor,False,False
3.0,40.86399,0.0,0.0,48.0,937.32874,0.0,0.011574046,0.0,0.0,Nov,2,1,1,2,Returning_Visitor,False,True
0.0,0.0,0.0,0.0,6.910632,132.26408,0.03642055,0.06875689,0.0,0.0,Nov,2,2,6,3,Returning_Visitor,False,False
0.0,0.0,0.0,0.0,18.0,323.13333,0.02209643,0.04573211,0.0,0.0,Dec,2,2,1,1,Returning_Visitor,False,False
0.0,0.0,0.0,0.0,26.0,520.4756,0.0,0.028571429,0.0,0.0,Feb,2,2,1,1,Returning_Visitor,False,False
0.0,0.0,0.0,0.0,17.0,472.03918,0.0,0.02951684,0.0,0.0,Dec,1,2,1,2,Returning_Visitor,False,False
0.0,0.0,0.0,0.0,20.0,434.05502,0.0,0.017306931,0.0,0.0,Nov,1,1,1,2,Returning_Visitor,False,False
0.0,0.0,0.0,0.0,29.0,533.62286,0.0,0.028915323,0.0,0.0,Jul,2,2,1,1,Returning_Visitor,False,False
0.0,0.0,0.0,0.0,17.0,232.32707,0.031500414,0.052582722,0.0,0.0,Dec,1,1,8,3,Returning_Visitor,False,False
3.0,214.69278,0.0,0.0,22.0,674.85864,0.010701355,0.034936562,0.0,0.0,Dec,2,2,7,2,Returning_Visitor,False,False
4.0,50.710423,0.0,0.0,25.0,535.6236,0.0,0.015849672,0.0,0.0,Nov,2,2,1,2,Returning_Visitor,False,False
0.0,0.0,0.0,0.0,45.0,908.19147,0.005653423,0.021429429,0.0,0.0,Dec,2,4,1,1,Returning_Visitor,False,False
0.0,0.0,0.0,0.0,44.83113,811.896,0.0058810655,0.022865117,45.887802,0.0,Dec,2,2,1,1,Returning_Visitor,False,False
3.0,74.25893,0.0,0.0,24.0,592.8608,0.0,0.017804408,0.0,0.0,Dec,1,2,1,3,Returning_Visitor,False,False
0.0,0.0,0.0,0.0,10.0,222.68384,0.03333333,0.05,0.0,0.0,Aug,3,2,1,3,Returning_Visitor,False,False
0.0,0.0,0.0,0.0,14.0,331.51843,0.0,0.028006684,0.0,0.0,Nov,2,2,4,2,Returning_Visitor,False,False
0.0,0.0,0.0,0.0,27.0,571.4941,0.00451585,0.014285675,0.0,0.0,Aug,1,2,1,3,Returning_Visitor,False,True
0.0,0.0,0.0,0.0,22.0,632.5771,0.0,0.014754736,0.0,0.0,Dec,3,2,1,2,Returning_Visitor,False,False
0.0,0.0,0.0,0.0,13.0,223.07512,0.019969208,0.05,0.0,0.0,Dec,4,2,1,3,Returning_Visitor,False,False
3.0,82.435196,0.0,0.0,44.917202,1195.9396,0.0011267172,0.009435308,16.544344,0.0,Nov,2,2,1,2,Returning_Visitor,True,False
0.0,0.0,0.0,0.0,22.0,510.8435,0.0,0.025,0.0,0.0,Dec,2,2,9,1,Returning_Visitor,False,False
0.0,0.0,0.0,0.0,20.0,550.18854,0.0,0.022057664,0.0,0.0,Nov,1,2,9,20,Returning_Visitor,False,False
0.0,0.0,0.0,0.0,5.0,103.26622,0.0,0.05270078,0.0,0.0,Nov,2,2,1,1,Returning_Visitor,False,False
0.0,0.0,0.0,0.0,22.0,451.99927,0.010180095,0.028571429,0.0,0.0,Dec,2,2,6,1,Returning_Visitor,False,False
0.0,0.0,0.0,0.0,18.0,702.5175,0.0,0.025013112,0.0,0.0,Dec,2,2,1,2,Returning_Visitor,False,False
0.0,0.0,0.0,0.0,21.147738,844.3611,0.0,0.031580668,0.0,0.0,Mar,2,2,1,1,Returning_Visitor,False,False
3.0,107.26889,0.0,0.0,55.789665,2287.4468,0.011111111,0.028662777,9.2449875,0.0,Nov,2,7,4,2,Returning_Visitor,False,False
0.0,0.0,0.0,0.0,20.0,346.5028,0.0,0.026046263,0.0,0.0,Aug,4,4,1,3,Returning_Visitor,False,False
2.0,25.814098,0.0,0.0,30.0,869.35767,0.0,0.018227972,0.0,0.0,Dec,4,2,1,2,Returning_Visitor,False,False
0.0,0.0,0.0,0.0,26.0,750.2261,0.0,0.029967152,0.0,0.0,Dec,2,2,1,1,Returning_Visitor,True,False
0.0,0.0,0.0,0.0,21.0,686.68146,0.0,0.029524712,0.0,0.0,Dec,2,4,1,2,Returning_Visitor,False,False
4.0,65.248665,0.0,0.0,30.0,720.43134,0.0,0.01958076,0.0,0.0,Dec,2,2,1,1,Returning_Visitor,False,False
0.0,0.0,0.0,0.0,23.0,669.3685,0.0,0.024574267,0.0,0.0,Dec,2,2,6,19,Returning_Visitor,False,False
3.0,59.869408,0.0,0.0,29.0,627.03235,0.0055745346,0.016161954,0.0,0.0,Dec,4,2,7,2,Returning_Visitor,False,False
0.0,0.0,0.0,0.0,24.0,592.893,0.0,0.028571429,0.0,0.0,May,2,2,1,1,Returning_Visitor,False,False
0.0,0.0,0.0,0.0,12.0,278.17737,0.030826852,0.04869193,0.0,0.0,Nov,1,1,6,2,Returning_Visitor,False,False
3.0,74.17144,0.0,0.0,48.0,1821.4097,0.004522834,0.016666668,0.0,0.0,Dec,2,2,2,1,Returning_Visitor,True,False
0.0,0.0,0.0,0.0,13.0,365.41028,0.0,0.03274277,0.0,0.0,Dec,2,4,1,1,Returning_Visitor,False,False
0.0,0.0,0.0,0.0,11.513989,300.9295,0.0088621,0.062563255,0.0,0.0,Aug,2,2,4,13,Returning_Visitor,False,False
3.0,62.91727,0.0,0.0,30.35949,1271.8392,0.0,0.010412858,0.0,0.0,Dec,2,2,9,2,Returning_Visitor,False,False
3.0,80.203835,0.0,0.0,27.222534,1187.0383,0.0,0.008333333,32.83135,0.0,May,2,2,1,4,Returning_Visitor,False,True
0.0,0.0,0.0,0.0,16.0,651.6331,0.04,0.0613403,0.0,0.0,Aug,1,1,1,3,Returning_Visitor,False,False
3.0,43.391823,0.0,0.0,33.0,929.0579,0.006666667,0.022667333,0.0,0.0,Nov,2,2,1,1,Returning_Visitor,False,False
1.0,13.586194,0.0,0.0,32.0,894.1119,0.015892135,0.045300297,0.0,0.0,Jul,2,2,4,2,Returning_Visitor,False,False
0.0,0.0,0.0,0.0,11.0,165.48355,0.0,0.02725383,0.0,0.0,Dec,2,2,1,1,Returning_Visitor,False,False
3.0,64.267624,0.0,0.0,36.0,948.07074,0.0,0.021436544,0.0,0.0,Dec,2,2,1,1,Returning_Visitor,False,True
4.0,57.53616,0.0,0.0,21.0,614.4857,0.0,0.012931543,0.0,0.0,Nov,2,4,1,1,Returning_Visitor,True,False
3.0,75.30208,0.0,0.0,41.0,1559.0394,0.0,0.01992665,0.0,0.0,Dec,2,2,1,3,Returning_Visitor,False,False
0.0,0.0,0.0,0.0,25.573837,706.0424,0.0,0.019659365,0.0,0.0,Nov,2,2,7,1,Returning_Visitor,False,False
0.0,0.0,0.0,0.0,40.736618,1011.893,0.0025732233,0.020121241,0.0,0.0,Dec,2,2,7,13,Returning_Visitor,False,False
0.0,0.0,0.0,0.0,13.0,277.7766,0.0,0.031421524,0.0,0.0,Dec,2,2,1,13,Returning_Visitor,False,False
0.0,0.0,0.0,0.0,19.0,433.2051,0.0,0.02349352,0.0,0.0,Aug,2,2,1,8,Returning_Visitor,False,False
4.0,77.21143,0.0,0.0,45.721687,1442.7732,0.0031607512,0.017716724,0.0,0.0,Nov,2,2,1,2,Returning_Visitor,False,False
0.0,0.0,0.0,0.0,19.0,425.8945,0.0017307063,0.04,0.0,0.0,Dec,2,2,6,2,Returning_Visitor,False,False
0.0,0.0,0.0,0.0,21.0,529.8731,0.028571429,0.05,0.0,0.0,Aug,1,2,1,1,Returning_Visitor,False,False
0.0,0.0,0.0,0.0,23.180368,666.51056,0.018301932,0.039728083,0.0,0.0,Dec,2,8,3,4,Returning_Visitor,False,False
0.0,0.0,0.0,0.0,22.0,605.63214,0.0,0.031103458,0.0,0.0,Aug,4,2,1,3,Returning_Visitor,False,False
1.0,0.0,0.0,0.0,26.0,455.2788,0.010198065,0.027855452,0.0,0.0,Dec,1,1,1,3,Returning_Visitor,False,False
0.0,0.0,0.0,0.0,20.0,386.14197,0.022222223,0.047515627,0.0,0.0,Nov,3,2,1,3,Returning_Visitor,False,False
0.0,0.0,0.0,0.0,45.0,1238.6412,0.0055378834,0.023790391,0.0,0.0,Dec,2,2,7,1,Returning_Visitor,False,False
4.0,101.883385,0.0,0.0,24.0,619.1166,0.0,0.024276787,0.0,0.0,Dec,2,2,1,2,Returning_Visitor,False,False
2.0,46.50292,0.0,0.0,22.0,643.6602,0.0,0.015878355,0.0,0.0,Nov,2,2,1,2,New_Visitor,False,False
0.0,0.0,0.0,0.0,19.0,753.24976,0.010191999,0.025,0.0,0.0,Nov,1,4,1,8,Returning_Visitor,False,False
1.0,21.722553,0.0,0.0,48.0,1365.8978,0.008401765,0.03333333,0.0,0.0,Dec,2,6,2,1,Returning_Visitor,False,False
0.0,0.0,0.0,0.0,15.0,257.34906,0.028571429,0.05916399,0.0,0.0,Dec,2,2,7,1,Returning_Visitor,False,False
0.0,0.0,0.0,0.0,25.0,724.6271,0.0,0.020928927,0.0,0.0,Nov,2,4,1,15,Returning_Visitor,False,False
3.0,116.34104,0.0,0.0,30.620913,882.195,0.0,0.0096814055,0.0,0.0,Nov,2,2,9,2,Returning_Visitor,False,False
0.0,0.0,0.0,0.0,25.0,626.025,0.0,0.024497429,0.0,0.0,Dec,4,2,9,2,Returning_Visitor,False,False
1.0,0.0,0.0,0.0,34.0,593.0325,0.0032410987,0.022171177,0.0,0.0,Dec,1,2,7,3,Returning_Visitor,False,False
0.0,0.0,0.0,0.0,7.0,113.10353,0.0,0.05,0.0,0.0,Dec,2,2,4,8,Returning_Visitor,False,False
3.0,48.30566,0.0,0.0,27.0,473.95032,0.0,0.015402492,0.0,0.0,Dec,2,2,1,3,Returning_Visitor,False,False
0.0,0.0,0.0,0.0,27.0,489.63492,0.007692308,0.026737232,0.0,0.0,Dec,2,2,1,2,Returning_Visitor,False,False
0.0,0.0,0.0,0.0,25.0,817.8401,0.010006552,0.023161087,10.93137,0.0,Aug,4,2,6,2,Returning_Visitor,False,False
0.0,0.0,0.0,0.0,12.0,341.17505,0.0014189446,0.044444446,0.0,0.0,Nov,2,2,4,1,Returning_Visitor,False,False
0.0,0.0,0.0,0.0,13.0,323.48007,0.0,0.028571429,0.0,0.0,Nov,2,2,7,3,Returning_Visitor,False,False
0.0,0.0,0.0,0.0,19.0,603.5537,0.0,0.032736983,0.0,0.0,Nov,2,4,1,3,Returning_Visitor,False,False
3.0,56.23876,0.0,0.0,19.0,545.7939,0.0,0.028382603,0.0,0.0,Jul,3,2,1,3,Returning_Visitor,False,False
0.0,0.0,0.0,0.0,18.0,451.8628,0.0,0.02845105,0.0,0.0,Nov,2,2,1,20,Returning_Visitor,False,False
4.0,72.691956,0.0,0.0,42.0,1592.4927,0.011984699,0.028571429,0.0,0.0,Nov,3,2,1,2,Returning_Visitor,False,True
3.0,69.31437,0.0,0.0,43.1297,1312.0814,0.008997166,0.025,0.0,0.0,Dec,4,2,4,2,Returning_Visitor,False,False
0.0,0.0,0.0,0.0,18.0,351.16602,0.0,0.019694366,0.0,0.0,Dec,3,2,1,3,Returning_Visitor,False,False
1.0,0.0,0.0,0.0,22.696812,687.1457,0.0,0.03240207,0.0,0.0,Dec,2,2,9,2,Returning_Visitor,False,False
0.0,0.0,0.0,0.0,19.460445,626.091,0.0,0.021409875,0.0,0.0,Dec,2,2,9,3,Returning_Visitor,False,False
3.0,34.291416,0.0,0.0,19.0,631.12915,0.0,0.016666668,0.0,0.0,Nov,2,2,1,1,Returning_Visitor,False,False
0.0,0.0,0.0,0.0,23.0,479.432,0.0010535303,0.02225731,0.0,0.0,Dec,2,2,9,2,Returning_Visitor,False,False
4.0,66.46746,0.0,0.0,26.0,632.6861,0.0,0.015954828,10.400462,0.0,Nov,4,2,9,2,Returning_Visitor,False,False
0.0,0.0,0.0,0.0,31.0,834.7811,0.0,0.022222223,0.0,0.0,Nov,1,2,1,2,Returning_Visitor,False,False
2.0,24.825161,0.0,0.0,25.0,749.7451,0.0,0.010374587,0.0,0.0,May,2,2,1,1,Returning_Visitor,False,False
2.0,49.192783,0.0,0.0,20.0,639.57684,0.0,0.013835646,0.0,0.0,Dec,2,2,6,9,New_Visitor,False,False
0.0,0.0,0.0,0.0,21.105892,364.73965,0.0045149955,0.027640268,0.0,0.0,Nov,2,2,2,13,Returning_Visitor,False,False
0.0,0.0,0.0,0.0,28.056944,805.02155,0.0,0.0125,0.0,0.0,Nov,2,2,1,2,New_Visitor,True,True
4.0,52.73187,0.0,0.0,33.0,613.0319,0.0,0.014268766,0.0,0.0,Nov,2,2,1,2,Returning_Visitor,False,False
0.0,0.0,0.0,0.0,37.0,749.78156,0.0,0.013409961,0.0,0.0,Dec,2,2,2,2,Returning_Visitor,False,False
0.0,0.0,0.0,0.0,24.0,787.7432,0.0,0.030719997,0.0,0.0,Dec,2,2,1,1,Returning_Visitor,False,False
0.0,0.0,0.0,0.0,22.0,676.6651,0.015470565,0.04462176,0.0,0.0,Dec,2,2,1,9,Returning_Visitor,False,False
3.0,49.98725,0.0,0.0,37.0,1412.0043,0.0,0.014387018,0.0,0.0,Dec,2,2,1,2,Returning_Visitor,False,False
1.0,9.193415,0.0,0.0,17.0,549.89154,0.0,0.028560827,0.0,0.0,Nov,2,4,1,1,Returning_Visitor,False,False
0.0,0.0,0.0,0.0,25.0,690.05756,0.0,0.016527541,0.0,0.0,Aug,2,2,1,3,Returning_Visitor,False,False
2.0,51.231525,0.0,0.0,35.0,749.4424,0.008702179,0.020435892,0.0,0.0,Dec,1,1,1,1,Returning_Visitor,False,False
4.0,62.132053,0.0,0.0,36.027542,1057.1542,0.0,0.018215647,0.0,0.0,Dec,2,2,9,9,Returning_Visitor,False,False
0.0,0.0,0.0,0.0,20.0,505.49585,0.0,0.02,0.0,0.0,Dec,1,2,1,2,Returning_Visitor,False,False
3.0,41.77713,0.0,0.0,40.344746,905.1198,0.0,0.016658671,0.0,0.0,Dec,2,2,1,2,Returning_Visitor,False,False
4.0,97.41028,0.0,0.0,32.0,612.3644,0.0,0.015384615,0.0,0.0,Dec,2,2,7,2,Returning_Visitor,False,False
2.0,54.739372,0.0,0.0,22.0,600.7579,0.0,0.016666668,0.0,0.0,Dec,3,2,1,1,Returning_Visitor,False,False
3.0,64.63744,0.0,0.0,45.253643,1744.0199,0.0017579889,0.013224115,19.576447,0.0,Nov,2,2,1,2,Returning_Visitor,False,True
2.0,41.863846,0.0,0.0,33.0,1747.9354,0.0,0.0091596125,1.7068939,0.0,Nov,2,2,4,2,Returning_Visitor,False,True
4.0,109.75146,0.0,0.0,28.0,918.285,0.012737488,0.025542589,0.0,0.0,Dec,3,2,3,2,Returning_Visitor,False,False
0.0,0.0,0.0,0.0,21.0,643.6357,0.01765875,0.040085495,0.0,0.0,Aug,2,2,7,13,Returning_Visitor,False,False
0.0,0.0,0.0,0.0,17.0,455.968,0.0,0.022498304,0.0,0.0,Mar,2,2,6,2,Returning_Visitor,False,False
0.0,0.0,0.0,0.0,19.097895,387.89957,0.0,0.03715441,0.0,0.0,Dec,2,4,1,8,Returning_Visitor,False,False
1.0,10.263426,0.0,0.0,29.51042,717.721,0.0,0.0075147464,0.0,0.0,Nov,3,2,1,2,Returning_Visitor,False,True
4.0,112.66587,0.0,0.0,15.0,302.86652,0.0,0.0125,0.0,0.0,Nov,1,1,6,9,Returning_Visitor,False,False
3.0,52.165142,0.0,0.0,25.0,870.4139,0.008743527,0.028969014,0.0,0.0,Dec,2,5,3,1,Returning_Visitor,False,False
3.0,62.658554,0.0,0.0,42.953537,1097.8823,0.010357909,0.0249781,0.0,0.0,Dec,2,2,1,1,Returning_Visitor,False,False
0.0,0.0,0.0,0.0,8.998401,345.6266,0.0,0.038090337,0.0,0.0,Dec,1,1,4,13,Returning_Visitor,False,False
4.8581405,110.59945,0.0,0.0,60.0,2399.5374,0.0060864636,0.025012076,7.7620845,0.0,Dec,2,2,3,1,Returning_Visitor,False,True
0.0,0.0,0.0,0.0,23.12576,489.65076,0.0004857142,0.028063536,0.0,0.0,Dec,2,2,1,1,Returning_Visitor,False,False
2.0,29.40313,0.0,0.0,31.953522,553.1019,0.0,0.018153666,0.0,0.0,Aug,4,2,7,2,Returning_Visitor,False,False
0.0,0.0,0.0,0.0,13.0,398.70947,0.0,0.03259102,0.0,0.0,Dec,2,2,3,1,Returning_Visitor,False,False
2.0,27.526512,0.0,0.0,12.0,195.5549,0.0,0.03556675,0.0,0.0,Aug,3,2,1,9,Returning_Visitor,False,False
0.0,0.0,0.0,0.0,13.0,616.9974,0.03333333,0.06666667,0.0,0.0,Nov,2,2,1,1,Returning_Visitor,False,False
0.0,0.0,0.0,0.0,28.0,1221.9525,0.0,0.021253858,0.0,0.0,Mar,2,2,2,1,Returning_Visitor,False,False
0.0,0.0,0.0,0.0,7.0,156.88934,0.05329675,0.084590316,0.0,0.0,Dec,3,2,4,3,Returning_Visitor,False,False
0.0,0.0,0.0,0.0,34.0,624.36945,0.0,0.02348741,0.0,0.0,May,2,2,1,3,Returning_Visitor,False,False
0.0,0.0,0.0,0.0,22.0,702.9025,0.0,0.025666136,0.0,0.0,Nov,2,2,1,2,Returning_Visitor,False,False
0.0,0.0,0.0,0.0,31.093372,830.7442,0.0,0.030087495,0.0,0.0,Dec,2,2,1,1,Returning_Visitor,False,False
5.0,85.74302,0.0,0.0,40.0743,1413.5933,0.0,0.011437151,0.0,0.0,Nov,2,2,1,2,Returning_Visitor,False,False
5.0,90.840546,0.0,0.0,44.0,1605.1947,0.0,0.015789177,7.2158403,0.0,Nov,2,2,4,1,Returning_Visitor,False,False
4.0,60.612106,0.0,0.0,32.0,726.49164,0.0,0.013333333,0.0,0.0,Aug,2,2,4,2,Returning_Visitor,False,False
0.0,0.0,0.0,0.0,17.0,356.53796,0.0,0.022907684,0.0,0.0,Aug,3,2,1,2,Returning_Visitor,False,False
0.0,0.0,0.0,0.0,19.863228,569.5688,0.0,0.021291489,0.0,0.0,May,2,2,4,10,Returning_Visitor,False,False
0.0,0.0,0.0,0.0,43.831177,776.9942,0.0,0.016666668,0.0,0.0,Dec,2,2,1,4,Returning_Visitor,False,False
3.0,63.15099,0.0,0.0,16.0,402.71283,0.0,0.018574608,0.0,0.0,Nov,2,2,1,2,Returning_Visitor,False,False
0.0,0.0,0.0,0.0,42.087837,917.15405,0.007901623,0.03197705,0.0,0.0,Aug,2,2,1,1,Returning_Visitor,False,False
4.0,81.82279,0.0,0.0,50.0,1761.6505,0.0034230908,0.015384615,0.0,0.0,Dec,2,2,1,2,Returning_Visitor,False,True
0.0,0.0,0.0,0.0,37.608135,859.4323,0.0042592613,0.026749728,0.0,0.0,Dec,1,2,4,1,Returning_Visitor,False,False
0.0,0.0,0.0,0.0,11.0,179.14725,0.0,0.039978404,0.0,0.0,Dec,1,2,3,13,Returning_Visitor,False,False
4.0,94.59407,0.0,0.0,39.0,847.1738,0.009995007,0.016666668,0.0,0.0,Dec,1,4,1,13,Returning_Visitor,False,False
3.0,62.263184,0.0,0.0,15.0,471.75677,0.016666668,0.03655383,0.0,0.0,Dec,4,2,9,13,Returning_Visitor,False,False
0.0,0.0,0.0,0.0,17.0,590.7985,0.022304513,0.05,0.0,0.0,Dec,4,1,1,3,Returning_Visitor,False,False
0.0,0.0,0.0,0.0,23.460659,585.0579,0.01099909,0.026241384,0.0,0.0,Dec,4,4,1,13,Returning_Visitor,False,False
0.0,0.0,0.0,0.0,10.0,257.5062,0.0,0.028022174,0.0,0.0,Aug,2,2,1,2,Returning_Visitor,False,True
3.3194418,88.069786,0.0,0.0,16.654669,390.3259,0.0,0.011111111,0.0,0.0,Nov,4,2,9,2,Returning_Visitor,False,False
0.0,0.0,0.0,0.0,25.682749,692.6327,0.0,0.01815914,0.0,0.0,Dec,3,2,9,2,Returning_Visitor,False,False
3.0,63.720303,0.0,0.0,37.0,1177.063,0.0,0.006571968,23.486456,0.0,Dec,2,4,9,2,Returning_Visitor,False,True
2.0,25.846922,0.0,0.0,18.0,410.05408,0.0,0.026138928,0.0,0.0,Nov,2,2,1,2,Returning_Visitor,False,False
2.0,77.172066,0.0,0.0,9.0,280.01315,0.0,0.025,0.0,0.0,Dec,1,4,1,2,Returning_Visitor,False,False
0.0,0.0,0.0,0.0,19.0,530.68634,0.0,0.028555576,0.0,0.0,Dec,1,2,1,13,Returning_Visitor,False,False
1.0,20.831411,0.0,0.0,27.0,791.95953,0.0,0.012621941,0.0,0.0,Aug,2,2,1,8,Returning_Visitor,False,False
3.0,126.06747,0.0,0.0,33.0,606.92944,0.0,0.013083521,0.0,0.0,Nov,1,2,9,2,Returning_Visitor,False,False
3.0,49.231567,0.0,0.0,22.0,497.10248,0.0,0.012530925,0.0,0.0,Dec,2,2,1,10,Returning_Visitor,False,False
0.0,0.0,0.0,0.0,19.0,556.8005,0.014801639,0.02811936,0.0,0.0,Nov,3,2,1,8,Returning_Visitor,False,False
0.0,0.0,0.0,0.0,26.0,1123.4603,0.0,0.017297437,0.0,0.0,Dec,2,2,1,2,Returning_Visitor,False,True
0.0,0.0,0.0,0.0,9.793688,258.49368,0.0,0.040298585,0.0,0.0,Dec,2,2,1,1,Returning_Visitor,False,False
0.0,0.0,0.0,0.0,9.0,322.0819,0.0,0.04,0.0,0.0,Aug,4,2,1,2,Returning_Visitor,False,False
3.0,54.950012,1.0,0.0,66.555275,2462.99,0.005174594,0.025996165,0.0,0.0,Dec,2,2,7,2,Returning_Visitor,False,False
4.0,68.80983,0.0,0.0,12.0,218.07271,0.0,0.021558195,0.0,0.0,Dec,2,2,4,9,Returning_Visitor,False,False
0.0,0.0,0.0,0.0,26.0,586.5243,0.0,0.02503637,0.0,0.0,Dec,2,2,1,2,Returning_Visitor,False,False
0.0,0.0,0.0,0.0,25.748497,651.24774,0.010006347,0.024692992,0.0,0.0,Dec,1,4,2,2,Returning_Visitor,False,False
0.0,0.0,0.0,0.0,20.0,819.6473,0.025,0.05,0.0,0.0,Nov,7,2,4,1,Returning_Visitor,False,False
2.0,49.644703,0.0,0.0,23.00974,646.0045,0.0042474847,0.023696816,0.0,0.0,Nov,1,1,9,2,Returning_Visitor,False,False
0.0,0.0,0.0,0.0,34.0,671.23956,0.0027626068,0.022384772,0.0,0.0,Dec,1,2,1,1,Returning_Visitor,False,False
4.0,75.76318,0.0,0.0,31.0,836.72186,0.013121308,0.03333333,0.0,0.0,Aug,3,2,4,1,Returning_Visitor,False,False
4.0,97.36092,0.0,0.0,24.0,596.09076,0.0066818283,0.0315706,0.0,0.0,Dec,2,2,1,1,Returning_Visitor,False,False
0.0,0.0,0.0,0.0,31.0,886.9423,0.008610495,0.036533024,0.0,0.0,Dec,2,2,1,1,Returning_Visitor,False,False
0.0,0.0,0.0,0.0,24.373287,365.16623,0.0058994754,0.024789082,0.0,0.0,Aug,2,2,1,2,Returning_Visitor,False,False
0.0,0.0,0.0,0.0,25.0,756.44965,0.0,0.017681202,0.0,0.0,Aug,2,4,1,2,Returning_Visitor,False,False
0.0,0.0,0.0,0.0,17.0,448.40262,0.0,0.01815282,0.0,0.0,Dec,2,2,7,9,Returning_Visitor,False,False
0.0,0.0,0.0,0.0,25.0,680.4123,0.0,0.011764706,0.0,0.0,Nov,2,2,1,2,Returning_Visitor,False,False
0.0,0.0,0.0,0.0,28.0,687.026,0.0,0.02533903,0.0,0.0,Dec,2,2,1,3,Returning_Visitor,False,False
5.0,116.47372,0.0,0.0,24.863356,655.8344,0.0058877957,0.019014513,0.0,0.0,Dec,2,2,1,1,Returning_Visitor,False,False
0.0,0.0,0.0,0.0,30.0,1402.142,0.015946055,0.03333333,8.561623,0.0,Dec,4,2,1,1,Returning_Visitor,False,True
3.0,53.339855,0.0,0.0,27.0,860.5494,0.0,0.017035041,0.0,0.0,Nov,2,2,1,1,Returning_Visitor,False,False
0.0,0.0,0.0,0.0,17.0,500.59668,0.022090182,0.04937286,0.0,0.0,Aug,2,2,3,1,Returning_Visitor,False,False
3.0,67.20927,0.0,0.0,20.0,442.128,0.012658668,0.038199075,0.0,0.0,Dec,2,2,9,2,Returning_Visitor,False,False
0.0,0.0,0.0,0.0,13.0,293.43643,0.0,0.036224496,0.0,0.0,Nov,2,2,3,3,Returning_Visitor,False,False
3.0,51.277058,0.0,0.0,26.0,840.8996,0.009619038,0.022222223,0.0,0.0,Dec,3,2,1,2,Returning_Visitor,False,False
0.0,0.0,0.0,0.0,28.0,732.05444,0.0066502998,0.027243653,8.874724,0.0,Jul,1,1,1,2,Returning_Visitor,False,False
3.0,67.45935,0.0,0.0,32.0,806.7133,0.0087512955,0.023741005,0.0,0.0,Nov,3,2,1,1,Returning_Visitor,False,False
0.0,0.0,0.0,0.0,22.0,549.20465,0.0,0.027413074,0.0,0.0,Nov,4,2,1,13,Returning_Visitor,False,False
3.0,67.43917,0.0,0.0,29.0,560.8771,0.0,0.018246235,0.0,0.0,Jul,1,1,7,2,Returning_Visitor,True,False
2.8220499,56.404114,0.0,0.0,46.31131,2144.4631,0.0,0.013390534,0.0,0.0,Nov,2,2,7,2,Returning_Visitor,False,False
3.0,69.17668,0.0,0.0,31.0,761.52826,0.0053063435,0.022201033,0.0,0.0,Dec,4,1,4,1,Returning_Visitor,False,False
3.0,46.03024,0.0,0.0,28.0,705.7205,0.0,0.016162371,0.0,0.0,Dec,2,2,7,2,Returning_Visitor,False,False
0.0,0.0,0.0,0.0,23.0,528.53705,0.0,0.025779389,0.0,0.0,Nov,2,2,1,2,Returning_Visitor,False,False
0.0,0.0,0.0,0.0,17.10033,750.3764,0.0,0.01541755,0.0,0.0,Aug,4,1,1,2,Returning_Visitor,False,False
0.0,0.0,0.0,0.0,14.0,314.45383,0.018181818,0.04491353,0.0,0.0,Aug,2,2,1,3,Returning_Visitor,False,False
3.0,36.23852,0.0,0.0,23.0,718.93726,0.0,0.0125,0.0,0.0,Nov,2,2,1,2,Returning_Visitor,False,False
0.0,0.0,0.0,0.0,25.0,673.22845,0.011535412,0.028571429,0.0,0.0,Nov,3,2,7,2,Returning_Visitor,False,False
0.0,0.0,0.0,0.0,19.0,356.86206,0.0,0.028571429,0.0,0.0,Nov,2,2,1,2,Returning_Visitor,False,False
4.0,102.02073,2.0,142.08649,75.971115,2562.9143,0.0022108792,0.01626818,13.15742,0.0,Aug,2,2,1,13,Returning_Visitor,False,True
3.0,55.88768,0.0,0.0,26.0,1448.8707,0.0,0.019737607,17.76491,0.0,Nov,2,2,9,9,Returning_Visitor,False,False
0.0,0.0,0.0,0.0,24.726995,584.6046,0.015384615,0.038219266,0.0,0.0,Dec,4,2,1,2,Returning_Visitor,False,False
0.0,0.0,0.0,0.0,33.054615,751.5986,0.015621767,0.03333333,0.0,0.0,Aug,2,2,3,1,Returning_Visitor,False,False
3.3599982,101.14985,2.0,209.69492,56.592564,1828.517,0.003585845,0.0154498285,0.0,0.0,Dec,2,2,1,2,Returning_Visitor,False,False
0.0,0.0,0.0,0.0,27.153223,513.77313,0.017208058,0.036216795,0.0,0.0,Nov,2,2,1,3,Returning_Visitor,False,False
3.0,49.38793,0.0,0.0,126.530235,4495.751,0.004636993,0.016666668,9.024877,0.0,Nov,2,2,1,2,Returning_Visitor,False,True
3.0,75.9697,0.0,0.0,37.0,1220.7955,0.009493144,0.02725169,0.0,0.0,Dec,2,2,1,13,Returning_Visitor,False,False
0.0,0.0,0.0,0.0,24.0,685.5594,0.0129576735,0.026693147,0.0,0.0,Dec,1,2,1,2,Returning_Visitor,False,False
4.0,99.17831,0.0,0.0,53.577984,2162.1345,0.0076830043,0.018674811,10.924651,0.0,Nov,2,2,1,1,Returning_Visitor,False,False
0.0,0.0,0.0,0.0,12.0,234.14757,0.03333333,0.05563488,0.0,0.0,Aug,3,2,1,13,Returning_Visitor,False,False
1.0,0.0,0.0,0.0,41.99451,973.2099,0.0007174597,0.022980355,0.0,0.0,Dec,2,2,1,2,Returning_Visitor,False,False
0.0,0.0,0.0,0.0,40.0,1220.5554,0.010705316,0.0325679,0.0,0.0,Nov,1,4,3,2,Returning_Visitor,False,False
0.0,0.0,0.0,0.0,22.776447,523.1756,0.023189308,0.04,0.0,0.0,Dec,3,2,6,13,Returning_Visitor,False,False
0.0,0.0,0.0,0.0,34.0,928.3842,0.0,0.01653903,0.0,0.0,Dec,2,2,4,1,Returning_Visitor,False,False
4.0,95.50346,0.0,0.0,35.222862,909.8257,0.0030009707,0.0154952295,22.575167,0.0,Dec,2,2,6,1,Returning_Visitor,False,False
0.0,0.0,0.0,0.0,15.0,265.52078,0.0,0.028571429,0.0,0.0,May,2,2,1,3,Returning_Visitor,False,False
0.0,0.0,0.0,0.0,19.0,529.77905,0.0,0.01836822,0.0,0.0,Nov,2,4,7,2,Returning_Visitor,False,False
3.0,57.156467,0.0,0.0,26.0,635.0276,0.0,0.016666668,0.0,0.0,Dec,4,1,1,2,Returning_Visitor,False,False
0.0,0.0,0.0,0.0,28.0,1387.5844,0.0,0.012255556,0.0,0.0,Dec,2,2,3,2,Returning_Visitor,False,False
0.0,0.0,0.0,0.0,40.0,1185.2057,0.0,0.02,0.0,0.0,Aug,2,2,7,1,Returning_Visitor,False,False
4.0,83.94364,0.0,0.0,30.238008,817.6751,0.0,0.0121799745,0.0,0.0,Dec,2,2,1,2,Returning_Visitor,False,False
0.0,0.0,0.0,0.0,43.668232,1309.5714,0.018248785,0.036706775,0.0,0.0,Aug,2,2,1,13,Returning_Visitor,False,False
3.0,67.080795,0.0,0.0,39.366745,1490.549,0.0,0.015038237,21.254063,0.0,Dec,2,2,3,10,Returning_Visitor,False,False
0.0,0.0,0.0,0.0,35.0,1237.8058,0.0,0.022864774,0.0,0.0,Dec,4,1,1,3,Returning_Visitor,False,False
2.0,64.01603,0.0,0.0,25.97472,631.1961,0.019482048,0.030425588,0.0,0.0,Nov,3,2,1,3,Returning_Visitor,False,False
4.0,76.04071,0.0,0.0,26.0,926.0413,0.0027267684,0.020857746,0.0,0.0,Nov,2,4,7,1,Returning_Visitor,False,False
0.0,0.0,0.0,0.0,9.0,149.26552,0.0,0.029188389,0.0,0.0,Dec,4,1,1,14,Returning_Visitor,False,False
4.0,47.38023,0.0,0.0,34.0,779.0052,0.0,0.02,4.5101075,0.0,Jul,2,2,1,13,Returning_Visitor,False,False
5.0,75.1933,0.0,0.0,30.728765,650.76245,0.010001273,0.02593412,0.0,0.0,Sep,2,2,1,1,Returning_Visitor,False,False
4.0,91.13569,0.0,0.0,29.0,635.648,0.0,0.010516417,0.0,0.0,Dec,3,2,9,2,Returning_Visitor,False,False
1.0,10.330229,0.0,0.0,35.0,1077.9836,0.0,0.020785118,14.292878,0.0,Dec,2,2,7,2,Returning_Visitor,False,False
0.0,0.0,0.0,0.0,14.0,342.27682,0.028571429,0.05,0.0,0.0,Aug,3,2,1,1,Returning_Visitor,False,False
0.0,0.0,0.0,0.0,43.886635,1133.4698,0.0,0.014934074,0.0,0.0,Nov,2,4,1,2,Returning_Visitor,False,False
1.0,0.0,0.0,0.0,24.0,674.1635,0.005070058,0.02725249,0.0,0.0,Jul,2,2,1,1,Returning_Visitor,False,False
0.0,0.0,0.0,0.0,24.0,820.2307,0.0,0.025,0.0,0.0,Nov,2,2,1,13,Returning_Visitor,False,False
0.0,0.0,0.0,0.0,24.0,606.19653,0.0042909756,0.025,0.0,0.0,Dec,2,2,9,13,Returning_Visitor,False,False
0.0,0.0,0.0,0.0,25.071186,823.87305,0.006059694,0.03333333,0.0,0.0,Aug,2,2,1,2,Returning_Visitor,False,False
0.0,0.0,0.0,0.0,33.0,651.38007,0.0,0.020011798,0.0,0.0,Nov,2,2,1,1,Returning_Visitor,False,False
0.0,0.0,0.0,0.0,45.120434,1195.6721,0.0,0.025250591,0.0,0.0,Dec,2,2,3,2,Returning_Visitor,False,False
0.0,0.0,0.0,0.0,28.0,618.78186,0.0,0.018920025,0.0,0.0,Dec,2,2,1,1,Returning_Visitor,False,False
0.0,0.0,0.0,0.0,35.0,1406.9891,0.0,0.028830085,0.0,0.0,Nov,2,2,1,13,Returning_Visitor,False,False
4.0,59.70259,0.0,0.0,42.0,1384.5531,0.0,0.0147375725,0.0,0.0,Dec,2,1,4,2,Returning_Visitor,False,False
0.0,0.0,0.0,0.0,16.0,346.90738,0.016666668,0.035590995,0.0,0.0,Nov,2,3,1,2,Returning_Visitor,False,False
0.0,0.0,0.0,0.0,29.463547,658.05804,0.0,0.020217773,0.0,0.0,Nov,2,7,1,2,Returning_Visitor,False,False
0.0,0.0,0.0,0.0,27.0,1007.5942,0.023091866,0.052831132,0.0,0.0,Nov,2,2,1,1,Returning_Visitor,False,False
0.0,0.0,0.0,0.0,45.0,1151.4443,0.0040740953,0.022214452,0.0,0.0,Nov,2,2,3,9,Returning_Visitor,False,False
0.0,0.0,0.0,0.0,6.0,150.00337,0.0,0.037484113,0.0,0.0,Nov,4,2,1,8,Returning_Visitor,False,False
0.0,0.0,0.0,0.0,18.86235,810.4007,0.0,0.010587434,0.0,0.0,Dec,2,2,1,2,Returning_Visitor,False,True
0.0,0.0,0.0,0.0,8.0,260.54367,0.0,0.03333333,0.0,0.0,Dec,4,2,1,9,Returning_Visitor,False,False
0.0,0.0,0.0,0.0,13.0,322.27768,0.0,0.03585035,0.0,0.0,Nov,4,2,1,1,Returning_Visitor,False,False
0.0,0.0,0.0,0.0,25.343372,475.903,0.0,0.026667986,0.0,0.0,Dec,2,2,1,3,Returning_Visitor,False,False
4.0,104.14024,0.0,0.0,11.625128,385.349,0.0,0.023517264,0.0,0.0,Dec,2,2,1,15,Returning_Visitor,False,False
3.0,102.01628,0.0,0.0,26.223856,806.1454,0.010001001,0.024319144,0.0,0.0,Dec,3,2,1,1,Returning_Visitor,False,False
0.0,0.0,0.0,0.0,27.0,1229.6208,0.014385324,0.03333333,0.0,0.0,Dec,3,2,1,2,Returning_Visitor,False,False
1.0,13.49391,0.0,0.0,51.23584,2009.6771,0.004373936,0.01665276,0.0,0.0,Dec,2,2,6,2,Returning_Visitor,False,False
3.0,33.00296,0.0,0.0,19.202147,414.24902,0.0,0.022222223,0.0,0.0,Nov,2,2,1,2,Returning_Visitor,False,False
2.0,29.793373,0.0,0.0,17.0,311.51257,0.0,0.016666668,0.0,0.0,Dec,2,2,1,9,Returning_Visitor,False,False
3.0,84.184135,0.0,0.0,29.0,876.71576,0.01230588,0.023103295,0.0,0.0,Dec,1,4,3,2,Returning_Visitor,False,False
5.0,136.06311,0.0,0.0,33.0,1305.2975,0.0,0.013921649,0.0,0.0,Dec,2,2,9,2,Returning_Visitor,False,False
1.0,52.2975,0.0,0.0,65.046555,2533.9607,0.0059521096,0.024128042,7.975674,0.0,Dec,2,2,4,2,Returning_Visitor,False,False
0.0,0.0,0.0,0.0,21.0,601.8438,0.01845239,0.04860792,0.0,0.0,Aug,1,4,1,2,Returning_Visitor,False,False
5.0,95.01125,0.0,0.0,51.567,1942.255,0.0041916976,0.013347574,0.0,0.0,Nov,1,4,4,13,Returning_Visitor,False,False
2.0,11.914183,0.0,0.0,29.374334,634.41614,0.0,0.01731025,0.0,0.0,Dec,2,2,4,2,New_Visitor,False,True
0.0,0.0,0.0,0.0,45.0,1571.2122,0.0,0.015888425,0.0,0.0,Nov,2,2,1,9,Returning_Visitor,False,False
0.0,0.0,0.0,0.0,23.0,470.11807,0.0,0.026746076,0.0,0.0,Dec,1,1,1,19,Returning_Visitor,False,False
0.0,0.0,0.0,0.0,25.973877,648.1562,0.0025111353,0.028720263,0.0,0.0,Dec,2,2,1,1,Returning_Visitor,False,False
3.58048,78.33754,0.0,0.0,25.128428,779.1909,0.0,0.013141627,0.0,0.0,Jul,4,2,1,19,Returning_Visitor,False,False
0.0,0.0,0.0,0.0,26.0,519.199,0.0,0.028557984,0.0,0.0,Dec,2,2,3,1,Returning_Visitor,False,True
0.0,0.0,0.0,0.0,14.0,279.41287,0.019047288,0.039843675,0.0,0.0,Aug,4,4,9,2,Returning_Visitor,False,False
0.0,0.0,0.0,0.0,22.052034,639.49036,0.0,0.022222223,0.0,0.0,Aug,2,2,1,13,Returning_Visitor,False,False
0.0,0.0,0.0,0.0,29.0,661.8127,0.0,0.01888007,0.0,0.0,Aug,4,2,1,2,Returning_Visitor,False,False
5.0,189.2176,0.0,0.0,42.0,1127.7959,0.010898629,0.025,0.0,0.0,Dec,1,2,1,2,Returning_Visitor,False,False
0.0,0.0,0.0,0.0,25.0,584.2575,0.002897675,0.022792121,0.0,0.0,Dec,3,2,1,13,Returning_Visitor,False,False
0.0,0.0,0.0,0.0,6.0,116.45924,0.0,0.037749015,0.0,0.0,Mar,2,2,7,20,Returning_Visitor,False,False
2.0,51.586834,0.0,0.0,45.80336,1188.2797,0.009090909,0.025,0.0,0.0,Dec,2,2,1,1,Returning_Visitor,False,False
2.0,30.89679,0.0,0.0,31.125547,881.2978,0.0093657775,0.024094025,0.0,0.0,Nov,2,2,1,1,Returning_Visitor,False,False
0.0,0.0,0.0,0.0,42.0,1167.7828,0.019824244,0.040801138,0.0,0.0,Dec,1,2,4,1,Returning_Visitor,False,False
0.0,0.0,0.0,0.0,27.635948,751.169,0.0,0.01777062,0.0,0.0,Dec,1,2,7,3,Returning_Visitor,True,False
0.0,0.0,0.0,0.0,43.038624,1608.835,0.00844461,0.028400239,0.0,0.0,Aug,2,2,1,2,Returning_Visitor,False,False
2.0,40.08621,0.0,0.0,32.0,1229.325,0.0,0.009753717,0.0,0.0,Nov,2,2,7,2,Returning_Visitor,False,False
0.0,0.0,0.0,0.0,13.0,499.4143,0.024873221,0.053854734,0.0,0.0,Dec,2,2,1,1,Returning_Visitor,False,False
0.0,0.0,0.0,0.0,23.0,498.8548,0.004665118,0.022222223,0.0,0.0,Nov,1,2,1,13,Returning_Visitor,False,False
0.0,0.0,0.0,0.0,10.0,146.72562,0.033870254,0.057906546,0.0,0.0,Dec,2,2,7,1,Returning_Visitor,False,False
7.0,191.87325,0.0,0.0,48.0,1912.3344,0.0,0.0140400315,0.0,0.0,Dec,2,2,4,2,Returning_Visitor,False,False
0.0,0.0,0.0,0.0,22.928507,727.0101,0.0124655105,0.029644756,0.0,0.0,Nov,1,1,1,2,Returning_Visitor,False,False
0.0,0.0,0.0,0.0,11.0,227.62721,0.0,0.034684423,0.0,0.0,Mar,1,2,1,3,Returning_Visitor,False,False
0.0,0.0,0.0,0.0,27.0,756.005,0.0137393605,0.03319835,0.0,0.0,Nov,2,4,1,13,Returning_Visitor,False,False
3.0,72.43741,0.0,0.0,41.0,945.75305,0.007430401,0.017674984,0.0,0.0,Nov,2,2,4,15,Returning_Visitor,False,False
0.0,0.0,0.0,0.0,38.10698,811.3203,0.01446223,0.02776102,8.935185,0.0,Dec,2,2,4,2,Returning_Visitor,False,False
4.0,165.90355,0.0,0.0,35.0,1373.4303,0.0070422566,0.016405854,0.0,0.0,Aug,2,2,1,13,Returning_Visitor,False,False
0.0,0.0,0.0,0.0,25.0,633.89386,0.0,0.026580228,0.0,0.0,Aug,2,2,4,1,Returning_Visitor,False,False
3.0,46.83477,0.0,0.0,16.0,533.0751,0.0,0.022349747,0.0,0.0,Mar,2,2,1,2,Returning_Visitor,True,False
0.0,0.0,0.0,0.0,28.642101,923.48346,0.0066615916,0.024569271,0.0,0.0,Nov,2,2,1,8,Returning_Visitor,False,False
0.0,0.0,0.0,0.0,31.0,1001.36145,0.0,0.020318778,0.0,0.0,Sep,2,2,8,1,Returning_Visitor,False,False
3.0,81.424515,0.0,0.0,33.0,763.7402,0.0,0.0125,0.0,0.0,Dec,1,1,1,2,Returning_Visitor,False,False
0.0,0.0,0.0,0.0,25.0,1002.9334,0.02012493,0.046039548,0.0,0.0,Dec,2,2,1,1,Returning_Visitor,False,False
4.0,68.44185,0.0,0.0,37.0,986.1544,0.004857111,0.023776198,0.0,0.0,Nov,2,2,1,2,Returning_Visitor,False,False
2.0,48.635517,0.0,0.0,41.0,1772.9836,0.009506969,0.025,0.0,0.0,Dec,2,2,1,13,Returning_Visitor,False,False
0.0,0.0,0.0,0.0,22.0,556.1489,0.0,0.015970476,0.0,0.0,Nov,1,4,3,2,Returning_Visitor,False,False
3.0,54.93902,0.0,0.0,43.088745,1277.3737,0.0,0.016730083,0.0,0.0,Dec,2,2,4,2,Returning_Visitor,False,True
0.0,0.0,0.0,0.0,16.0,384.23557,0.0,0.03244085,0.0,0.0,Aug,1,4,1,1,Returning_Visitor,False,False
0.0,0.0,0.0,0.0,29.0,692.8499,0.0,0.021385971,0.0,0.0,Aug,2,2,9,2,Returning_Visitor,False,False
5.0,131.07698,0.0,0.0,66.15337,2163.7615,0.0,0.015384615,0.0,0.0,Oct,2,2,1,1,Returning_Visitor,False,False
0.0,0.0,0.0,0.0,16.0,333.72357,0.0,0.020779118,0.0,0.0,Dec,2,2,1,3,Returning_Visitor,False,False
0.0,0.0,0.0,0.0,41.135456,835.11945,0.018654792,0.045857314,0.0,0.0,Dec,3,2,9,13,Returning_Visitor,False,False
0.0,0.0,0.0,0.0,12.0,308.69724,0.025,0.048001267,0.0,0.0,May,1,1,1,3,Returning_Visitor,True,False
0.0,0.0,0.0,0.0,17.0,773.53033,0.0,0.018181818,0.0,0.0,Dec,2,4,4,2,New_Visitor,True,False
3.0,68.490906,0.0,0.0,7.0,137.18964,0.0,0.016485976,0.0,0.0,Aug,3,2,1,2,Returning_Visitor,False,False
0.0,0.0,0.0,0.0,19.0,490.4841,0.0,0.016666668,0.0,0.0,Aug,2,2,3,1,Returning_Visitor,False,False
0.0,0.0,0.0,0.0,2.0,0.0,0.2,0.2,0.0,0.0,Nov,3,2,2,3,Returning_Visitor,False,False
0.0,0.0,0.0,0.0,37.0,1014.4879,0.0,0.016666668,0.0,0.0,Nov,2,2,1,13,Returning_Visitor,False,False
3.0,94.36932,0.0,0.0,41.0,779.29565,0.006021473,0.020155665,0.0,0.0,Nov,1,1,7,1,Returning_Visitor,False,False
0.0,0.0,0.0,0.0,26.0,759.9192,0.01993733,0.05,0.0,0.0,Nov,1,1,4,1,Returning_Visitor,False,False
3.0,89.11689,0.0,0.0,21.0,526.3635,0.0,0.022222223,0.0,0.0,Dec,1,1,8,2,Returning_Visitor,False,False
0.0,0.0,0.0,0.0,23.62786,630.56824,0.015380399,0.04,0.0,0.0,Nov,2,2,2,1,Returning_Visitor,False,False
5.0,166.33069,0.0,0.0,40.055794,803.986,0.0,0.01559498,0.0,0.0,Sep,2,12,4,3,Returning_Visitor,False,False
0.0,0.0,0.0,0.0,22.0,566.451,0.011987166,0.02643433,0.0,0.0,Aug,7,2,1,3,Returning_Visitor,False,False
3.0,62.901943,0.0,0.0,24.0,544.08435,0.010409378,0.023690615,0.0,0.0,Dec,1,2,1,13,Returning_Visitor,False,False
0.0,0.0,0.0,0.0,27.0,601.66534,0.0036211158,0.025,0.0,0.0,Jul,2,4,1,4,Returning_Visitor,False,False
3.0,46.294975,0.0,0.0,44.147877,838.12616,0.0046187104,0.023182435,0.0,0.0,Dec,2,2,1,2,Returning_Visitor,False,False
0.0,0.0,0.0,0.0,26.0,718.80945,0.019868253,0.040422138,0.0,0.0,Jul,2,2,6,1,Returning_Visitor,False,False
0.0,0.0,0.0,0.0,19.0,296.8879,0.0,0.032182425,0.0,0.0,Aug,2,2,1,1,Returning_Visitor,False,False
0.0,0.0,0.0,0.0,8.0,192.7899,0.08149554,0.085540146,0.0,0.0,Dec,3,2,9,13,Returning_Visitor,False,False
0.0,0.0,0.0,0.0,23.0,468.6381,0.0,0.026208295,0.0,0.0,Sep,2,2,1,3,Returning_Visitor,True,False
0.0,0.0,0.0,0.0,33.557076,739.4354,0.0019305934,0.023489838,0.0,0.0,Dec,2,2,3,1,Returning_Visitor,False,False
3.0,52.92897,0.0,0.0,82.04519,3245.3857,0.0050993236,0.02,0.0,0.0,Aug,2,2,4,2,Returning_Visitor,False,False
0.0,0.0,0.0,0.0,15.0,295.92688,0.0,0.021110574,0.0,0.0,Dec,2,2,1,2,Returning_Visitor,False,False
0.0,0.0,0.0,0.0,22.0,450.81586,0.0,0.026592653,0.0,0.0,May,2,2,7,2,Returning_Visitor,False,False
3.0,65.460884,0.0,0.0,44.0,1058.5823,0.009442057,0.022222223,7.6858034,0.0,Aug,2,2,1,2,Returning_Visitor,False,False
3.0,101.20758,0.0,0.0,38.206165,804.0439,0.014726209,0.031246457,0.0,0.0,Dec,1,1,7,3,Returning_Visitor,True,False
0.0,0.0,0.0,0.0,15.0,391.44916,0.0,0.026445348,0.0,0.0,Sep,2,2,4,2,Returning_Visitor,False,False
0.0,0.0,0.0,0.0,32.0,717.5359,0.0,0.022222223,0.0,0.0,Nov,2,2,1,1,Returning_Visitor,False,False
5.0,97.57607,0.0,0.0,39.74133,817.29114,0.0,0.016666668,0.0,0.0,Dec,2,2,4,10,Returning_Visitor,False,False
5.0,91.88104,0.0,0.0,29.0,806.8494,0.0049120057,0.023998428,5.5686293,0.0,Nov,2,2,7,1,Returning_Visitor,False,False
2.0,47.13031,0.0,0.0,37.0,589.718,0.0,0.011664573,0.0,0.0,Dec,1,1,9,9,Returning_Visitor,False,False
0.0,0.0,0.0,0.0,20.0,536.4925,0.0,0.02423977,0.0,0.0,Dec,2,2,1,13,Returning_Visitor,False,False
3.0,53.181053,0.0,0.0,23.0,486.00607,0.0,0.025731865,0.0,0.0,Dec,2,2,9,3,Returning_Visitor,False,False
0.0,0.0,0.0,0.0,27.0,937.36273,0.013875663,0.025,0.0,0.0,Dec,3,2,1,3,Returning_Visitor,False,False
0.0,0.0,0.0,0.0,18.0,325.45343,0.0,0.030122891,0.0,0.0,Dec,2,2,1,2,Returning_Visitor,False,False
0.0,0.0,0.0,0.0,20.0,546.01434,0.0,0.016666668,0.0,0.0,Nov,2,2,1,2,Returning_Visitor,False,False
0.0,0.0,0.0,0.0,23.377943,720.2349,0.024146557,0.0485014,0.0,0.0,Jul,2,2,7,1,Returning_Visitor,False,False
0.0,0.0,0.0,0.0,36.0,1300.5071,0.010600903,0.026620815,0.0,0.0,Jul,1,2,1,13,Returning_Visitor,False,False
2.0,49.16279,0.0,0.0,40.0,1185.7467,0.0034510107,0.029674115,0.0,0.0,Aug,2,2,9,1,Returning_Visitor,False,False
0.0,0.0,0.0,0.0,15.0,275.20212,0.0,0.03333333,0.0,0.0,Nov,3,2,4,2,Returning_Visitor,False,False
0.0,0.0,0.0,0.0,20.0,420.2336,0.0,0.007933892,0.0,0.0,Sep,1,1,1,2,Returning_Visitor,False,True
0.0,0.0,0.0,0.0,20.0,530.0146,0.0,0.025455086,0.0,0.0,Dec,3,2,1,2,Returning_Visitor,False,False
0.0,0.0,0.0,0.0,9.0,250.8803,0.0,0.03333333,0.0,0.0,Nov,2,2,1,13,Returning_Visitor,False,False
4.0,76.40553,0.0,0.0,39.0,1153.876,0.0,0.014976746,0.0,0.0,Dec,2,2,1,3,Returning_Visitor,False,True
0.0,0.0,0.0,0.0,27.0,836.52246,0.0,0.022222223,0.0,0.0,Nov,2,2,1,2,Returning_Visitor,False,False
0.0,0.0,0.0,0.0,16.296785,488.94342,0.0,0.01697551,0.0,0.0,Dec,2,2,3,2,Returning_Visitor,False,False
0.0,0.0,0.0,0.0,42.0,925.3679,0.008333333,0.02353952,0.0,0.0,Aug,4,2,1,3,Returning_Visitor,False,False
3.0,45.578255,0.0,0.0,14.0,327.68707,0.0,0.019039663,0.0,0.0,Nov,7,2,1,2,Returning_Visitor,False,False
3.0,40.305424,0.0,0.0,33.0,857.4151,0.0,0.019027567,0.0,0.0,Dec,4,4,1,2,Returning_Visitor,False,False
0.0,0.0,0.0,0.0,18.0,430.277,0.0,0.030931775,0.0,0.0,Nov,2,2,1,10,Returning_Visitor,False,False
0.0,0.0,0.0,0.0,39.0,817.82806,0.0,0.02,0.0,0.0,Nov,2,2,1,13,Returning_Visitor,False,False
0.0,0.0,0.0,0.0,27.0,763.76605,0.011549888,0.044444446,0.0,0.0,Dec,4,1,1,1,Returning_Visitor,False,False
0.0,0.0,0.0,0.0,11.0,375.6679,0.0,0.025,0.0,0.0,Nov,1,1,9,2,Returning_Visitor,False,False
0.0,0.0,3.0,87.19532,45.0,1413.6542,0.0074239103,0.025,0.0,0.0,Nov,1,1,1,2,Returning_Visitor,False,False
3.0,53.02556,0.0,0.0,42.405235,1078.7285,0.008634149,0.024580691,0.0,0.0,Nov,1,1,1,2,Returning_Visitor,False,False
2.0,67.54153,0.0,0.0,33.35949,1424.5839,0.0030142239,0.017584944,0.0,0.0,Dec,2,2,1,8,Returning_Visitor,False,False
3.0,49.218723,0.0,0.0,66.67694,2283.8364,0.0051015504,0.018181818,0.0,0.0,Nov,2,2,1,2,Returning_Visitor,False,False
0.0,0.0,0.0,0.0,21.0,530.5224,0.0,0.025,0.0,0.0,Dec,1,2,4,2,Returning_Visitor,False,False
2.0,29.489077,0.0,0.0,48.71814,1846.0203,0.0065037897,0.019360172,0.0,0.0,Nov,4,2,4,13,Returning_Visitor,True,False
0.0,0.0,0.0,0.0,17.316244,475.06934,0.0,0.03586883,0.0,0.0,Nov,2,4,1,1,Returning_Visitor,False,False
5.0,86.74306,0.0,0.0,68.32622,2172.4617,0.0045086658,0.0127806645,0.0,0.0,Aug,2,2,4,2,Returning_Visitor,False,False
0.0,0.0,0.0,0.0,21.0,302.27652,0.0,0.02629227,0.0,0.0,Dec,4,2,1,2,Returning_Visitor,False,False
3.0,72.50802,0.0,0.0,27.184935,851.82153,0.02,0.03333333,0.0,0.0,Jul,1,1,7,1,Returning_Visitor,False,False
0.0,0.0,0.0,0.0,14.985535,302.5884,0.0,0.026416892,0.0,0.0,Aug,2,2,6,3,Returning_Visitor,False,False
0.0,0.0,0.0,0.0,18.0,973.0866,0.0,0.0258568,0.0,0.0,Nov,1,2,6,2,Returning_Visitor,False,False
4.0,140.31671,0.0,0.0,21.0,611.90045,0.005584484,0.02676316,0.0,0.0,Aug,2,8,1,1,Returning_Visitor,False,False
0.0,0.0,0.0,0.0,12.0,250.40236,0.0,0.03397165,0.0,0.0,May,2,2,1,13,Returning_Visitor,False,False
0.0,0.0,0.0,0.0,17.0,295.60522,0.0,0.014411573,0.0,0.0,Dec,4,2,4,2,Returning_Visitor,False,False
0.0,0.0,0.0,0.0,9.0,176.67639,0.0,0.029078837,0.0,0.0,Dec,2,2,1,3,Returning_Visitor,True,False
0.0,0.0,0.0,0.0,28.0,1118.7494,0.0,0.014634515,0.0,0.0,Dec,2,2,3,2,Returning_Visitor,False,False
4.0,102.608536,0.0,0.0,38.0,1076.9763,0.011734312,0.027121607,13.879884,0.0,Aug,1,2,4,1,Returning_Visitor,False,True
0.0,0.0,0.0,0.0,11.0,273.47955,0.0,0.021225808,0.0,0.0,Mar,2,2,1,2,Returning_Visitor,False,False
0.0,0.0,0.0,0.0,29.0,539.47125,0.007199332,0.027756996,0.0,0.0,Dec,1,2,1,1,Returning_Visitor,False,False
3.0,36.72896,0.0,0.0,23.0,610.041,0.0,0.01245582,0.0,0.0,Mar,4,1,1,2,Returning_Visitor,False,False
3.0,51.971325,0.0,0.0,30.0,754.33044,0.0,0.0113468645,0.0,0.0,Nov,1,1,7,2,Returning_Visitor,False,False
0.0,0.0,0.0,0.0,20.0,679.58093,0.0,0.030057702,0.0,0.0,Aug,4,1,1,9,Returning_Visitor,False,False
0.0,0.0,0.0,0.0,25.0,526.54626,0.0,0.02,0.0,0.0,Aug,1,1,1,2,Returning_Visitor,True,False
0.0,0.0,0.0,0.0,15.0,344.41702,0.04123955,0.05355215,0.0,0.0,Nov,1,2,1,3,Returning_Visitor,False,False
0.0,0.0,0.0,0.0,20.0,590.52606,0.0,0.017246364,0.0,0.0,Dec,2,2,9,1,Returning_Visitor,False,False
2.0,71.44414,0.0,0.0,41.989925,1221.8833,0.008610411,0.025,0.0,0.0,Aug,2,2,7,1,Returning_Visitor,False,False
0.0,0.0,0.0,0.0,32.007614,703.40216,0.0,0.015183689,0.0,0.0,Nov,2,4,1,2,Returning_Visitor,False,False
0.0,0.0,0.0,0.0,13.0,257.83347,0.0,0.028686874,0.0,0.0,Dec,2,2,1,1,Returning_Visitor,False,False
0.0,0.0,0.0,0.0,17.0,320.4114,0.0,0.034088757,0.0,0.0,Nov,2,2,1,3,Returning_Visitor,False,False
4.0,128.65709,0.0,0.0,30.0,888.62396,0.0,0.01839326,0.0,0.0,Nov,1,1,4,13,Returning_Visitor,False,False
0.0,0.0,0.0,0.0,16.290009,673.0223,0.0,0.033420153,0.0,0.0,Nov,2,2,1,13,Returning_Visitor,False,False
6.0,138.91042,0.0,0.0,38.4563,847.3491,0.0,0.011921907,0.0,0.0,Dec,2,2,1,1,Returning_Visitor,False,False
0.0,0.0,0.0,0.0,16.0,696.01263,0.0,0.025403876,0.0,0.0,Dec,2,2,9,4,Returning_Visitor,False,False
0.0,0.0,0.0,0.0,24.0,574.6706,0.0,0.027483707,0.0,0.0,Nov,2,2,7,2,Returning_Visitor,False,False
3.0,56.716442,0.0,0.0,11.0,329.0245,0.0,0.016666668,0.0,0.0,Dec,2,2,9,2,Returning_Visitor,False,False
2.0,36.655895,0.0,0.0,15.0,443.86066,0.0,0.0125,361.76373,0.0,Sep,2,2,9,1,Returning_Visitor,False,True
3.0,47.640266,0.0,0.0,30.0,655.78674,0.0,0.014619339,361.76373,0.0,Dec,2,2,1,2,Returning_Visitor,False,False
0.0,0.0,0.0,0.0,23.0,694.2042,0.0,0.01270072,0.0,0.0,Nov,3,2,4,2,Returning_Visitor,False,False
7.0,169.26277,0.0,0.0,54.58981,2776.951,0.006540164,0.021649439,16.759962,0.0,Dec,2,2,1,2,Returning_Visitor,False,False
4.0,104.11171,0.0,0.0,24.906563,603.70776,0.013625087,0.026501352,0.0,0.0,Dec,1,2,1,13,Returning_Visitor,False,False
0.0,0.0,0.0,0.0,28.0,717.07935,0.0,0.024463283,0.0,0.0,Dec,2,2,1,1,Returning_Visitor,False,False
0.0,0.0,0.0,0.0,13.0,652.82007,0.03333333,0.056695715,0.0,0.0,Dec,3,2,1,1,Returning_Visitor,False,False
0.0,0.0,0.0,0.0,25.611435,689.7515,0.0,0.03333333,0.0,0.0,Dec,2,2,1,1,Returning_Visitor,False,False
4.0,150.37221,0.0,0.0,24.235699,649.22906,0.0,0.00706566,12.114979,0.0,Dec,4,2,7,9,New_Visitor,False,True
0.0,0.0,0.0,0.0,24.0,637.9926,0.023096848,0.04557377,0.0,0.0,Mar,2,2,7,1,Returning_Visitor,False,False
0.0,0.0,0.0,0.0,9.405963,220.58928,0.0,0.03076405,0.0,0.0,Nov,1,2,1,13,Returning_Visitor,False,False
0.0,0.0,0.0,0.0,17.0,409.6313,0.0,0.033588678,0.0,0.0,Nov,2,2,1,13,Returning_Visitor,False,False
0.0,0.0,0.0,0.0,24.0,678.9055,0.013631161,0.02649823,12.926356,0.0,Dec,2,2,1,2,Returning_Visitor,False,True
0.0,0.0,0.0,0.0,8.0,305.54544,0.0,0.05,0.0,0.0,Nov,2,2,1,2,Returning_Visitor,False,False
0.0,0.0,0.0,0.0,13.0,315.68674,0.0,0.03529418,0.0,0.0,Dec,1,1,6,2,Returning_Visitor,False,False
0.0,0.0,0.0,0.0,42.0,1224.4756,0.012434672,0.027890168,0.0,0.0,Dec,1,4,1,1,Returning_Visitor,False,False
0.0,0.0,0.0,0.0,6.4588213,225.13919,0.0,0.038213342,0.0,0.0,Dec,2,2,9,2,Returning_Visitor,False,False
5.0,89.77936,0.0,0.0,23.0,553.6678,0.012122024,0.027079385,0.0,0.0,Dec,3,2,1,2,Returning_Visitor,False,False
3.0,45.036705,0.0,0.0,33.020447,887.37555,0.009649068,0.02814577,0.0,0.0,May,2,2,7,2,Returning_Visitor,False,False
0.0,0.0,0.0,0.0,21.0,548.61127,0.0,0.015384615,0.0,0.0,Nov,2,2,9,1,Returning_Visitor,False,False
0.0,0.0,0.0,0.0,1.0,0.0,0.2,0.2,0.0,0.0,Dec,2,2,1,3,Returning_Visitor,False,False
4.0,97.53131,0.0,0.0,28.0,536.81006,0.0,0.015724072,0.0,0.0,Aug,3,2,1,13,Returning_Visitor,False,False
0.0,0.0,0.0,0.0,26.0,523.6612,0.0,0.026193816,0.0,0.0,Nov,2,2,1,2,Returning_Visitor,False,False
0.0,0.0,0.0,0.0,33.0,1644.7249,0.0,0.022222223,0.0,0.0,Nov,2,2,1,2,Returning_Visitor,False,False
3.0,67.44678,0.0,0.0,53.0,2017.9402,0.001901558,0.020341739,0.0,0.0,Dec,2,2,9,1,Returning_Visitor,False,False
2.0,53.01496,0.0,0.0,28.0,582.3368,0.0,0.01596189,0.0,0.0,Dec,3,2,1,2,Returning_Visitor,False,False
0.0,0.0,0.0,0.0,12.0,222.29637,0.03333333,0.062212545,0.0,0.0,Nov,3,2,9,1,Returning_Visitor,False,False
4.0,102.41291,0.0,0.0,21.0,656.53754,0.0,0.014648303,0.0,0.0,Dec,2,2,1,1,Returning_Visitor,False,False
4.0,73.08562,0.0,0.0,28.0,457.1773,0.0,0.011377,0.0,0.0,Nov,2,2,1,2,Returning_Visitor,False,False
3.0,48.51395,0.0,0.0,47.433353,1372.4447,0.0,0.0125,0.0,0.0,Nov,2,2,7,2,Returning_Visitor,False,False
0.0,0.0,0.0,0.0,13.0,191.47896,0.014796057,0.045791794,0.0,0.0,Dec,4,2,4,2,Returning_Visitor,False,False
0.0,0.0,0.0,0.0,10.0,207.62065,0.0,0.044789318,0.0,0.0,Dec,2,2,4,3,Returning_Visitor,False,False
0.0,0.0,0.0,0.0,25.0,638.1112,0.016666668,0.05,0.0,0.0,Dec,1,1,1,1,Returning_Visitor,False,False
1.0,4.0,0.0,0.0,29.0,1184.0605,0.0,0.016666668,0.0,0.0,Nov,2,2,1,2,Returning_Visitor,False,False
0.0,0.0,0.0,0.0,22.0,375.21274,0.0,0.034699857,0.0,0.0,Dec,4,1,1,1,Returning_Visitor,False,False
0.0,0.0,0.0,0.0,14.0,453.88806,0.0,0.02987114,17.407202,0.0,Sep,2,2,1,4,Returning_Visitor,False,True
5.0,59.65178,0.0,0.0,20.0,471.03085,0.0,0.0142839,0.0,0.0,Nov,2,2,4,2,Returning_Visitor,False,False
5.0,96.35742,0.0,0.0,35.0,912.10956,0.0,0.014285714,0.0,0.0,Nov,2,2,1,2,Returning_Visitor,False,False
0.0,0.0,0.0,0.0,20.0,408.15936,0.0,0.016285082,0.0,0.0,Nov,3,2,1,2,Returning_Visitor,False,False
3.0,65.02493,0.0,0.0,39.0,877.24567,0.014159839,0.03607575,0.0,0.0,Dec,4,2,1,2,Returning_Visitor,False,True
3.0637832,59.758915,0.0,0.0,18.0,555.4545,0.0,0.022222223,0.0,0.0,Oct,2,2,4,1,Returning_Visitor,False,False
0.0,0.0,0.0,0.0,21.0,490.77444,0.0,0.01822471,0.0,0.0,May,2,2,1,3,Returning_Visitor,False,False
0.0,0.0,0.0,0.0,15.0,383.40512,0.0,0.017746285,0.0,0.0,Dec,2,2,7,1,Returning_Visitor,False,False
3.0,61.602974,0.0,0.0,45.348465,1781.5527,0.007638867,0.022717139,20.458452,0.0,Dec,2,2,4,13,Returning_Visitor,False,False
0.0,0.0,0.0,0.0,16.0,278.49857,0.0,0.027625497,0.0,0.0,Dec,1,1,1,9,Returning_Visitor,False,False
0.0,0.0,0.0,0.0,28.0,704.6517,0.0,0.02,0.0,0.0,Dec,2,2,1,3,Returning_Visitor,False,False
3.0,75.78646,0.0,0.0,42.632626,1866.5377,0.0,0.012326572,21.513678,0.0,Aug,2,2,1,2,Returning_Visitor,False,False
0.0,0.0,0.0,0.0,21.0,376.3082,0.030385353,0.05,0.0,0.0,Nov,3,2,1,1,Returning_Visitor,False,False
0.0,0.0,0.0,0.0,9.0,224.51947,0.0,0.04,0.0,0.0,Nov,1,1,1,1,Returning_Visitor,False,False
3.0,67.51189,0.0,0.0,23.0,528.8993,0.0,0.019034583,0.0,0.0,Dec,4,1,4,2,Returning_Visitor,True,False
0.0,0.0,0.0,0.0,23.0,662.10187,0.0,0.02,0.0,0.0,Nov,1,2,1,2,Returning_Visitor,False,False
0.0,0.0,0.0,0.0,23.0,810.1673,0.0,0.024222586,0.0,0.0,Nov,2,2,9,2,Returning_Visitor,False,False
0.0,0.0,0.0,0.0,15.0,276.43176,0.0,0.03333333,0.0,0.0,Nov,4,1,9,1,Returning_Visitor,False,False
0.0,0.0,0.0,0.0,13.0,406.79153,0.0,0.030083429,0.0,0.0,Nov,4,2,1,3,Returning_Visitor,False,False
0.0,0.0,0.0,0.0,10.0,243.03516,0.0,0.05,0.0,0.0,Nov,2,2,1,3,Returning_Visitor,False,False
0.0,0.0,0.0,0.0,20.0,424.45007,0.0,0.026018176,0.0,0.0,Nov,2,2,1,10,Returning_Visitor,False,False
4.0,98.73248,0.0,0.0,17.0,301.93805,0.0,0.015719352,0.0,0.0,Sep,2,2,1,2,Returning_Visitor,False,False
4.0,72.59165,0.0,0.0,30.0,704.67065,0.0,0.017015653,0.0,0.0,Dec,4,2,1,2,Returning_Visitor,False,False
4.0,132.68684,0.0,0.0,52.463116,1717.1617,0.012211545,0.028497623,0.0,0.0,Dec,2,2,1,1,Returning_Visitor,False,False
0.0,0.0,0.0,0.0,44.0,855.213,0.0,0.018751658,0.0,0.0,Dec,2,2,6,2,Returning_Visitor,False,False
5.0,103.88457,0.0,0.0,39.0,1163.7642,0.008333333,0.02,0.0,0.0,Aug,4,2,1,13,Returning_Visitor,False,False
0.0,0.0,0.0,0.0,33.28617,1192.8792,0.0,0.009070523,0.0,0.0,Nov,2,2,1,2,Returning_Visitor,False,True
1.0,0.0,0.0,0.0,18.0,724.0866,0.018648898,0.033852525,0.0,0.0,Dec,1,2,1,4,Returning_Visitor,False,False
0.0,0.0,0.0,0.0,10.0,200.25906,0.06215591,0.074980415,0.0,0.0,Dec,3,2,1,1,Returning_Visitor,False,False
0.0,0.0,0.0,0.0,29.0,755.12,0.0,0.02324234,0.0,0.0,Dec,2,2,1,2,Returning_Visitor,False,False
0.0,0.0,0.0,0.0,20.0,377.6135,0.016651979,0.03629501,0.0,0.0,Jul,1,1,4,3,Returning_Visitor,False,False
2.0,56.8698,0.0,0.0,15.0,465.34222,0.0,0.015917346,0.0,0.0,Nov,2,2,3,3,Returning_Visitor,False,False
0.0,0.0,0.0,0.0,22.0,530.02136,0.0,0.024574192,0.0,0.0,Nov,2,4,1,13,Returning_Visitor,False,False
0.0,0.0,0.0,0.0,23.0,351.89066,0.0013832513,0.037494138,0.0,0.0,Aug,2,2,4,1,Returning_Visitor,False,False
1.0,0.0,0.0,0.0,44.0,1561.555,0.0066866544,0.02608874,0.0,0.0,Feb,2,2,1,2,Returning_Visitor,False,False
1.7019686,12.86483,0.0,0.0,37.0,813.10144,0.0,0.0147401905,0.0,0.0,Dec,2,2,1,2,Returning_Visitor,False,False
2.0,37.498882,0.0,0.0,43.0,1191.9154,0.006580019,0.02654233,0.0,0.0,Nov,4,2,7,13,Returning_Visitor,False,False
0.0,0.0,0.0,0.0,29.0,365.80807,0.0036830248,0.02807172,0.0,0.0,Dec,2,2,4,2,Returning_Visitor,False,False
0.0,0.0,0.0,0.0,20.674671,461.23828,0.003352428,0.0367274,0.0,0.0,Dec,1,2,6,3,Returning_Visitor,False,False
0.0,0.0,0.0,0.0,7.0,94.00933,0.06422371,0.1,0.0,0.0,Dec,2,2,1,1,Returning_Visitor,False,False
0.0,0.0,0.0,0.0,22.0,495.50928,0.0051942277,0.030806592,0.0,0.0,Nov,4,2,4,2,Returning_Visitor,False,False
0.0,0.0,0.0,0.0,27.0,529.5975,0.0,0.024117243,0.0,0.0,Aug,2,2,1,2,Returning_Visitor,False,False
0.0,0.0,0.0,0.0,20.0,378.61993,0.0,0.028571429,0.0,0.0,Dec,1,2,9,1,Returning_Visitor,False,False
3.0,75.33854,0.0,0.0,28.0,606.73,0.0,0.012852203,0.0,0.0,Dec,1,4,8,2,Returning_Visitor,False,False
0.0,0.0,0.0,0.0,11.0,252.02283,0.0,0.025881603,0.0,0.0,Dec,2,2,4,13,Returning_Visitor,False,False
0.0,0.0,0.0,0.0,17.0,438.2861,0.0,0.03333333,0.0,0.0,June,2,8,1,3,Returning_Visitor,False,False
1.0,0.0,0.0,0.0,26.0,594.95,0.021273257,0.04,0.0,0.0,Aug,1,1,1,3,Returning_Visitor,True,False
4.0,61.54077,0.0,0.0,34.054558,776.9754,0.007692308,0.02053743,0.0,0.0,Dec,4,4,1,2,Returning_Visitor,False,False
3.0,54.516582,0.0,0.0,8.992412,200.82565,0.0,0.016923793,0.0,0.0,Mar,3,2,1,3,Returning_Visitor,False,False
2.0,48.043972,0.0,0.0,28.0,643.7409,0.023958586,0.050423462,0.0,0.0,Nov,2,2,1,1,Returning_Visitor,False,False
0.0,0.0,0.0,0.0,13.0,312.90976,0.0,0.03333333,0.0,0.0,Dec,2,2,1,2,Returning_Visitor,False,False
0.0,0.0,0.0,0.0,28.291798,1239.9109,0.016602166,0.032388195,358.13858,0.0,Aug,1,2,1,1,Returning_Visitor,False,False
0.0,0.0,0.0,0.0,26.298977,871.3561,0.014348795,0.030719701,0.0,0.0,Dec,2,2,1,2,Returning_Visitor,False,False
0.0,0.0,0.0,0.0,42.0,1343.4517,0.009888777,0.027165102,0.0,0.0,Dec,3,2,1,1,Returning_Visitor,True,False
0.0,0.0,0.0,0.0,16.0,333.92465,0.0,0.014935811,0.0,0.0,Dec,2,2,1,2,Returning_Visitor,False,False
4.0,89.542854,0.0,0.0,39.579697,1438.3112,0.0,0.01157057,0.13242759,0.0,Nov,2,2,1,2,Returning_Visitor,False,False
3.0,74.72389,0.0,0.0,22.0,464.22696,0.0,0.0090425685,0.0,0.0,Sep,2,2,7,2,Returning_Visitor,False,False
5.0,109.33026,0.0,0.0,80.64652,2872.5583,0.0048328512,0.020819433,0.0,0.0,Nov,2,5,1,2,Returning_Visitor,False,False
0.0,0.0,0.0,0.0,15.0,312.89462,0.0,0.019038746,0.0,0.0,Dec,2,2,3,13,Returning_Visitor,False,False
0.0,0.0,0.0,0.0,12.0,563.8278,0.0,0.025,0.0,0.0,Aug,2,2,1,1,Returning_Visitor,False,False
0.0,0.0,0.0,0.0,10.0,191.51935,0.025,0.06666667,0.0,0.0,Dec,3,2,1,1,Returning_Visitor,False,False
0.0,0.0,0.0,0.0,23.0,517.55585,0.0,0.015346312,0.0,0.0,Nov,4,1,1,2,Returning_Visitor,False,False
0.0,0.0,0.0,0.0,13.885886,351.96222,0.020602157,0.05,0.0,0.0,Nov,4,2,1,9,Returning_Visitor,True,False
0.0,0.0,0.0,0.0,22.0,473.34848,0.0050540073,0.03333333,0.0,0.0,Nov,3,2,1,13,Returning_Visitor,False,False
0.0,0.0,0.0,0.0,18.0,631.846,0.0,0.025460854,0.0,0.0,Nov,4,2,1,13,Returning_Visitor,False,False
0.0,0.0,0.0,0.0,24.0,838.4239,0.0040169572,0.03520084,0.0,0.0,Aug,2,2,4,1,Returning_Visitor,False,False
2.0,66.83309,0.0,0.0,31.0,955.9136,0.0136482995,0.030927015,0.0,0.0,Jul,4,2,1,1,Returning_Visitor,False,False
0.0,0.0,0.0,0.0,12.0,270.133,0.021186542,0.06666667,0.0,0.0,May,2,2,1,3,Returning_Visitor,False,False
2.0,52.90718,0.0,0.0,30.504326,670.2995,0.009164679,0.022222223,17.425436,0.0,Dec,2,2,1,2,Returning_Visitor,False,False
3.0,35.277782,0.0,0.0,23.0,533.98285,0.0,0.015384615,0.0,0.0,Dec,2,2,1,2,Returning_Visitor,False,False
0.0,0.0,0.0,0.0,15.0,482.7059,0.0,0.016666668,0.0,0.0,Dec,1,1,1,3,Returning_Visitor,False,False
0.0,0.0,0.0,0.0,17.0,599.0005,0.0,0.025,0.0,0.0,Dec,2,2,1,13,Returning_Visitor,False,False
2.0,56.82768,0.0,0.0,27.0,631.13446,0.0053814864,0.026472472,0.0,0.0,Dec,2,2,6,1,Returning_Visitor,False,False
2.0,18.159399,0.0,0.0,19.009445,284.51276,0.0,0.028882401,0.0,0.0,Dec,4,1,1,1,Returning_Visitor,False,False
0.0,0.0,0.0,0.0,20.0,477.00317,0.0,0.022222223,0.0,0.0,Aug,2,2,1,2,Returning_Visitor,False,False
0.0,0.0,0.0,0.0,39.0,826.64557,0.011111111,0.029118575,181.1455,0.0,Dec,2,4,7,2,Returning_Visitor,False,False
0.0,0.0,0.0,0.0,16.0,382.82388,0.016245551,0.034303643,0.0,0.0,Nov,1,2,1,3,Returning_Visitor,False,False
0.0,0.0,0.0,0.0,9.0,273.69577,0.0,0.04,0.0,0.0,Aug,4,2,1,1,Returning_Visitor,False,False
0.0,0.0,0.0,0.0,16.0,321.9725,0.0,0.024396611,0.0,0.0,Nov,1,2,9,2,Returning_Visitor,False,False
0.0,0.0,0.0,0.0,22.0,779.89624,0.0,0.016986884,0.0,0.0,Aug,2,2,6,2,Returning_Visitor,False,False
0.0,0.0,0.0,0.0,22.0,478.37692,0.0,0.03169317,0.0,0.0,Dec,2,2,1,1,Returning_Visitor,False,False
5.0,108.59787,3.0,632.7089,61.977497,2874.7876,0.0030552691,0.016666668,8.250567,0.0,Dec,2,2,1,2,Returning_Visitor,False,False
3.0,77.528496,0.0,0.0,26.0,936.92755,0.0,0.015384615,0.0,0.0,Dec,2,2,3,1,Returning_Visitor,False,False
3.0,57.352516,0.0,0.0,32.0,1388.7555,0.00826892,0.025,0.0,0.0,Aug,2,2,1,2,Returning_Visitor,False,False
5.0,112.96184,0.0,0.0,78.753746,2869.9265,0.0072834995,0.023910578,8.762427,0.0,Aug,2,2,1,1,Returning_Visitor,False,False
0.0,0.0,0.0,0.0,13.0,320.1066,0.0,0.02378802,0.0,0.0,Dec,4,2,1,13,Returning_Visitor,False,False
3.0,89.299416,0.0,0.0,45.0,1574.3699,0.0062286016,0.02,13.189218,0.0,Aug,2,2,1,2,Returning_Visitor,False,False
0.0,0.0,0.0,0.0,22.631,727.07874,0.0,0.03064004,0.0,0.0,Jul,2,2,1,13,Returning_Visitor,False,False
0.0,0.0,0.0,0.0,10.950809,189.32994,0.0,0.03121688,0.0,0.0,Dec,2,2,9,1,Returning_Visitor,False,False
2.0,66.59105,0.0,0.0,22.0,660.58295,0.0056708637,0.01889133,0.0,0.0,Nov,2,2,1,2,Returning_Visitor,False,False
0.0,0.0,0.0,0.0,16.0,526.46216,0.0,0.026543174,0.0,0.0,Nov,2,2,1,1,Returning_Visitor,False,False
0.0,0.0,0.0,0.0,12.0,272.2941,0.0,0.03333333,0.0,0.0,Dec,4,1,6,1,Returning_Visitor,False,False
0.0,0.0,0.0,0.0,22.0,488.3251,0.0,0.02,0.0,0.0,Nov,2,2,3,2,Returning_Visitor,False,False
5.0,127.777824,0.0,0.0,43.0,1695.2178,0.0060495315,0.02099463,10.386265,0.0,Nov,1,2,1,2,Returning_Visitor,True,False
4.0,94.683815,0.0,0.0,45.42548,1364.6044,0.0,0.011092068,0.0,0.0,Sep,1,1,4,2,Returning_Visitor,False,False
0.0,0.0,0.0,0.0,14.0,351.0357,0.028571429,0.0550909,0.0,0.0,Nov,2,1,1,1,Returning_Visitor,False,False
0.0,0.0,0.0,0.0,19.766115,680.2115,0.0,0.03333333,0.0,0.0,Dec,2,2,1,8,Returning_Visitor,False,False
0.0,0.0,0.0,0.0,47.462597,1475.9814,0.01011465,0.026785972,0.0,0.0,Dec,2,2,1,13,Returning_Visitor,False,False
0.0,0.0,0.0,0.0,16.591667,550.2131,0.0,0.01854734,24.079412,0.0,Dec,1,1,8,2,Returning_Visitor,False,True
2.0,60.317703,0.0,0.0,37.775063,1428.1462,0.007932552,0.025,13.744877,0.0,Dec,1,4,3,3,Returning_Visitor,False,False
3.0,56.906178,0.0,0.0,28.0,822.8787,0.0,0.019557385,0.0,0.0,Dec,2,2,1,13,Returning_Visitor,False,False
3.0,50.636112,0.0,0.0,46.0,1593.8502,0.005993154,0.025,0.0,0.0,Dec,2,2,1,2,Returning_Visitor,False,False
0.0,0.0,0.0,0.0,25.0,579.43256,0.018084895,0.04454018,0.0,0.0,Dec,2,2,1,1,Returning_Visitor,False,False
0.0,0.0,0.0,0.0,20.0,505.88513,0.041357704,0.06336153,0.0,0.0,Nov,3,2,1,1,Returning_Visitor,False,False
0.0,0.0,0.0,0.0,28.0,728.7594,0.0,0.026425857,0.0,0.0,Nov,2,2,4,3,Returning_Visitor,False,False
0.0,0.0,0.0,0.0,23.0,583.11676,0.030649723,0.04,0.0,0.0,Dec,3,2,1,13,Returning_Visitor,False,False
0.0,0.0,0.0,0.0,13.182106,499.34024,0.0,0.022973971,0.0,0.0,Nov,1,1,4,2,Returning_Visitor,False,False
0.0,0.0,0.0,0.0,15.0,684.0569,0.028571429,0.05660471,0.0,0.0,Nov,1,1,1,2,Returning_Visitor,False,False
0.0,0.0,0.0,0.0,16.0,370.94638,0.007421496,0.039808802,0.0,0.0,Dec,2,2,4,3,Returning_Visitor,False,False
4.0,89.99777,0.0,0.0,29.0,1171.3392,0.009535304,0.022222223,0.0,0.0,Dec,3,2,9,2,Returning_Visitor,False,False
2.0,33.920006,0.0,0.0,14.9654665,344.6551,0.0,0.017307024,0.0,0.0,Jul,2,2,4,2,Returning_Visitor,False,False
3.0,83.64967,0.0,0.0,20.0,603.1016,0.01993347,0.038354248,0.0,0.0,Nov,1,1,1,1,Returning_Visitor,False,False
0.0,0.0,0.0,0.0,18.0,463.9869,0.0,0.022222223,0.0,0.0,Dec,2,2,1,2,Returning_Visitor,False,False
0.0,0.0,0.0,0.0,50.0,2345.8257,0.0,0.010722072,0.0,0.0,Nov,2,2,6,2,Returning_Visitor,False,False
4.0,98.00451,0.0,0.0,24.0,592.92755,0.01393375,0.024931893,0.0,0.0,Dec,3,2,3,2,Returning_Visitor,False,False
2.0,11.450309,0.0,0.0,35.279564,870.0217,0.013075919,0.03631149,0.0,0.0,Dec,2,2,2,1,Returning_Visitor,False,False
3.0,67.52275,0.0,0.0,27.0,661.6294,0.006742191,0.023228317,0.0,0.0,Dec,2,2,2,1,Returning_Visitor,False,False
0.0,0.0,0.0,0.0,21.0,1021.06213,0.012758549,0.03333333,0.0,0.0,Dec,2,4,2,1,Returning_Visitor,False,False
0.0,0.0,0.0,0.0,26.0,332.2752,0.0,0.03262908,0.0,0.0,Dec,1,1,4,3,Returning_Visitor,False,False
0.0,0.0,0.0,0.0,39.0,1009.5676,0.0,0.02,0.0,0.0,Dec,2,2,3,2,Returning_Visitor,False,False
0.0,0.0,0.0,0.0,28.0,638.2272,0.005150477,0.027953962,0.0,0.0,Nov,2,2,3,1,Returning_Visitor,False,False
0.0,0.0,0.0,0.0,11.0,273.95175,0.0,0.027258033,0.0,0.0,Nov,3,2,3,2,Returning_Visitor,False,False
0.0,0.0,0.0,0.0,9.0,172.59174,0.0,0.031668574,0.0,0.0,Dec,3,2,7,2,Returning_Visitor,False,False
4.0,77.119934,0.0,0.0,52.0,1784.244,0.0,0.015384615,12.363368,0.0,Dec,2,3,1,2,Returning_Visitor,False,False
0.0,0.0,0.0,0.0,16.0,239.68333,0.016563259,0.05,0.0,0.0,Aug,1,1,1,1,Returning_Visitor,False,False
3.0,71.95449,0.0,0.0,31.0,1053.0266,0.00503617,0.017816301,9.754026,0.0,Dec,4,2,2,2,Returning_Visitor,False,True
0.0,0.0,0.0,0.0,24.0,551.7052,0.0,0.036165435,0.0,0.0,Dec,2,2,7,1,Returning_Visitor,False,False
1.0,34.02095,0.0,0.0,45.0,1727.5248,0.0,0.015384615,0.0,0.0,Nov,2,2,1,2,Returning_Visitor,True,False
4.0,128.06384,0.0,0.0,29.898558,933.50885,0.0055495473,0.019277705,0.0,0.0,Aug,2,2,7,2,Returning_Visitor,False,False
3.0,72.03186,0.0,0.0,24.13962,653.99506,0.018370911,0.04386357,0.0,0.0,Nov,1,1,7,1,Returning_Visitor,False,False
0.0,0.0,0.0,0.0,49.0,1375.2465,0.0045523155,0.023048162,0.0,0.0,Dec,2,2,1,2,Returning_Visitor,False,False
2.0,65.66597,0.0,0.0,54.50553,2128.823,0.0070446916,0.022222223,2.811243,0.0,Dec,2,2,4,1,Returning_Visitor,False,True
0.0,0.0,0.0,0.0,26.0,568.8957,0.0043293117,0.031975787,0.0,0.0,Dec,2,2,1,2,Returning_Visitor,False,False
0.0,0.0,0.0,0.0,13.0,181.9975,0.0056796693,0.044444446,0.0,0.0,Jul,2,2,7,3,Returning_Visitor,False,False
2.0,25.024734,0.0,0.0,39.0,807.0288,0.0015410854,0.018213822,0.0,0.0,Dec,2,4,1,3,Returning_Visitor,False,False
3.0,76.71215,0.0,0.0,46.9505,1567.0564,0.0,0.020050121,0.0,0.0,Dec,2,2,7,1,Returning_Visitor,False,False
3.0,47.334778,0.0,0.0,44.0,1407.3727,0.00810068,0.01718222,0.0,0.0,Nov,1,2,9,9,Returning_Visitor,False,False
3.0,47.420074,0.0,0.0,22.640404,546.7465,0.0,0.017219577,0.0,0.0,Dec,2,2,9,2,Returning_Visitor,False,False
0.0,0.0,0.0,0.0,17.0,707.7859,0.022094786,0.05326225,0.0,0.0,Nov,2,2,1,2,Returning_Visitor,False,False
0.0,0.0,0.0,0.0,11.0,266.5048,0.004216282,0.04584866,0.0,0.0,Nov,3,2,1,3,Returning_Visitor,False,False
0.0,0.0,0.0,0.0,11.0,279.41034,0.036172338,0.06666667,0.0,0.0,Dec,1,2,4,1,Returning_Visitor,False,False
4.0,93.77666,1.0,74.55137,54.559875,2075.442,0.0055655045,0.022029687,11.204692,0.0,Nov,2,2,1,2,Returning_Visitor,False,False
0.0,0.0,0.0,0.0,25.0,551.744,0.02074872,0.04043962,0.0,0.0,Aug,1,1,1,1,Returning_Visitor,False,False
0.0,0.0,0.0,0.0,25.280756,683.8361,0.0,0.024459738,0.0,0.0,Aug,2,2,7,2,Returning_Visitor,False,False
0.0,0.0,0.0,0.0,8.0,211.24272,0.0,0.030341877,0.0,0.0,Nov,2,2,1,3,Returning_Visitor,False,False
3.0,76.86157,0.0,0.0,47.004925,1353.2219,0.0,0.011433747,0.0,0.0,Dec,2,2,6,2,Returning_Visitor,False,False
0.0,0.0,0.0,0.0,24.0,549.72687,0.0071657333,0.032536224,0.0,0.0,Sep,2,2,7,1,Returning_Visitor,False,False
0.0,0.0,0.0,0.0,24.0,671.70123,0.016666668,0.04937486,0.0,0.0,Aug,2,1,1,3,Returning_Visitor,False,False
0.0,0.0,0.0,0.0,26.0,366.83594,0.0121820355,0.030640356,0.0,0.0,Dec,2,2,6,1,Returning_Visitor,False,False
3.0,41.551224,0.0,0.0,29.0,895.84033,0.0,0.010289851,18.096888,0.0,Dec,2,2,1,2,Returning_Visitor,False,False
0.0,0.0,0.0,0.0,30.0,697.5703,0.0089060785,0.026755845,0.0,0.0,Nov,2,2,4,1,Returning_Visitor,False,False
0.0,0.0,0.0,0.0,21.0,466.73535,0.0,0.033254713,0.0,0.0,Dec,4,2,3,13,Returning_Visitor,False,False
0.0,0.0,0.0,0.0,12.0,336.14575,0.0,0.03333333,0.0,0.0,Aug,2,2,4,3,Returning_Visitor,False,False
0.0,0.0,0.0,0.0,34.848232,1261.0333,0.0044933823,0.025,0.0,0.0,Aug,2,2,1,2,Returning_Visitor,False,False
0.0,0.0,0.0,0.0,34.0,1021.9955,0.0,0.026805095,0.0,0.0,May,2,4,4,13,Returning_Visitor,False,False
0.0,0.0,0.0,0.0,13.0,254.05211,0.020202868,0.04054322,0.0,0.0,Aug,1,1,9,2,Returning_Visitor,False,False
1.0,4.630174,0.0,0.0,19.0,445.8243,0.027151134,0.041555043,0.0,0.0,Dec,1,4,1,1,Returning_Visitor,False,False
4.0,71.03474,0.0,0.0,29.696493,671.7862,0.0,0.018249536,0.0,0.0,Dec,2,2,1,1,Returning_Visitor,False,False
0.0,0.0,0.0,0.0,9.6414585,136.55922,0.0,0.056960896,0.0,0.0,Dec,2,4,1,3,Returning_Visitor,False,False
0.0,0.0,0.0,0.0,33.0,652.2148,0.0,0.023806537,0.0,0.0,Jul,4,2,1,13,Returning_Visitor,False,False
0.0,0.0,0.0,0.0,25.0,716.72485,0.0,0.02,0.0,0.0,Aug,1,2,1,2,Returning_Visitor,False,True
0.0,0.0,0.0,0.0,10.0,460.3407,0.0,0.03483894,0.0,0.0,Dec,2,2,4,3,Returning_Visitor,False,False
0.0,0.0,0.0,0.0,12.0,238.45331,0.0,0.05,0.0,0.0,Dec,3,2,1,3,Returning_Visitor,False,False
0.0,0.0,0.0,0.0,18.0,418.21063,0.0,0.006826279,0.0,0.0,Aug,2,2,1,13,Returning_Visitor,False,False
3.0,59.762295,0.0,0.0,25.0,586.457,0.0125,0.025,0.0,0.0,Nov,1,2,1,13,Returning_Visitor,False,False
0.0,0.0,0.0,0.0,8.0,341.7724,0.0,0.03333333,0.0,0.0,Nov,2,2,2,13,Returning_Visitor,False,False
0.0,0.0,0.0,0.0,15.0,484.26337,0.0,0.027407771,0.0,0.0,Dec,2,2,3,3,Returning_Visitor,False,False
0.0,0.0,0.0,0.0,15.0,303.0595,0.0,0.029006638,0.0,0.0,Aug,2,2,1,2,Returning_Visitor,False,False
0.0,0.0,0.0,0.0,11.0,139.93625,0.0,0.02326933,0.0,0.0,Dec,2,2,1,1,Returning_Visitor,False,True
3.0,64.20686,0.0,0.0,48.0,1471.821,0.0043911957,0.015384615,0.0,0.0,Dec,2,2,1,13,Returning_Visitor,False,False
0.0,0.0,0.0,0.0,27.0,910.33905,0.0,0.01759364,0.0,0.0,Nov,2,2,7,2,Returning_Visitor,False,False
0.0,0.0,0.0,0.0,32.0,1385.6055,0.028571429,0.05789023,0.0,0.0,Dec,4,2,1,13,Returning_Visitor,False,False
3.0,47.568375,0.0,0.0,43.476322,1727.6971,0.0038276035,0.020604001,9.944175,0.0,Dec,2,2,4,2,Returning_Visitor,False,False
0.0,0.0,0.0,0.0,37.0,690.00104,0.0,0.01994037,0.0,0.0,Aug,2,2,1,2,Returning_Visitor,False,False
4.0,132.01385,0.0,0.0,28.73898,1082.7933,0.006641973,0.027013527,0.0,0.0,Dec,2,2,6,13,Returning_Visitor,False,False
0.0,0.0,0.0,0.0,5.0,118.412025,0.0,0.04,0.0,0.0,Dec,2,2,1,1,Returning_Visitor,False,False
0.0,0.0,0.0,0.0,18.0,274.48022,0.014285714,0.04746298,0.0,0.0,Dec,3,2,1,1,Returning_Visitor,False,False
0.0,0.0,0.0,0.0,8.0,145.42372,0.0,0.033999324,0.0,0.0,May,2,2,1,1,Returning_Visitor,False,False
0.0,0.0,0.0,0.0,17.0,427.798,0.0,0.030576,0.0,0.0,Dec,2,1,1,3,Returning_Visitor,False,False
0.0,0.0,0.0,0.0,24.0,385.00604,0.0,0.028571429,0.0,0.0,Aug,1,1,4,1,Returning_Visitor,False,False
3.0,94.484085,0.0,0.0,41.0,1191.2778,0.009090909,0.020900624,0.0,0.0,Jul,1,1,7,1,Returning_Visitor,False,False
0.0,0.0,0.0,0.0,15.374289,331.566,0.0,0.022201294,0.0,0.0,Nov,2,1,8,2,Returning_Visitor,False,False
0.0,0.0,0.0,0.0,11.0,217.13986,0.01420673,0.05,0.0,0.0,Nov,1,2,6,1,Returning_Visitor,False,False
0.0,0.0,0.0,0.0,18.0,476.3734,0.00953417,0.036588266,0.0,0.0,Dec,2,1,1,2,Returning_Visitor,False,False
0.0,0.0,0.0,0.0,24.0,750.93054,0.022478132,0.052586492,0.0,0.0,Aug,2,2,1,13,Returning_Visitor,False,False
2.0,38.12325,0.0,0.0,24.0,791.0635,0.0,0.014285714,0.0,0.0,Nov,2,2,1,8,Returning_Visitor,False,False
0.0,0.0,0.0,0.0,10.0,212.71944,0.0,0.028786998,0.0,0.0,Mar,2,2,1,2,Returning_Visitor,False,False
0.0,0.0,0.0,0.0,24.323309,512.2572,0.0065046586,0.01489796,0.0,0.0,Aug,2,2,2,2,Returning_Visitor,False,False
2.0,52.570015,0.0,0.0,24.0,555.1436,0.0034090213,0.02005578,0.0,0.0,Dec,1,1,1,2,Returning_Visitor,False,False
0.0,0.0,0.0,0.0,35.545513,1243.9161,0.0,0.01621276,0.0,0.0,Nov,2,2,1,1,Returning_Visitor,False,False
2.0,39.84173,0.0,0.0,23.0,383.31094,0.0,0.017179606,0.0,0.0,Dec,2,2,9,2,Returning_Visitor,False,False
0.0,0.0,0.0,0.0,27.0,637.23517,0.011955903,0.034956038,0.0,0.0,Dec,2,2,1,1,Returning_Visitor,False,False
0.0,0.0,0.0,0.0,25.0,450.61157,0.01054797,0.03333333,0.0,0.0,Dec,2,2,9,3,Returning_Visitor,False,False
1.0,7.448634,0.0,0.0,27.0,638.3777,0.0,0.023366937,0.0,0.0,May,2,2,3,3,Returning_Visitor,False,False
3.0,80.38493,0.0,0.0,44.0,1859.4696,0.011620424,0.03533968,0.0,0.0,Dec,2,2,1,1,Returning_Visitor,False,False
0.0,0.0,0.0,0.0,16.0,328.22864,0.016666668,0.038947683,0.0,0.0,Nov,2,2,1,13,Returning_Visitor,False,False
0.0,0.0,0.0,0.0,21.0,503.32022,0.021187574,0.04446049,0.0,0.0,Aug,4,4,1,3,Returning_Visitor,False,False
0.0,0.0,0.0,0.0,29.0,994.1837,0.0012612905,0.027758323,0.0,0.0,Nov,2,2,1,1,Returning_Visitor,False,False
4.0,94.518814,0.0,0.0,56.824757,2125.124,0.005115943,0.016167164,0.0,0.0,Dec,4,1,1,2,Returning_Visitor,False,False
3.0,45.972977,0.0,0.0,30.0,962.53937,0.0,0.0111458665,0.0,0.0,Dec,1,1,1,2,Returning_Visitor,False,False
0.0,0.0,0.0,0.0,28.0,638.4323,0.0,0.018181818,0.0,0.0,Aug,4,2,1,2,Returning_Visitor,False,False
3.0,39.47409,0.0,0.0,32.0,1286.8168,0.0,0.018025702,0.0,0.0,Dec,2,2,4,2,Returning_Visitor,False,True
0.0,0.0,0.0,0.0,11.0,248.45596,0.0,0.037530903,0.0,0.0,Dec,1,1,1,2,Returning_Visitor,False,False
2.0,46.544643,0.0,0.0,95.07087,2350.8574,0.0049304906,0.016666668,0.0,0.0,Aug,2,2,1,1,Returning_Visitor,False,False
1.0,32.863045,0.0,0.0,23.0,545.8219,0.012336489,0.02835507,12.74574,0.0,Dec,1,4,4,2,Returning_Visitor,True,False
0.0,0.0,0.0,0.0,41.953346,765.7894,0.004413951,0.022398736,0.0,0.0,Nov,2,2,1,1,Returning_Visitor,False,False
0.0,0.0,0.0,0.0,18.0,720.25464,0.007848411,0.03762137,0.0,0.0,Aug,2,1,3,2,Returning_Visitor,False,False
4.0,61.630177,0.0,0.0,28.0,731.0318,0.0,0.011242378,0.0,0.0,Dec,1,2,1,8,Returning_Visitor,False,False
3.0,74.200676,0.0,0.0,44.0,1238.3239,0.0071904687,0.022927709,0.0,0.0,Dec,1,1,1,13,Returning_Visitor,False,False
0.0,0.0,0.0,0.0,13.962199,253.29012,0.0,0.02958762,0.0,0.0,Dec,1,1,9,3,Returning_Visitor,False,False
0.0,0.0,0.0,0.0,39.0,1479.127,0.0036169568,0.029908424,0.0,0.0,Nov,2,2,7,1,Returning_Visitor,False,False
0.0,0.0,0.0,0.0,17.0,247.83134,0.016984895,0.048194584,0.0,0.0,Jul,1,2,1,1,Returning_Visitor,False,False
0.0,0.0,0.0,0.0,19.0,405.91174,0.0,0.025432432,0.0,0.0,Nov,2,2,1,2,Returning_Visitor,False,False
3.0,80.160965,0.0,0.0,16.0,648.1677,0.0,0.023747526,0.0,0.0,Nov,2,2,9,1,Returning_Visitor,False,False
3.0,63.65712,0.0,0.0,23.0,567.2422,0.0077130212,0.029821923,0.0,0.0,Nov,4,4,4,3,Returning_Visitor,False,False
2.0,41.515514,0.0,0.0,27.0,867.05255,0.01236624,0.028222071,0.0,0.0,Sep,2,2,7,13,Returning_Visitor,False,False
0.0,0.0,0.0,0.0,20.0,681.2987,0.0,0.020128116,0.0,0.0,Nov,2,2,1,1,Returning_Visitor,False,False
0.0,0.0,0.0,0.0,28.0,788.4347,0.0,0.015328031,0.0,0.0,Nov,4,1,1,2,Returning_Visitor,False,False
5.0,92.33576,0.0,0.0,49.0,1561.6584,0.0,0.011231471,0.0,0.0,Aug,2,2,1,3,Returning_Visitor,False,False
3.0,44.039574,0.0,0.0,20.0,644.84064,0.0,0.014597534,0.0,0.0,Aug,2,2,1,2,Returning_Visitor,False,False
4.0,99.99022,0.0,0.0,78.26342,2102.2913,0.003387901,0.010419914,27.328672,0.0,Nov,4,1,1,2,Returning_Visitor,True,True
0.0,0.0,0.0,0.0,30.0,588.0721,0.0,0.022222223,0.0,0.0,Dec,3,2,1,13,Returning_Visitor,False,False
0.0,0.0,0.0,0.0,6.0,139.96887,0.0,0.05,0.0,0.0,Dec,2,2,1,8,Returning_Visitor,False,False
0.0,0.0,0.0,0.0,22.0,844.57,0.0,0.019129684,0.0,0.0,Nov,3,2,1,3,Returning_Visitor,False,False
0.0,0.0,0.0,0.0,17.0,695.6955,0.010005542,0.030136984,0.0,0.0,Dec,7,2,9,2,Returning_Visitor,False,False
0.0,0.0,0.0,0.0,27.4705,675.1965,0.0,0.018345956,0.0,0.0,Aug,2,2,1,13,Returning_Visitor,False,False
3.0,56.76238,0.0,0.0,19.78425,403.12228,0.0,0.025,0.0,0.0,Nov,1,4,4,13,Returning_Visitor,False,False
0.0,0.0,0.0,0.0,20.0,450.47052,0.0,0.022222223,0.0,0.0,Aug,1,1,1,3,Returning_Visitor,True,False
0.0,0.0,0.0,0.0,26.203938,1020.8513,0.0,0.03333333,0.0,0.0,Aug,3,2,1,1,Returning_Visitor,False,False
3.0,57.33429,0.0,0.0,11.0,193.62183,0.0,0.037494726,0.0,0.0,Dec,2,2,1,2,Returning_Visitor,False,True
0.0,0.0,0.0,0.0,20.0,349.19177,0.0,0.023883987,0.0,0.0,Dec,2,2,7,2,Returning_Visitor,False,True
0.0,0.0,0.0,0.0,20.0,665.68066,0.018352596,0.044534046,0.0,0.0,Nov,2,2,9,15,Returning_Visitor,False,False
0.0,0.0,0.0,0.0,11.0,257.432,0.0,0.0265263,0.0,0.0,Dec,2,2,1,2,Returning_Visitor,False,False
0.0,0.0,0.0,0.0,26.0,554.0435,0.0,0.013199071,0.0,0.0,Dec,4,2,1,2,Returning_Visitor,False,False
0.0,0.0,0.0,0.0,18.572575,600.5609,0.0,0.009524583,0.0,0.0,Aug,2,2,7,2,Returning_Visitor,False,False
0.0,0.0,0.0,0.0,14.0,228.63983,0.0,0.04995621,0.0,0.0,Jul,2,2,1,3,Returning_Visitor,False,False
2.0,32.500816,0.0,0.0,10.0,399.557,0.0,0.021241212,0.0,0.0,Nov,2,2,7,2,Returning_Visitor,False,False
0.0,0.0,0.0,0.0,17.0,365.85086,0.0,0.01371117,0.0,0.0,Dec,2,2,9,8,Returning_Visitor,False,False
4.0,88.05679,0.0,0.0,43.0,1167.0076,0.0074153123,0.02680472,15.101119,0.0,Nov,2,2,1,1,Returning_Visitor,False,False
5.0,89.10325,0.0,0.0,28.0,1030.1548,0.0,0.020674892,0.0,0.0,Nov,2,2,4,9,Returning_Visitor,False,False
2.0,43.239243,0.0,0.0,28.0,744.5856,0.0,0.021441257,0.0,0.0,Dec,2,2,1,2,Returning_Visitor,False,False
3.0,35.203915,0.0,0.0,26.0,608.0532,0.0,0.016666668,0.0,0.0,Nov,2,2,4,1,Returning_Visitor,False,True
4.0,58.50596,0.0,0.0,35.0,1096.5382,0.0,0.022222223,8.536926,0.0,Nov,3,2,3,1,Returning_Visitor,False,False
3.0,55.715405,0.0,0.0,32.0,681.03595,0.004711486,0.015118198,0.0,0.0,Aug,1,2,1,2,Returning_Visitor,False,False
3.0,63.86546,0.0,0.0,49.7571,1614.9727,0.006666667,0.021450745,0.0,0.0,Dec,2,2,4,2,Returning_Visitor,True,False
3.0,74.96605,0.0,0.0,14.0,552.1435,0.0,0.028014477,0.0,0.0,Nov,1,2,1,1,Returning_Visitor,False,False
0.0,0.0,0.0,0.0,15.0,307.97345,0.0,0.012133718,0.0,0.0,Nov,2,2,4,2,New_Visitor,False,False
0.0,0.0,0.0,0.0,30.0,662.1654,0.015384615,0.04,0.0,0.0,Nov,2,2,1,3,Returning_Visitor,False,False
3.0,36.5586,0.0,0.0,20.990828,523.52246,0.0,0.025,0.0,0.0,Dec,2,2,7,2,Returning_Visitor,False,False
3.0,97.97172,0.0,0.0,21.850574,317.75348,0.0,0.020149728,0.0,0.0,Nov,1,1,7,1,Returning_Visitor,False,False
0.0,0.0,0.0,0.0,18.0,317.25735,0.0,0.02724713,0.0,0.0,Dec,1,1,1,1,Returning_Visitor,False,False
0.0,0.0,0.0,0.0,26.0,501.03183,0.011657915,0.020455299,0.0,0.0,Dec,1,1,4,13,Returning_Visitor,False,False
0.0,0.0,0.0,0.0,27.0,607.6798,0.0,0.01880415,0.0,0.0,Dec,4,2,1,8,Returning_Visitor,True,False
3.0,54.062763,0.0,0.0,33.355453,1021.41614,0.0,0.011108651,32.628513,0.0,Dec,2,2,6,2,Returning_Visitor,False,False
0.0,0.0,0.0,0.0,16.0,336.26736,0.02055925,0.03009464,0.0,0.0,Nov,1,1,1,8,Returning_Visitor,False,False
0.0,0.0,0.0,0.0,16.0,283.27698,0.0,0.026541317,0.0,0.0,Dec,3,2,1,2,Returning_Visitor,False,False
0.0,0.0,0.0,0.0,11.0,484.77713,0.04,0.06379578,0.0,0.0,May,1,1,1,13,Returning_Visitor,False,False
0.0,0.0,0.0,0.0,29.0,1097.4377,0.010934755,0.031571753,0.0,0.0,Nov,2,2,3,1,Returning_Visitor,False,False
0.0,0.0,0.0,0.0,8.0,120.542946,0.042451896,0.057105888,0.0,0.0,Dec,1,1,6,1,Returning_Visitor,False,False
4.0,105.911125,0.0,0.0,18.0,477.1079,0.017800061,0.036757607,0.0,0.0,Dec,1,4,1,1,Returning_Visitor,False,False
0.0,0.0,0.0,0.0,16.0,334.16357,0.0,0.031042643,0.0,0.0,Dec,2,4,3,1,Returning_Visitor,False,False
0.0,0.0,0.0,0.0,22.265347,566.722,0.0,0.024245309,0.0,0.0,Nov,4,2,6,13,Returning_Visitor,False,False
3.0,99.872635,0.0,0.0,41.044758,1590.1594,0.006112652,0.017318983,9.918459,0.0,Nov,2,4,1,2,Returning_Visitor,False,False
0.0,0.0,0.0,0.0,27.0,730.5511,0.0121666435,0.030707328,0.0,0.0,Dec,1,4,1,1,Returning_Visitor,False,False
0.0,0.0,0.0,0.0,22.386396,658.18176,0.01111398,0.034625795,0.0,0.0,Aug,2,2,9,1,Returning_Visitor,False,False
5.0,109.81609,0.0,0.0,33.0,865.13586,0.007253935,0.024013335,0.0,0.0,Nov,2,2,7,3,Returning_Visitor,False,False
2.576719,42.206135,0.0,0.0,27.0,569.7477,0.0,0.014285714,0.0,0.0,Nov,2,2,4,19,Returning_Visitor,False,False
3.0,81.347694,0.0,0.0,27.0,636.4973,0.0045904405,0.02168676,6.9791102,0.0,Dec,1,2,1,2,Returning_Visitor,False,False
0.0,0.0,0.0,0.0,33.0,1428.1655,0.005427712,0.031084785,0.0,0.0,Dec,4,1,1,2,Returning_Visitor,False,False
3.0,68.64014,0.0,0.0,35.0,1263.9957,0.0,0.01956192,0.0,0.0,Nov,1,1,1,2,Returning_Visitor,False,False
0.0,0.0,0.0,0.0,13.0,322.57303,0.0,0.01679023,0.0,0.0,Nov,3,2,1,2,Returning_Visitor,False,False
0.0,0.0,0.0,0.0,28.0,1483.1189,0.014212512,0.032238416,0.0,0.0,Dec,2,2,6,3,Returning_Visitor,True,False
0.0,0.0,2.0,0.0,37.0,570.51807,0.0,0.016666668,0.0,0.0,Nov,1,2,1,2,Returning_Visitor,False,True
0.0,0.0,0.0,0.0,14.0,381.351,0.0,0.025270583,0.0,0.0,Nov,4,2,1,8,Returning_Visitor,False,False
0.0,0.0,0.0,0.0,27.0,743.02045,0.018181818,0.042669125,0.0,0.0,Dec,2,2,1,3,Returning_Visitor,False,False
0.0,0.0,0.0,0.0,10.0,257.20856,0.0,0.028561637,0.0,0.0,Nov,2,2,1,2,Returning_Visitor,False,False
0.0,0.0,0.0,0.0,15.0,604.47656,0.0,0.028535994,0.0,0.0,Aug,1,2,2,1,Returning_Visitor,False,False
3.0,62.403408,0.0,0.0,20.0,332.17657,0.0,0.026914438,0.0,0.0,Aug,1,1,7,3,Returning_Visitor,False,False
0.0,0.0,0.0,0.0,8.305328,160.30783,0.044025574,0.06666667,0.0,0.0,Aug,1,1,8,1,Returning_Visitor,False,False
0.0,0.0,0.0,0.0,26.0,624.6785,0.0,0.029254016,0.0,0.0,Dec,2,2,1,13,Returning_Visitor,False,False
0.0,0.0,0.0,0.0,17.0,500.18753,0.013428124,0.04000787,0.0,0.0,Dec,1,1,1,13,Returning_Visitor,False,False
0.0,0.0,0.0,0.0,37.816864,638.51526,0.0,0.025263548,0.0,0.0,Dec,2,2,1,2,Returning_Visitor,False,False
0.0,0.0,0.0,0.0,24.0,743.98517,0.024265064,0.05,0.0,0.0,Dec,2,2,1,3,Returning_Visitor,False,False
3.0,49.248405,0.0,0.0,22.0,505.66837,0.0,0.016666668,0.0,0.0,Dec,3,2,1,13,Returning_Visitor,False,False
4.0,98.970184,0.0,0.0,37.779987,1237.1385,0.0,0.02148918,350.80295,0.0,Dec,2,2,1,2,Returning_Visitor,False,False
3.0,98.26939,0.0,0.0,29.0,701.48804,0.0,0.017167425,0.0,0.0,Nov,1,2,4,3,Returning_Visitor,False,False
2.0,28.458323,0.0,0.0,36.124207,765.10266,0.0,0.016666668,0.0,0.0,Dec,2,2,2,2,Returning_Visitor,False,False
0.0,0.0,0.0,0.0,15.0,508.95636,0.0,0.019103568,0.0,0.0,Dec,2,4,1,3,Returning_Visitor,False,False
3.6781492,58.29801,0.0,0.0,23.0,987.23956,0.003443797,0.026749348,0.0,0.0,Mar,2,2,4,1,Returning_Visitor,False,False
0.0,0.0,0.0,0.0,23.233696,500.3944,0.017158296,0.038338233,0.0,0.0,Nov,2,2,2,1,Returning_Visitor,False,False
0.0,0.0,0.0,0.0,15.519899,231.95615,0.0032222222,0.03360904,0.0,0.0,Aug,2,2,1,2,Returning_Visitor,False,False
4.0,89.378784,0.0,0.0,28.0,637.0711,0.013144918,0.033882763,0.0,0.0,Dec,2,2,6,1,Returning_Visitor,False,False
0.0,0.0,0.0,0.0,27.0,676.4997,0.0,0.013675225,0.0,0.0,Nov,2,2,1,13,Returning_Visitor,False,False
3.0,67.54282,0.0,0.0,29.0,671.0146,0.0,0.01790808,0.0,0.0,Dec,2,2,4,2,Returning_Visitor,False,False
2.0,47.0843,0.0,0.0,27.0,917.7016,0.0,0.018005904,10.950582,0.0,Dec,2,2,4,3,Returning_Visitor,False,False
4.0,121.37501,0.0,0.0,41.68031,928.423,0.010520549,0.027100623,0.0,0.0,Dec,2,2,1,1,Returning_Visitor,False,False
0.0,0.0,0.0,0.0,15.0,275.92993,0.0,0.03007122,0.0,0.0,Dec,3,2,4,3,Returning_Visitor,False,False
6.0,135.69432,0.0,0.0,44.553185,1724.3578,0.0062778387,0.023502879,0.0,0.0,Dec,2,2,1,2,Returning_Visitor,False,False
0.0,0.0,0.0,0.0,21.0,741.8406,0.0,0.022222223,0.0,0.0,Dec,2,2,9,1,Returning_Visitor,False,False
0.0,0.0,0.0,0.0,26.0,604.98486,0.0087043075,0.0365998,0.0,0.0,Aug,1,4,1,2,Returning_Visitor,False,False
0.0,0.0,0.0,0.0,23.756704,690.3113,0.01595509,0.03970139,0.0,0.0,Dec,2,2,1,2,Returning_Visitor,False,False
0.0,0.0,0.0,0.0,19.0,629.46484,0.0,0.02014387,0.0,0.0,Dec,2,2,1,2,Returning_Visitor,False,False
3.0,30.574566,0.0,0.0,14.280235,321.5061,0.0,0.026113283,0.0,0.0,Nov,4,2,1,8,Returning_Visitor,False,False
0.0,0.0,0.0,0.0,13.0,306.18393,0.0,0.042394117,0.0,0.0,Dec,2,2,1,1,Returning_Visitor,False,False
2.0,43.4544,0.0,0.0,29.0,728.03595,0.010628322,0.035114028,0.0,0.0,Dec,4,2,4,1,Returning_Visitor,False,False
2.0,39.9217,0.0,0.0,48.0,1721.6761,0.005406474,0.022222223,0.0,0.0,Nov,2,2,1,1,Returning_Visitor,False,False
0.0,0.0,0.0,0.0,32.0,700.9075,0.0038667717,0.028571429,0.0,0.0,Dec,2,2,4,1,Returning_Visitor,False,False
2.0,31.870768,0.0,0.0,26.162384,648.19257,0.0,0.011279658,0.0,0.0,Dec,2,2,7,2,Returning_Visitor,False,False
0.0,0.0,0.0,0.0,23.0,591.87317,0.018044775,0.030241318,0.0,0.0,Dec,1,1,1,3,Returning_Visitor,False,False
0.0,0.0,0.0,0.0,19.82533,442.66373,0.0,0.025,0.0,0.0,Dec,2,2,1,2,Returning_Visitor,False,False
1.0,0.0,0.0,0.0,22.0,528.7281,0.019888518,0.035503283,0.0,0.0,May,1,2,9,8,Returning_Visitor,False,False
2.0,54.661953,0.0,0.0,23.979473,512.3253,0.021372832,0.03792301,0.0,0.0,Sep,4,4,2,3,Returning_Visitor,False,False
0.0,0.0,0.0,0.0,24.0,837.8047,0.0,0.022222223,0.0,0.0,Dec,2,2,1,13,Returning_Visitor,False,False
0.0,0.0,0.0,0.0,22.0,590.0061,0.0,0.022222223,0.0,0.0,Dec,2,4,1,1,Returning_Visitor,False,False
2.0,29.442364,0.0,0.0,28.698929,613.22986,0.0,0.011010438,33.78441,0.0,Aug,4,2,1,13,Returning_Visitor,False,True
0.0,0.0,0.0,0.0,53.13659,1443.6613,0.0,0.020539112,0.0,0.0,Aug,2,2,7,1,Returning_Visitor,True,False
4.0,65.96044,0.0,0.0,29.0,807.3909,0.0,0.010941868,7.042699,0.0,Dec,2,2,1,2,Returning_Visitor,False,False
2.0,28.130028,0.0,0.0,26.0,867.41144,0.0,0.02,0.0,0.0,Aug,4,2,9,2,Returning_Visitor,False,False
0.0,0.0,0.0,0.0,21.003292,860.76404,0.005447112,0.02724039,0.0,0.0,Dec,2,4,9,1,Returning_Visitor,False,False
0.0,0.0,0.0,0.0,5.0,66.02945,0.08674099,0.1053447,0.0,0.0,Dec,1,1,1,1,Returning_Visitor,False,False
0.0,0.0,0.0,0.0,14.750681,557.5078,0.0,0.024888838,0.0,0.0,Nov,2,2,1,13,Returning_Visitor,False,False
6.0,101.58972,0.0,0.0,33.0,702.7676,0.006941315,0.020526212,0.0,0.0,Dec,2,1,1,13,Returning_Visitor,False,False
0.0,0.0,0.0,0.0,19.0,609.8588,0.018181818,0.031336516,0.0,0.0,Aug,3,2,3,2,Returning_Visitor,False,False
3.726752,76.027954,0.0,0.0,68.46779,2769.8958,0.005131382,0.017166547,0.0,0.0,Nov,4,1,1,2,Returning_Visitor,True,False
0.0,0.0,0.0,0.0,43.0,848.68054,0.007692308,0.03193793,0.0,0.0,Dec,2,2,1,1,Returning_Visitor,False,False
0.0,0.0,0.0,0.0,14.0,392.7063,0.015461863,0.04,0.0,0.0,Nov,2,2,1,13,Returning_Visitor,False,False
0.0,0.0,0.0,0.0,29.0,679.0122,0.0,0.025091633,0.0,0.0,Nov,2,2,1,3,Returning_Visitor,False,False
5.0,68.19788,0.0,0.0,19.341623,590.7686,0.0,0.019486781,0.0,0.0,Nov,2,2,4,2,Returning_Visitor,False,False
2.0,46.48366,0.0,0.0,41.140198,1061.7875,0.004265296,0.020936463,0.0,0.0,Jul,2,2,6,1,Returning_Visitor,False,False
2.0,64.65731,0.0,0.0,44.0,2048.8423,0.0,0.016214883,16.350306,0.0,Dec,2,2,3,13,Returning_Visitor,False,True
2.0,26.478676,0.0,0.0,34.0,1649.7368,0.0,0.017796502,0.0,0.0,Nov,4,1,1,2,Returning_Visitor,False,False
0.0,0.0,0.0,0.0,19.0,307.27454,0.0,0.025,0.0,0.0,Aug,1,1,1,1,Returning_Visitor,False,False
3.0,63.86563,0.0,0.0,40.0,1378.3802,0.0,0.018169653,0.0,0.0,Dec,1,2,6,2,Returning_Visitor,False,False
0.0,0.0,0.0,0.0,10.133677,247.2329,0.0,0.025755608,0.0,0.0,Nov,1,1,1,8,Returning_Visitor,False,False
1.0,0.0,0.0,0.0,29.0,870.2039,0.016120309,0.03416806,0.0,0.0,Dec,2,2,1,3,Returning_Visitor,False,False
0.0,0.0,0.0,0.0,25.0,676.01184,0.0044746716,0.033142217,0.0,0.0,Aug,2,2,1,1,Returning_Visitor,False,False
0.0,0.0,0.0,0.0,34.0,735.92914,0.0,0.020213742,0.0,0.0,Dec,2,2,4,1,Returning_Visitor,False,False
0.0,0.0,0.0,0.0,25.0,611.7356,0.028571429,0.05,0.0,0.0,Nov,2,2,1,3,Returning_Visitor,False,False
0.0,0.0,0.0,0.0,21.0,544.58563,0.0,0.03031329,0.0,0.0,Dec,2,2,1,1,Returning_Visitor,False,False
6.0,133.07118,0.0,0.0,37.0,741.0103,0.0,0.016604591,0.0,0.0,Sep,4,2,1,2,Returning_Visitor,False,False
4.0,58.821423,0.0,0.0,26.0,557.81647,0.0,0.018826425,0.0,0.0,Oct,2,2,9,2,Returning_Visitor,False,False
3.0,69.950935,0.0,0.0,30.163387,1233.2406,0.0,0.025,0.0,0.0,Aug,3,2,1,1,Returning_Visitor,False,False
0.0,0.0,0.0,0.0,25.0,504.46524,0.0,0.029156037,0.0,0.0,Dec,2,2,7,1,Returning_Visitor,False,False
5.397772,85.93027,0.0,0.0,40.22568,1229.5591,0.00490207,0.015255362,0.0,0.0,Dec,4,1,1,2,Returning_Visitor,False,False
2.0,39.123016,0.0,0.0,24.0,633.19965,0.0,0.015736481,0.0,0.0,Dec,2,2,1,2,Returning_Visitor,False,False
3.0,49.24096,0.0,0.0,22.0,492.87622,0.0,0.012053877,0.0,0.0,Dec,2,2,7,2,Returning_Visitor,False,False
0.0,0.0,0.0,0.0,29.0,460.99875,0.0039807474,0.02628345,0.0,0.0,Dec,2,4,1,2,Returning_Visitor,False,False
3.0,91.50552,0.0,0.0,30.0,838.1903,0.0039017373,0.021846604,0.0,0.0,Aug,3,2,1,13,Returning_Visitor,False,False
2.0,28.770063,0.0,0.0,28.675007,630.448,0.008928822,0.028569136,0.0,0.0,Dec,2,2,1,2,Returning_Visitor,False,False
0.0,0.0,0.0,0.0,27.0,821.24365,0.0,0.016666668,0.0,0.0,Nov,1,1,6,2,Returning_Visitor,False,False
0.0,0.0,0.0,0.0,23.0,557.05035,0.031780187,0.041563116,0.0,0.0,Aug,1,1,9,1,Returning_Visitor,False,False
0.0,0.0,0.0,0.0,26.0,932.97174,0.03333333,0.06723866,0.0,0.0,May,2,2,1,1,Returning_Visitor,False,False
0.0,0.0,0.0,0.0,29.0,971.1337,0.0,0.017623851,0.0,0.0,Jul,2,2,6,1,Returning_Visitor,False,False
0.0,0.0,0.0,0.0,24.0,607.4559,0.0,0.016666668,0.0,0.0,Dec,2,2,7,2,Returning_Visitor,False,False
2.0,8.74482,0.0,0.0,21.256523,469.90265,0.0,0.01551785,0.0,0.0,Mar,4,1,1,3,Returning_Visitor,False,False
3.0,71.89718,0.0,0.0,28.0,630.8632,0.0130898105,0.025562435,0.0,0.0,Aug,3,2,4,1,Returning_Visitor,False,False
3.0,68.14555,1.0,54.97776,34.0,1195.1676,0.009136681,0.028558142,0.0,0.0,Nov,4,2,4,2,Returning_Visitor,False,False
0.0,0.0,0.0,0.0,12.0,241.87299,0.018137611,0.050926797,0.0,0.0,Sep,1,5,1,2,Returning_Visitor,True,False
0.0,0.0,0.0,0.0,26.0,756.30145,0.011123701,0.03333333,0.0,0.0,Dec,4,2,4,1,Returning_Visitor,False,False
3.0,68.39896,0.0,0.0,27.0,706.74817,0.010790262,0.031590592,0.0,0.0,Aug,2,2,1,3,Returning_Visitor,False,False
2.0,45.596394,0.0,0.0,23.0,600.5251,0.0123858,0.019010253,0.0,0.0,Nov,1,1,7,1,Returning_Visitor,False,False
0.0,0.0,0.0,0.0,14.0,277.58267,0.028571429,0.05891778,0.0,0.0,Dec,6,2,4,1,Returning_Visitor,False,False
0.0,0.0,0.0,0.0,23.0,492.67505,0.0,0.019475771,0.0,0.0,Dec,1,2,1,2,Returning_Visitor,False,False
0.0,0.0,0.0,0.0,23.0,535.9007,0.0,0.016533801,0.0,0.0,Aug,1,2,2,3,Returning_Visitor,False,False
3.0,170.18344,0.0,0.0,31.337822,1268.0466,0.0,0.014441695,0.0,0.0,Nov,3,2,1,2,Returning_Visitor,False,False
5.0,87.49263,0.0,0.0,25.0,578.8737,0.001042949,0.02,0.0,0.0,Dec,2,2,3,3,Returning_Visitor,False,False
2.0,23.583538,0.0,0.0,20.0,602.2665,0.0,0.019476349,0.0,0.0,Aug,2,2,4,3,Returning_Visitor,False,False
2.0,37.400475,0.0,0.0,20.0,589.16797,0.0,0.010518823,0.0,0.0,Aug,2,2,1,1,Returning_Visitor,False,False
2.0,28.890623,0.0,0.0,10.0,232.27649,0.0,0.03333333,0.0,0.0,Dec,2,2,1,2,Returning_Visitor,False,False
5.0,139.82756,0.0,0.0,38.046024,725.8631,0.004450759,0.01598227,0.0,0.0,Aug,1,2,7,2,Returning_Visitor,False,False
0.0,0.0,0.0,0.0,12.0,279.65204,0.0,0.03333333,0.0,0.0,Nov,2,2,1,2,Returning_Visitor,False,False
0.0,0.0,0.0,0.0,20.0,485.14362,0.0,0.03147475,0.0,0.0,Aug,2,2,4,3,Returning_Visitor,False,False
2.0,63.504047,0.0,0.0,16.0,422.71988,0.0,0.011694531,0.0,0.0,Dec,2,2,9,2,Returning_Visitor,False,False
2.0,33.0726,0.0,0.0,13.0,267.59537,0.024713965,0.06666667,0.0,0.0,Dec,3,2,1,2,Returning_Visitor,False,False
3.0,119.108284,0.0,0.0,38.948044,1658.3542,0.009863052,0.030634833,0.0,0.0,May,2,2,1,1,Returning_Visitor,False,False
0.0,0.0,0.0,0.0,12.0,217.3274,0.0,0.042128444,0.0,0.0,May,2,2,9,3,Returning_Visitor,False,False
0.0,0.0,0.0,0.0,31.0,801.45105,0.0,0.023962872,0.0,0.0,Dec,2,2,6,3,Returning_Visitor,False,False
2.0,51.89842,0.0,0.0,16.0,253.83719,0.0,0.025,0.0,0.0,Nov,1,1,1,2,Returning_Visitor,False,False
3.0,50.653904,0.0,0.0,25.0,482.91992,0.015384615,0.03333333,0.0,0.0,May,2,2,3,3,Returning_Visitor,False,False
0.0,0.0,0.0,0.0,37.0,725.6419,0.0,0.025,0.0,0.0,Dec,2,2,3,13,Returning_Visitor,False,True
3.0,75.199486,0.0,0.0,22.0,425.7492,0.0,0.027255317,0.0,0.0,Dec,1,2,1,1,Returning_Visitor,False,False
4.0,103.73796,0.0,0.0,57.946095,2259.2485,0.0058053164,0.023233319,0.0,0.0,Dec,2,2,1,9,Returning_Visitor,False,False
0.0,0.0,0.0,0.0,21.0,931.22943,0.0,0.025,0.0,0.0,Dec,2,2,1,1,Returning_Visitor,False,False
2.0583704,48.82974,0.0,0.0,11.0,598.52936,0.0,0.018304594,0.0,0.0,Dec,2,2,1,2,Returning_Visitor,False,False
0.0,0.0,0.0,0.0,14.0,266.16058,0.0,0.035546716,0.0,0.0,Nov,2,2,1,1,Returning_Visitor,False,False
0.0,0.0,0.0,0.0,26.59589,669.2092,0.0,0.019870246,0.0,0.0,Aug,1,4,1,2,Returning_Visitor,False,False
0.0,0.0,0.0,0.0,39.0,696.0386,0.0,0.020291809,0.0,0.0,Dec,2,1,1,2,Returning_Visitor,False,False
0.0,0.0,0.0,0.0,26.0,737.73206,0.0,0.025495391,0.0,0.0,Nov,2,2,1,1,Returning_Visitor,False,False
3.0,31.487007,0.0,0.0,30.0,580.21344,0.0,0.01860121,0.0,0.0,Aug,2,2,1,2,Returning_Visitor,False,False
0.0,0.0,1.0,53.808487,32.0,757.9841,0.0,0.027255593,0.0,0.0,Dec,2,2,9,1,Returning_Visitor,False,False
0.0,0.0,0.0,0.0,20.0,561.9733,0.0,0.019594299,0.0,0.0,Dec,4,2,1,13,Returning_Visitor,False,False
3.0,65.02691,0.0,0.0,20.0,392.9287,0.010080211,0.036829468,0.0,0.0,Dec,2,2,1,8,Returning_Visitor,False,False
3.0,42.015594,1.0,0.0,26.0,696.77344,0.0,0.015329789,0.0,0.0,Dec,2,2,7,2,Returning_Visitor,False,False
0.0,0.0,0.0,0.0,22.0,510.7664,0.0,0.024427777,0.0,0.0,Dec,1,2,1,2,Returning_Visitor,False,False
0.0,0.0,0.0,0.0,18.0,465.6709,0.0,0.017023543,0.0,0.0,Mar,2,2,2,1,Returning_Visitor,False,False
0.0,0.0,0.0,0.0,33.0,647.14703,0.0074724215,0.030698868,0.0,0.0,Nov,2,2,4,13,Returning_Visitor,False,False
0.0,0.0,0.0,0.0,16.0,629.76965,0.0,0.027521087,0.0,0.0,Dec,3,2,1,1,Returning_Visitor,False,False
5.0,90.22359,0.0,0.0,31.0,660.0456,0.0,0.018306812,0.0,0.0,Dec,2,2,1,2,Returning_Visitor,False,False
0.0,0.0,0.0,0.0,21.0,741.8546,0.0,0.015079263,0.0,0.0,Nov,2,2,3,2,Returning_Visitor,False,True
0.0,0.0,0.0,0.0,11.0,279.62973,0.0,0.04,0.0,0.0,Nov,2,2,1,13,Returning_Visitor,False,False
1.0,11.542871,0.0,0.0,42.795998,1271.564,0.012032368,0.025,0.0,0.0,Dec,1,2,7,2,Returning_Visitor,False,False
2.0,27.86598,0.0,0.0,16.131443,412.15933,0.0,0.016666668,0.0,0.0,Dec,4,2,1,8,Returning_Visitor,False,False
4.0,100.85537,0.0,0.0,23.73614,694.79974,0.0,0.015300748,0.0,0.0,Nov,1,2,3,1,Returning_Visitor,False,False
1.0,24.280905,0.0,0.0,15.0,315.394,0.0,0.017678875,0.0,0.0,Nov,2,4,6,8,Returning_Visitor,False,False
3.0,97.82386,0.0,0.0,52.789505,2857.4834,0.016666668,0.03644665,0.0,0.0,Dec,2,2,6,2,Returning_Visitor,False,False
3.0,90.10521,0.0,0.0,16.0,336.59155,0.0,0.022969607,0.0,0.0,Aug,4,1,9,3,Returning_Visitor,False,False
0.0,0.0,0.0,0.0,46.0,1377.188,0.0048084375,0.020955883,0.0,0.0,Dec,4,2,1,4,Returning_Visitor,False,False
0.0,0.0,0.0,0.0,29.0,652.6843,0.006393507,0.03333333,0.0,0.0,Aug,3,2,4,1,Returning_Visitor,False,False
0.0,0.0,0.0,0.0,24.0,606.4393,0.015384615,0.04,0.0,0.0,Dec,2,4,8,1,Returning_Visitor,False,False
0.0,0.0,0.0,0.0,16.0,491.95267,0.022222223,0.04226129,0.0,0.0,May,3,2,3,13,Returning_Visitor,False,False
3.0,57.419365,0.0,0.0,24.0,389.389,0.0,0.021031681,0.0,0.0,Dec,2,2,7,1,Returning_Visitor,False,False
3.0,98.3532,0.0,0.0,36.0,1887.2837,0.009090909,0.030078325,0.0,0.0,Dec,2,4,1,2,Returning_Visitor,False,False
5.0,73.26349,0.0,0.0,31.0,735.97675,0.0,0.013261852,25.373993,0.0,Dec,2,4,1,2,Returning_Visitor,False,True
5.0,182.79947,0.0,0.0,37.288136,1228.755,0.0078527685,0.021088885,14.754827,0.0,Dec,3,2,1,2,Returning_Visitor,False,False
3.0,89.257706,1.0,0.0,44.0,2004.7549,0.0055825585,0.022087773,8.87336,0.0,Aug,2,2,1,2,Returning_Visitor,False,True
5.0,99.477844,0.0,0.0,20.0,581.145,0.009912541,0.021480957,0.0,0.0,Dec,3,2,1,2,Returning_Visitor,False,False
0.0,0.0,0.0,0.0,25.0,500.42474,0.0,0.017274307,0.0,0.0,Dec,2,2,7,1,Returning_Visitor,False,False
0.0,0.0,0.0,0.0,15.0,533.2087,0.0,0.009923917,0.0,0.0,Nov,1,1,1,2,Returning_Visitor,False,False
0.0,0.0,0.0,0.0,12.0,272.92267,0.0,0.047819205,0.0,0.0,Dec,2,2,3,1,Returning_Visitor,False,False
2.0,46.5119,0.0,0.0,34.0,1433.2158,0.009927036,0.027241232,16.706442,0.0,Aug,4,1,1,2,Returning_Visitor,False,True
0.0,0.0,0.0,0.0,24.0,607.4299,0.0,0.012004845,0.0,0.0,Dec,4,2,7,9,Returning_Visitor,False,False
0.0,0.0,0.0,0.0,20.0,450.95047,0.0,0.022115173,0.0,0.0,Dec,1,1,4,2,Returning_Visitor,False,False
3.0,28.95735,0.0,0.0,30.0,677.6901,0.0,0.011228044,0.0,0.0,Nov,2,2,4,2,Returning_Visitor,True,False
2.0,22.376945,0.0,0.0,33.39338,1122.9391,0.0,0.016666668,0.0,0.0,Dec,3,2,1,3,Returning_Visitor,False,False
3.0,48.69631,0.0,0.0,36.0,650.77545,0.009831983,0.02236926,0.0,0.0,Dec,2,4,1,1,Returning_Visitor,False,False
0.0,0.0,0.0,0.0,19.0,368.16074,0.0074407835,0.02900011,0.0,0.0,Aug,2,2,7,2,Returning_Visitor,False,False
0.0,0.0,0.0,0.0,11.0,302.93628,0.0,0.019713316,0.0,0.0,Nov,4,1,1,1,Returning_Visitor,False,False
0.0,0.0,0.0,0.0,23.03725,541.8054,0.025,0.04,0.0,0.0,Nov,3,2,1,2,Returning_Visitor,False,False
6.0,133.86996,3.0,134.78125,56.0,2825.352,0.008515769,0.019046983,10.521193,0.0,Nov,1,2,1,2,Returning_Visitor,False,True
0.0,0.0,0.0,0.0,17.0,569.32,0.026759258,0.062462926,0.0,0.0,Jul,2,2,1,1,Returning_Visitor,False,False
0.0,0.0,0.0,0.0,29.326094,584.3704,0.012655198,0.03221124,0.0,0.0,Dec,4,2,1,3,Returning_Visitor,False,False
0.0,0.0,0.0,0.0,14.0,371.44232,0.0,0.023836643,0.0,0.0,Dec,2,2,3,2,Returning_Visitor,False,False
2.0,85.2165,0.0,0.0,39.0,1598.5319,0.0,0.023416199,0.0,0.0,Nov,2,2,7,1,Returning_Visitor,False,False
0.0,0.0,0.0,0.0,21.241066,680.9309,0.0,0.017374655,0.0,0.0,Dec,2,2,1,2,Returning_Visitor,False,False
3.0,69.85165,0.0,0.0,26.0,708.894,0.018064111,0.033661008,0.0,0.0,Dec,3,2,1,2,Returning_Visitor,False,False
1.0,0.0,0.0,0.0,18.0,345.9459,0.0,0.019972146,0.0,0.0,Dec,4,1,1,19,Returning_Visitor,False,False
0.0,0.0,0.0,0.0,33.0,463.9586,0.01058441,0.025,0.0,0.0,Nov,1,1,7,2,Returning_Visitor,False,False
0.0,0.0,0.0,0.0,18.0,352.3583,0.0,0.025642782,0.0,0.0,Aug,4,1,1,2,Returning_Visitor,False,False
0.0,0.0,0.0,0.0,20.0,573.14624,0.0,0.028123014,0.0,0.0,Aug,1,2,1,1,Returning_Visitor,False,False
5.0,76.3346,0.0,0.0,54.69525,993.95667,0.0,0.013333333,0.0,0.0,Aug,4,1,1,2,Returning_Visitor,True,False
0.0,0.0,0.0,0.0,19.0,503.3197,0.019916736,0.040916685,0.0,0.0,Aug,1,4,4,1,Returning_Visitor,False,False
0.0,0.0,0.0,0.0,39.0,847.45123,0.0,0.018049985,0.0,0.0,Aug,2,4,1,2,Returning_Visitor,False,False
4.0,108.53417,0.0,0.0,39.0,1197.9602,0.009884043,0.029988328,0.0,0.0,Aug,2,2,3,1,Returning_Visitor,False,False
0.0,0.0,0.0,0.0,13.0,232.99037,0.009468586,0.06294939,0.0,0.0,Nov,2,2,1,3,Returning_Visitor,False,False
0.0,0.0,0.0,0.0,18.0,284.52975,0.0,0.04064354,0.0,0.0,Feb,2,2,1,3,Returning_Visitor,False,False
0.0,0.0,0.0,0.0,26.0,681.707,0.0,0.011870699,0.0,0.0,Nov,2,2,3,1,Returning_Visitor,False,True
0.0,0.0,0.0,0.0,10.0,376.61652,0.0,0.030818867,0.0,0.0,Nov,2,2,1,8,Returning_Visitor,False,False
3.0,61.261368,0.0,0.0,23.961025,579.3373,0.0,0.013519449,0.0,0.0,Aug,2,2,2,2,Returning_Visitor,False,True
0.0,0.0,0.0,0.0,4.8201914,73.932045,0.0,0.05,0.0,0.0,Aug,2,2,1,3,Returning_Visitor,False,False
2.0,61.77637,0.0,0.0,37.0,622.30457,0.0023414292,0.026658865,0.0,0.0,Dec,2,2,4,1,Returning_Visitor,False,False
2.0,47.755386,0.0,0.0,13.0,307.68008,0.0,0.026680693,0.0,0.0,Nov,2,2,1,2,Returning_Visitor,False,False
0.0,0.0,0.0,0.0,11.0,314.94876,0.0,0.02776667,0.0,0.0,Nov,2,5,1,2,Returning_Visitor,False,False
0.0,0.0,0.0,0.0,15.0,343.31772,0.0,0.036952134,0.0,0.0,Dec,4,1,1,2,Returning_Visitor,False,False
6.0,174.46999,0.0,0.0,46.991753,1154.8722,0.0,0.01603883,0.0,0.0,Nov,1,1,1,2,Returning_Visitor,False,False
6.0,139.89859,0.0,0.0,39.0,1097.9794,0.0,0.011687498,0.0,0.0,Dec,2,2,9,1,Returning_Visitor,False,False
4.859007,81.92218,0.0,0.0,57.30673,1845.9568,0.0,0.015384615,6.475413,0.0,Aug,2,2,7,2,Returning_Visitor,False,False
5.0,76.302216,0.0,0.0,49.92244,1634.1691,0.0,0.013710321,0.0,0.0,Dec,2,2,1,1,Returning_Visitor,False,False
0.0,0.0,0.0,0.0,12.0,222.40738,0.006201024,0.04,0.0,0.0,Nov,4,2,2,1,Returning_Visitor,False,False
0.0,0.0,0.0,0.0,8.252525,222.09442,0.0,0.0480063,0.0,0.0,Dec,2,2,1,1,Returning_Visitor,False,False
0.0,0.0,0.0,0.0,10.0,611.63873,0.0,0.0290194,0.0,0.0,Nov,2,1,7,20,Returning_Visitor,False,False
0.0,0.0,0.0,0.0,23.0,813.53625,0.05238066,0.073487125,0.0,0.0,Dec,2,2,7,1,Returning_Visitor,False,False
3.0244367,57.1064,0.0,0.0,20.0,308.65457,0.0,0.016402487,0.0,0.0,Dec,4,1,1,3,Returning_Visitor,False,False
5.0,86.16138,0.0,0.0,48.90659,1424.8348,0.009090909,0.024685644,0.0,0.0,Aug,2,2,9,8,Returning_Visitor,False,False
0.0,0.0,0.0,0.0,28.0,1026.2135,0.0,0.02,0.0,0.0,Dec,2,2,1,1,Returning_Visitor,False,False
0.0,0.0,0.0,0.0,28.0,655.97015,0.0,0.024208227,0.0,0.0,Nov,3,2,4,3,Returning_Visitor,False,False
0.0,0.0,0.0,0.0,15.994991,401.652,0.018554363,0.044755664,0.0,0.0,Dec,1,2,3,1,Returning_Visitor,False,False
0.0,0.0,0.0,0.0,24.0,363.6954,0.007059645,0.026046563,0.0,0.0,Dec,3,2,1,2,Returning_Visitor,False,False
4.0,82.17372,0.0,0.0,39.0,832.5102,0.0,0.009538311,0.0,0.0,Aug,1,2,7,2,Returning_Visitor,False,False
0.0,0.0,0.0,0.0,11.0,341.43253,0.0,0.04,0.0,0.0,Nov,2,2,4,1,Returning_Visitor,False,False
4.0,90.80496,0.0,0.0,23.0,654.8669,0.0,0.023782622,0.0,0.0,Aug,2,2,1,2,Returning_Visitor,False,False
0.0,0.0,0.0,0.0,27.0,778.73047,0.0,0.02259519,0.0,0.0,Dec,2,2,1,2,Returning_Visitor,False,False
0.0,0.0,0.0,0.0,4.0,122.067924,0.0,0.0447572,0.0,0.0,Dec,7,2,2,3,Returning_Visitor,False,False
2.0,49.329784,0.0,0.0,38.0,1400.4043,0.0070911837,0.02856026,0.0,0.0,May,2,2,1,1,Returning_Visitor,False,False
0.0,0.0,0.0,0.0,17.0,477.87396,0.0,0.026690954,0.0,0.0,Nov,2,2,4,2,Returning_Visitor,False,False
4.0,71.60598,0.0,0.0,41.0,869.0458,0.0,0.009741245,0.0,0.0,Nov,2,2,1,10,Returning_Visitor,False,False
0.0,0.0,0.0,0.0,13.0,318.04163,0.0,0.03391417,0.0,0.0,Nov,3,2,1,1,Returning_Visitor,False,False
3.0,59.07394,0.0,0.0,23.372887,719.93146,0.0,0.020089867,0.0,0.0,Aug,2,2,9,1,Returning_Visitor,False,True
2.0,39.964806,0.0,0.0,22.0,466.2807,0.0032513551,0.025798777,0.0,0.0,Dec,1,2,4,2,Returning_Visitor,False,False
0.0,0.0,0.0,0.0,16.0,412.42276,0.0,0.03333333,0.0,0.0,Dec,2,2,3,2,Returning_Visitor,False,False
2.0,33.37315,0.0,0.0,42.0,1443.5297,0.004634396,0.02,0.0,0.0,Nov,2,2,9,2,Returning_Visitor,False,False
0.0,0.0,0.0,0.0,17.0,319.6629,0.0,0.0125,0.0,0.0,Nov,1,4,1,10,Returning_Visitor,False,False
4.0,56.828747,0.0,0.0,32.968735,689.5708,0.0074031516,0.021999948,0.0,0.0,Nov,2,2,1,1,Returning_Visitor,False,False
0.0,0.0,0.0,0.0,25.0,534.2584,0.025,0.05,0.0,0.0,Dec,2,2,3,13,Returning_Visitor,False,False
0.0,0.0,0.0,0.0,12.0,268.8591,0.030808382,0.057244707,0.0,0.0,Nov,1,1,1,1,Returning_Visitor,False,False
0.0,0.0,0.0,0.0,29.0,713.06573,0.0,0.01351462,0.0,0.0,Nov,2,2,1,2,Returning_Visitor,False,False
2.0,36.383713,0.0,0.0,17.143047,566.2045,0.0,0.020963212,0.0,0.0,Dec,2,2,1,2,Returning_Visitor,False,False
0.0,0.0,0.0,0.0,25.485857,557.8596,0.0,0.018181818,0.0,0.0,Dec,2,2,1,1,Returning_Visitor,False,False
3.0,85.226494,0.0,0.0,35.0,1184.0793,0.0,0.014854549,7.1750336,0.0,Dec,2,2,4,2,Returning_Visitor,False,True
2.0,43.740234,0.0,0.0,36.0,851.31744,0.0,0.014083121,0.0,0.0,Dec,2,2,4,1,Returning_Visitor,False,False
0.0,0.0,0.0,0.0,29.0,776.8585,0.0021705527,0.028027048,0.0,0.0,Dec,3,2,4,2,Returning_Visitor,False,False
0.0,0.0,0.0,0.0,18.0,299.42038,0.0,0.021420905,0.0,0.0,Nov,1,1,1,2,Returning_Visitor,False,False
0.0,0.0,0.0,0.0,19.0,607.5767,0.0,0.028569708,0.0,0.0,Nov,2,2,1,1,Returning_Visitor,False,False
0.0,0.0,0.0,0.0,16.0,243.27231,0.0,0.030609114,0.0,0.0,Aug,4,2,1,13,Returning_Visitor,False,False
0.0,0.0,0.0,0.0,27.0,635.74963,0.005947729,0.025199259,0.0,0.0,Dec,1,1,1,19,Returning_Visitor,True,False
2.0,47.028442,0.0,0.0,16.0,280.07172,0.0,0.025,0.0,0.0,Dec,1,1,1,2,Returning_Visitor,False,False
0.0,0.0,0.0,0.0,17.0,514.70123,0.008769734,0.04,0.0,0.0,Jul,2,2,1,2,Returning_Visitor,False,False
0.0,0.0,0.0,0.0,32.0,922.35626,0.0,0.01864311,13.445903,0.0,Dec,2,2,1,2,Returning_Visitor,False,False
0.0,0.0,0.0,0.0,20.0,611.9028,0.022291258,0.041435756,0.0,0.0,Nov,3,2,7,13,Returning_Visitor,False,False
0.0,0.0,0.0,0.0,13.0,253.1578,0.0,0.03333333,0.0,0.0,Aug,2,2,1,9,Returning_Visitor,False,False
2.0,43.97389,0.0,0.0,35.0,1393.3416,0.0,0.011836378,40.519707,0.0,Aug,2,4,7,8,Returning_Visitor,False,True
0.0,0.0,0.0,0.0,17.410954,652.84485,0.0,0.020828404,0.0,0.0,Aug,2,2,1,10,Returning_Visitor,False,False
0.0,0.0,0.0,0.0,17.0,603.9987,0.0,0.023792507,0.0,0.0,Dec,2,4,1,9,Returning_Visitor,False,False
3.0,47.86357,0.0,0.0,29.832035,1082.5715,0.0,0.014212467,5.666482,0.0,Dec,2,2,3,1,Returning_Visitor,False,False
1.0,0.0,0.0,0.0,31.0,627.61816,0.00437168,0.023485627,0.0,0.0,Nov,1,1,4,19,Returning_Visitor,False,False
0.0,0.0,0.0,0.0,40.0,924.9504,0.010924643,0.026882714,0.0,0.0,Jul,3,2,1,4,Returning_Visitor,False,False
0.0,0.0,0.0,0.0,12.0,316.4198,0.0,0.019853333,0.0,0.0,Nov,3,2,9,2,Returning_Visitor,False,False
0.0,0.0,0.0,0.0,23.0,672.5679,0.025367884,0.04001624,0.0,0.0,Nov,4,2,6,15,Returning_Visitor,False,False
0.0,0.0,0.0,0.0,17.0,524.70966,0.0,0.03744735,0.0,0.0,Nov,2,8,1,9,Returning_Visitor,False,False
3.0,75.46745,0.0,0.0,27.0,665.2062,0.0,0.01902937,0.0,0.0,Nov,1,2,1,2,Returning_Visitor,False,False
0.0,0.0,0.0,0.0,20.0,271.79352,0.0,0.045262106,0.0,0.0,Aug,2,4,1,1,Returning_Visitor,False,False
3.0,72.09855,0.0,0.0,23.0,585.4577,0.0,0.015384615,0.0,0.0,Dec,2,2,1,2,Returning_Visitor,False,False
0.0,0.0,0.0,0.0,14.0,392.80798,0.017227858,0.030781256,0.0,0.0,Aug,1,2,3,2,Returning_Visitor,False,False
0.0,0.0,0.0,0.0,22.0,459.80756,0.0,0.029221244,0.0,0.0,Dec,3,2,9,2,Returning_Visitor,False,False
0.0,0.0,0.0,0.0,13.0,501.46088,0.03821302,0.072158515,0.0,0.0,Nov,3,2,4,3,Returning_Visitor,True,False
6.0,136.79874,1.0,0.0,74.55373,3023.6606,0.007414166,0.026848808,0.0,0.0,Nov,2,2,1,1,Returning_Visitor,False,False
0.0,0.0,0.0,0.0,17.0,422.40454,0.0,0.022222223,0.0,0.0,Nov,2,2,1,2,Returning_Visitor,False,False
2.0,15.268741,0.0,0.0,41.0,1034.4214,0.0,0.025,0.0,0.0,May,2,2,1,1,Returning_Visitor,False,False
0.0,0.0,0.0,0.0,35.0,1272.3126,0.0068973647,0.028571429,0.0,0.0,Aug,2,2,1,3,Returning_Visitor,False,False
0.0,0.0,0.0,0.0,24.0,781.7454,0.0,0.019578291,0.0,0.0,Nov,2,2,1,2,Returning_Visitor,False,False
0.0,0.0,0.0,0.0,17.0,322.82294,0.022222223,0.051441878,0.0,0.0,Dec,1,2,1,1,Returning_Visitor,False,False
0.0,0.0,0.0,0.0,19.217684,527.8818,0.010082313,0.03333333,0.0,0.0,Dec,2,2,1,2,Returning_Visitor,False,False
0.0,0.0,0.0,0.0,28.0,751.80347,0.0,0.02350408,0.0,0.0,Nov,2,2,1,1,Returning_Visitor,False,False
0.0,0.0,0.0,0.0,7.0139246,142.42215,0.0,0.04009387,0.0,0.0,Nov,2,2,6,1,Returning_Visitor,False,False
0.0,0.0,0.0,0.0,7.0,194.83493,0.0,0.04567598,0.0,0.0,Dec,4,1,1,3,Returning_Visitor,False,False
4.0,64.536,0.0,0.0,38.385334,1129.7651,0.0,0.018211165,12.393702,0.0,Dec,2,2,1,2,Returning_Visitor,False,False
0.0,0.0,0.0,0.0,15.0,312.7106,0.0,0.025,0.0,0.0,Dec,2,2,4,3,Returning_Visitor,False,False
2.0,41.75783,0.0,0.0,36.47418,689.0248,0.0067612263,0.02204959,0.0,0.0,Dec,4,1,4,2,Returning_Visitor,False,False
0.0,0.0,0.0,0.0,8.0,254.45546,0.0,0.03355916,0.0,0.0,Dec,2,2,1,13,Returning_Visitor,False,False
2.0,50.370384,0.0,0.0,13.0,330.4631,0.0,0.009508835,0.0,0.0,Dec,2,2,1,2,Returning_Visitor,False,False
0.0,0.0,0.0,0.0,19.0,536.9462,0.0,0.025099711,0.0,0.0,Nov,2,2,6,2,Returning_Visitor,False,False
3.0,86.45488,0.0,0.0,39.0,1475.2089,0.0,0.0143113565,22.288452,0.0,Nov,2,2,1,1,Returning_Visitor,False,True
0.0,0.0,0.0,0.0,20.0,336.23453,0.00996668,0.03333333,0.0,0.0,Dec,2,2,9,2,Returning_Visitor,False,False
0.0,0.0,0.0,0.0,13.0,265.7005,0.017827129,0.03733147,0.0,0.0,Nov,2,2,1,10,Returning_Visitor,False,False
0.0,0.0,0.0,0.0,27.0,670.2871,0.0,0.015384615,0.0,0.0,Dec,1,2,1,1,Returning_Visitor,False,False
5.0,94.68417,0.0,0.0,28.0,919.7005,0.0,0.017346364,0.0,0.0,Jul,2,2,1,13,Returning_Visitor,False,False
0.0,0.0,0.0,0.0,19.17124,291.5417,0.009731632,0.03391166,0.0,0.0,Dec,2,2,7,20,Returning_Visitor,False,False
0.0,0.0,0.0,0.0,20.0,368.4688,0.0,0.0353349,0.0,0.0,Dec,3,2,1,2,Returning_Visitor,False,False
0.0,0.0,0.0,0.0,38.82232,693.8029,0.0,0.017808288,0.0,0.0,Dec,2,2,1,2,Returning_Visitor,False,False
0.0,0.0,0.0,0.0,20.0,257.98502,0.0,0.027263101,0.0,0.0,Aug,4,1,1,8,Returning_Visitor,False,False
0.0,0.0,0.0,0.0,20.0,445.56146,0.0,0.023493106,0.0,0.0,Nov,3,2,1,1,Returning_Visitor,False,False
0.0,0.0,0.0,0.0,15.0,332.19043,0.012634119,0.035614796,0.0,0.0,Nov,4,2,7,1,Returning_Visitor,False,False
2.0,31.603416,0.0,0.0,29.0,1180.3704,0.0,0.02296549,346.0104,0.0,Nov,2,2,7,2,Returning_Visitor,False,False
0.0,0.0,0.0,0.0,30.233679,822.4658,0.0,0.018699229,3.859425,0.0,Nov,2,2,1,13,Returning_Visitor,False,True
0.0,0.0,0.0,0.0,32.0,677.3965,0.0,0.025,0.0,0.0,Dec,2,2,1,1,Returning_Visitor,False,False
0.0,0.0,0.0,0.0,21.0,376.02612,0.009409463,0.042435706,0.0,0.0,Aug,4,2,8,1,Returning_Visitor,False,False
3.0,55.50545,0.0,0.0,28.0,994.6442,0.0,0.022142481,0.0,0.0,Dec,2,2,1,2,Returning_Visitor,False,False
0.0,0.0,0.0,0.0,34.67544,1280.9358,0.010595484,0.03333333,0.0,0.0,Aug,2,2,1,1,Returning_Visitor,False,False
3.0,65.75177,0.0,0.0,41.0,1232.3844,0.0,0.0125,0.0,0.0,Nov,4,2,1,8,Returning_Visitor,False,True
0.0,0.0,0.0,0.0,17.0,392.8075,0.0,0.019333571,0.0,0.0,Dec,2,4,2,2,Returning_Visitor,False,False
0.0,0.0,0.0,0.0,22.010374,654.6399,0.014784402,0.0386902,0.0,0.0,Dec,2,2,1,1,Returning_Visitor,False,False
0.0,0.0,0.0,0.0,18.675932,415.84586,0.018311348,0.047734316,0.0,0.0,Dec,4,2,8,2,Returning_Visitor,False,False
1.0,3.811657,0.0,0.0,28.0,629.6397,0.0,0.018906372,0.0,0.0,Dec,4,2,1,2,Returning_Visitor,False,False
0.0,0.0,0.0,0.0,15.0,275.47583,0.0,0.022222223,0.0,0.0,Nov,2,5,3,2,Returning_Visitor,False,False
2.0,42.558186,0.0,0.0,39.0,693.55695,0.0,0.017086916,0.0,0.0,Dec,2,2,1,13,Returning_Visitor,False,False
0.0,0.0,0.0,0.0,14.0,281.1556,0.0,0.028571429,0.0,0.0,Dec,2,2,9,10,Returning_Visitor,False,False
2.0,46.70136,0.0,0.0,12.0,282.39087,0.0,0.00995538,0.0,0.0,Aug,2,2,1,13,New_Visitor,False,False
0.0,0.0,0.0,0.0,18.0,422.147,0.0,0.021335753,0.0,0.0,Nov,2,2,4,2,New_Visitor,False,False
3.0,62.796955,0.0,0.0,26.0,548.7418,0.0,0.01087114,0.0,0.0,Dec,1,2,1,2,Returning_Visitor,False,False
0.0,0.0,0.0,0.0,12.0,221.60417,0.0,0.026703116,0.0,0.0,Dec,1,2,9,2,Returning_Visitor,False,False
0.0,0.0,0.0,0.0,18.0,312.24127,0.0,0.024367657,0.0,0.0,Nov,2,2,1,10,Returning_Visitor,False,False
2.0,33.665913,0.0,0.0,38.0,677.9471,0.0,0.015885223,0.0,0.0,Nov,2,2,3,2,Returning_Visitor,False,False
0.0,0.0,0.0,0.0,30.0,1150.3894,0.0088354545,0.03333333,0.0,0.0,Nov,4,1,1,2,Returning_Visitor,False,False
0.0,0.0,0.0,0.0,24.121471,550.3027,0.010849237,0.02116508,0.0,0.0,Dec,1,4,4,2,Returning_Visitor,False,False
2.0,57.631657,0.0,0.0,21.0,418.6504,0.0,0.022032615,0.0,0.0,Nov,1,1,1,1,Returning_Visitor,False,False
0.0,0.0,0.0,0.0,42.0,924.7977,0.0,0.014272163,0.0,0.0,Nov,2,2,6,1,Returning_Visitor,False,False
0.0,0.0,0.0,0.0,20.0,405.5885,0.025,0.05,0.0,0.0,Dec,3,2,1,13,Returning_Visitor,False,False
0.0,0.0,0.0,0.0,28.0,693.2779,0.0,0.025,0.0,0.0,Dec,2,2,1,2,Returning_Visitor,False,False
0.0,0.0,0.0,0.0,28.2513,650.1714,0.0,0.024022264,0.0,0.0,Aug,2,2,1,2,Returning_Visitor,False,False
0.0,0.0,0.0,0.0,23.0,556.3257,0.016281461,0.03333333,0.0,0.0,Nov,1,1,1,2,Returning_Visitor,False,False
3.0,86.692986,0.0,0.0,42.0,1652.0249,0.0,0.012273686,10.189513,0.0,Dec,2,2,4,1,Returning_Visitor,False,False
0.0,0.0,0.0,0.0,22.0,519.2522,0.0,0.025,0.0,0.0,Nov,2,2,9,2,Returning_Visitor,False,False
0.0,0.0,0.0,0.0,4.0,183.97903,0.0,0.05517171,0.0,0.0,Nov,2,2,3,1,Returning_Visitor,False,False
0.0,0.0,0.0,0.0,42.0,1510.2952,0.008984697,0.028571429,0.0,0.0,Nov,2,2,1,3,Returning_Visitor,False,False
1.0,0.0,0.0,0.0,21.0,658.5723,0.0,0.022222223,0.0,0.0,Aug,3,2,3,2,Returning_Visitor,False,False
6.0,114.04132,0.0,0.0,42.025913,1049.4044,0.0048907297,0.02,0.0,0.0,Aug,2,2,1,2,Returning_Visitor,True,False
1.0,4.0,0.0,0.0,38.0,859.0335,0.0,0.01816815,0.0,0.0,Dec,3,2,6,2,Returning_Visitor,False,False
0.0,0.0,0.0,0.0,15.0,674.02765,0.0125291925,0.043997347,0.0,0.0,Aug,4,2,6,1,Returning_Visitor,False,False
0.0,0.0,0.0,0.0,13.0,476.91925,0.026681269,0.056174736,0.0,0.0,Nov,2,2,1,1,Returning_Visitor,False,False
0.0,0.0,0.0,0.0,15.0,488.40076,0.0,0.03333333,0.0,0.0,Dec,2,2,1,1,Returning_Visitor,False,False
0.0,0.0,0.0,0.0,21.0,1269.0665,0.0,0.024749886,0.0,0.0,Nov,2,2,1,2,Returning_Visitor,False,False
0.0,0.0,0.0,0.0,50.08479,1509.777,0.0,0.010650206,0.0,0.0,Aug,2,2,1,2,Returning_Visitor,False,False
0.0,0.0,0.0,0.0,27.316275,668.5181,0.0,0.030397702,361.30768,0.0,Aug,2,2,4,2,Returning_Visitor,False,False
0.0,0.0,0.0,0.0,30.381794,691.4177,0.0,0.016666668,0.0,0.0,Jul,2,2,7,1,Returning_Visitor,False,False
0.0,0.0,0.0,0.0,16.0,411.2696,0.020075135,0.037234396,0.0,0.0,Dec,3,2,6,2,Returning_Visitor,True,False
3.0,64.17354,0.0,0.0,43.09165,1184.16,0.010152767,0.024519,0.0,0.0,Nov,1,1,1,1,Returning_Visitor,True,False
0.0,0.0,0.0,0.0,30.0,729.0472,0.0,0.022222223,4.1431074,0.0,Aug,2,2,7,2,Returning_Visitor,False,True
0.0,0.0,0.0,0.0,11.0,247.86102,0.0,0.045693956,0.0,0.0,Dec,2,2,1,2,Returning_Visitor,False,False
0.0,0.0,0.0,0.0,36.0,1038.7412,0.006666667,0.018543411,10.120277,0.0,Nov,2,2,3,2,Returning_Visitor,True,True
0.0,0.0,0.0,0.0,16.0,342.14264,0.0056491126,0.03333333,0.0,0.0,Nov,1,2,1,2,Returning_Visitor,False,False
0.0,0.0,0.0,0.0,28.0,1068.9808,0.011712311,0.026531393,0.0,0.0,Nov,1,1,1,2,Returning_Visitor,False,False
2.0,30.658531,0.0,0.0,25.272114,606.835,0.0,0.015729845,0.0,0.0,Dec,2,2,7,2,Returning_Visitor,False,False
2.0,20.198483,0.0,0.0,43.0,1289.2924,0.0011082587,0.022222223,0.0,0.0,Nov,2,2,1,1,Returning_Visitor,False,False
0.0,0.0,0.0,0.0,25.0,759.3692,0.014285714,0.041894186,0.0,0.0,Dec,2,2,3,1,Returning_Visitor,False,False
0.0,0.0,0.0,0.0,26.0,541.27747,0.0,0.016262297,0.0,0.0,Nov,2,2,9,2,Returning_Visitor,False,False
3.0,72.04719,0.0,0.0,39.0,1217.1952,0.0,0.016666668,0.0,0.0,Dec,2,2,2,2,Returning_Visitor,False,False
0.0,0.0,0.0,0.0,22.0,596.2786,0.0,0.030125087,0.0,0.0,Dec,2,2,4,19,Returning_Visitor,False,False
0.0,0.0,0.0,0.0,13.0,328.78726,0.0,0.03150522,0.0,0.0,Aug,2,2,4,2,Returning_Visitor,False,False
0.0,0.0,0.0,0.0,29.692133,620.79675,0.0,0.025069885,0.0,0.0,Aug,2,2,7,13,Returning_Visitor,False,False
0.0,0.0,0.0,0.0,15.0,281.3264,0.0,0.049944934,0.0,0.0,Dec,2,2,1,3,Returning_Visitor,False,False
1.0,9.927302,0.0,0.0,35.151646,745.2062,0.0,0.01535367,0.0,0.0,Nov,2,2,1,2,Returning_Visitor,False,False
1.0,0.0,0.0,0.0,20.282768,396.89835,0.0,0.02789745,0.0,0.0,Dec,1,4,1,1,Returning_Visitor,False,True
0.0,0.0,0.0,0.0,37.0,829.58765,0.0,0.018735036,22.41901,0.0,Dec,2,2,1,9,Returning_Visitor,False,False
0.0,0.0,0.0,0.0,11.0,287.4274,0.0,0.039550774,0.0,0.0,Aug,1,2,1,3,Returning_Visitor,False,False
0.0,0.0,0.0,0.0,41.0,1207.3219,0.009361162,0.04,0.0,0.0,Dec,4,4,1,1,Returning_Visitor,False,False
0.0,0.0,0.0,0.0,22.0,391.23907,0.00829923,0.019940868,0.0,0.0,Aug,1,1,1,2,Returning_Visitor,True,False
0.0,0.0,0.0,0.0,25.0,1208.288,0.0,0.023323784,0.0,0.0,Dec,2,2,7,1,Returning_Visitor,False,False
5.0,106.62643,0.0,0.0,26.0,648.9278,0.0,0.019151665,0.0,0.0,Sep,2,4,1,1,Returning_Visitor,False,False
1.0,0.0,0.0,0.0,33.0,872.6998,0.007443899,0.01949398,0.0,0.0,Aug,4,1,1,1,Returning_Visitor,False,True
0.0,0.0,0.0,0.0,20.0,363.38498,0.010007969,0.031835005,0.0,0.0,Dec,4,2,8,1,Returning_Visitor,False,False
2.0,40.67372,0.0,0.0,23.0,799.0519,0.0,0.011730406,0.0,0.0,Dec,2,2,3,2,Returning_Visitor,False,False
3.0,78.70614,0.0,0.0,18.195599,597.4215,0.0,0.022972282,0.0,0.0,Dec,3,4,1,2,Returning_Visitor,False,False
0.0,0.0,0.0,0.0,11.0,604.0674,0.0,0.02356852,0.0,0.0,Nov,1,4,1,1,Returning_Visitor,False,False
0.0,0.0,0.0,0.0,9.0,280.49792,0.0,0.032322343,0.0,0.0,Mar,2,2,3,15,Returning_Visitor,False,False
4.0,65.866455,0.0,0.0,53.0,1824.7975,0.003410116,0.017788604,8.69291,0.0,Aug,4,1,1,19,Returning_Visitor,False,False
4.0,58.566654,0.0,0.0,24.0,575.7112,0.0,0.02,0.0,0.0,Dec,2,2,4,2,Returning_Visitor,False,False
1.0,0.0,0.0,0.0,24.0,514.78955,0.0,0.025,0.0,0.0,Dec,2,4,7,2,Returning_Visitor,False,False
0.0,0.0,0.0,0.0,33.069603,682.5482,0.016666668,0.037438627,0.0,0.0,Nov,3,2,4,1,Returning_Visitor,False,False
0.0,0.0,0.0,0.0,27.777317,830.54645,0.0,0.026232205,0.0,0.0,Dec,2,2,1,13,Returning_Visitor,False,False
3.0,39.346294,0.0,0.0,43.561996,1325.4047,0.0,0.018862395,10.152666,0.0,Nov,2,2,1,2,Returning_Visitor,False,True
0.0,0.0,0.0,0.0,23.0,866.5471,0.01645022,0.037567697,0.0,0.0,Dec,2,2,1,1,Returning_Visitor,False,False
0.0,0.0,0.0,0.0,16.0,320.50598,0.01983955,0.032645106,0.0,0.0,Nov,2,2,1,20,Returning_Visitor,False,False
0.0,0.0,0.0,0.0,13.0,194.0121,0.03374003,0.06666667,0.0,0.0,Dec,2,2,9,1,Returning_Visitor,False,False
0.0,0.0,0.0,0.0,35.05285,769.2839,0.0,0.025,0.0,0.0,Sep,2,2,4,2,Returning_Visitor,False,False
0.0,0.0,0.0,0.0,27.110508,695.87524,0.0,0.029096132,0.0,0.0,Aug,2,2,4,3,Returning_Visitor,False,False
2.0,45.137905,0.0,0.0,16.0,532.7556,0.0,0.012347545,0.0,0.0,Nov,2,2,3,2,Returning_Visitor,False,False
0.0,0.0,0.0,0.0,8.0,208.4471,0.05761877,0.08759346,0.0,0.0,Dec,2,2,7,1,Returning_Visitor,False,False
0.0,0.0,0.0,0.0,27.0,657.9509,0.0,0.020510579,0.0,0.0,Nov,2,2,3,2,Returning_Visitor,False,False
3.0,52.974106,0.0,0.0,34.0,1240.0952,0.0,0.0125,0.0,0.0,Aug,2,4,1,2,Returning_Visitor,False,False
2.0,44.258713,0.0,0.0,51.841587,1544.9813,0.011095022,0.022273324,0.0,0.0,Aug,4,2,1,13,Returning_Visitor,False,False
5.0,102.74621,0.0,0.0,33.0,971.19055,0.0054042265,0.02,0.0,0.0,Nov,2,2,1,1,Returning_Visitor,False,False
0.0,0.0,0.0,0.0,20.0,637.62,0.025,0.046556495,0.0,0.0,Nov,2,2,3,1,Returning_Visitor,False,False
4.0,88.70911,0.0,0.0,37.0,797.1211,0.008678468,0.022720722,0.0,0.0,Aug,3,2,1,1,Returning_Visitor,False,False
0.0,0.0,0.0,0.0,29.0,824.9285,0.004693553,0.024070006,0.0,0.0,Sep,2,2,9,1,Returning_Visitor,False,False
2.0,43.568657,0.0,0.0,8.12178,183.13379,0.0,0.022222223,0.0,0.0,Dec,4,1,9,8,Returning_Visitor,False,False
0.0,0.0,0.0,0.0,10.0,207.76535,0.0,0.033183977,0.0,0.0,Aug,2,2,7,8,Returning_Visitor,True,False
0.0,0.0,0.0,0.0,21.0,547.70386,0.014505889,0.033822555,0.0,0.0,Aug,1,4,1,1,Returning_Visitor,False,False
4.0,118.08633,0.0,0.0,44.753693,1686.7312,0.0019764046,0.015295914,0.0,0.0,Mar,2,2,2,1,Returning_Visitor,False,False
0.0,0.0,0.0,0.0,20.23854,437.78625,0.011785282,0.029321803,0.0,0.0,Dec,1,2,1,2,Returning_Visitor,False,False
0.0,0.0,0.0,0.0,24.0,498.1507,0.0,0.011790027,0.0,0.0,Dec,3,2,1,2,Returning_Visitor,False,False
0.0,0.0,0.0,0.0,35.216377,929.7118,0.010689871,0.022825595,0.0,0.0,Dec,3,2,1,1,Returning_Visitor,False,False
2.0,18.458967,0.0,0.0,24.0,471.4052,0.0,0.017067397,0.0,0.0,Aug,4,2,1,2,Returning_Visitor,False,False
0.0,0.0,0.0,0.0,27.0,491.78882,0.021140844,0.045021337,0.0,0.0,Aug,1,1,9,1,Returning_Visitor,False,False
0.0,0.0,0.0,0.0,18.0,331.71866,0.0,0.024534969,0.0,0.0,Aug,2,1,6,5,New_Visitor,False,False
0.0,0.0,0.0,0.0,44.805443,673.1473,0.001969724,0.022222223,0.0,0.0,Nov,2,2,1,2,Returning_Visitor,False,False
5.0,86.79498,0.0,0.0,36.0,952.70056,0.0,0.0160486,0.0,0.0,Dec,3,2,2,2,Returning_Visitor,False,False
0.0,0.0,0.0,0.0,9.0,274.43597,0.0,0.028122606,0.0,0.0,Dec,2,2,1,2,Returning_Visitor,False,False
0.0,0.0,0.0,0.0,18.974287,587.51886,0.029140031,0.044444446,0.0,0.0,Dec,3,2,1,2,Returning_Visitor,False,False
0.0,0.0,0.0,0.0,18.0,590.5979,0.0,0.01853157,0.0,0.0,Mar,2,2,9,8,Returning_Visitor,False,False
4.8378115,112.26813,0.0,0.0,32.383068,952.9639,0.014276734,0.030843752,0.0,0.0,Aug,3,2,1,2,Returning_Visitor,False,False
2.0,37.537605,0.0,0.0,27.0,874.6266,0.0,0.017974002,18.676298,0.0,Aug,2,2,1,13,Returning_Visitor,False,True
0.0,0.0,0.0,0.0,23.0,611.2751,0.0057084667,0.028997557,0.0,0.0,Nov,1,1,1,2,Returning_Visitor,False,False
0.0,0.0,0.0,0.0,36.0,838.3281,0.0073677525,0.023815608,0.0,0.0,Nov,2,2,9,2,Returning_Visitor,False,False
0.0,0.0,0.0,0.0,18.0,503.12524,0.00664434,0.03333333,0.0,0.0,Nov,4,1,1,9,Returning_Visitor,False,False
0.0,0.0,0.0,0.0,36.454494,1129.9347,0.008022337,0.026297292,0.0,0.0,Dec,2,2,4,1,Returning_Visitor,False,False
0.0,0.0,0.0,0.0,25.0,649.502,0.0,0.018600589,0.0,0.0,Sep,4,2,3,3,Returning_Visitor,False,False
0.0,0.0,0.0,0.0,45.85839,2070.4492,0.0,0.020898463,0.0,0.0,Nov,2,2,1,2,Returning_Visitor,False,False
5.0,129.94533,0.0,0.0,53.0055,1881.2635,0.0100023225,0.025345353,0.0,0.0,Nov,3,2,1,13,Returning_Visitor,False,False
4.0,88.67977,0.0,0.0,28.0,714.09576,0.018206632,0.03189317,0.0,0.0,Aug,1,2,1,2,Returning_Visitor,False,False
0.0,0.0,0.0,0.0,11.0,204.72476,0.0,0.034355607,0.0,0.0,Aug,2,2,4,3,Returning_Visitor,False,False
3.0,63.32853,0.0,0.0,30.0,1375.9176,0.007453422,0.01725875,13.898751,0.0,Dec,4,2,1,1,Returning_Visitor,False,True
0.0,0.0,0.0,0.0,14.0,251.9568,0.0,0.036550365,0.0,0.0,Dec,2,2,1,1,Returning_Visitor,False,False
4.0,101.210464,0.0,0.0,26.65286,668.5973,0.0,0.023826001,0.0,0.0,Nov,3,2,4,2,Returning_Visitor,False,False
2.0,21.730383,0.0,0.0,26.834677,1261.3547,0.012231072,0.03333333,0.0,0.0,Nov,2,5,1,10,Returning_Visitor,False,False
0.0,0.0,0.0,0.0,25.0,980.3582,0.0,0.019644862,0.0,0.0,Nov,4,2,1,9,Returning_Visitor,False,False
0.0,0.0,0.0,0.0,17.0,244.14937,0.018954173,0.036437485,0.0,0.0,Dec,4,2,1,1,Returning_Visitor,False,False
5.0,90.16249,0.0,0.0,28.0,736.6344,0.0,0.008333333,0.0,0.0,Nov,4,2,6,2,Returning_Visitor,False,False
0.0,0.0,0.0,0.0,28.0,758.91925,0.0,0.016666668,0.0,0.0,Dec,2,2,1,2,Returning_Visitor,False,False
1.0,3.554103,0.0,0.0,26.0,599.0958,0.0,0.016666668,0.0,0.0,Dec,2,2,1,1,Returning_Visitor,False,False
4.0,103.778465,0.0,0.0,31.514591,982.6978,0.0006875457,0.016666668,0.0,0.0,Nov,1,2,1,2,Returning_Visitor,False,False
0.0,0.0,0.0,0.0,18.0,510.43747,0.028571429,0.04870742,0.0,0.0,Aug,2,2,1,3,Returning_Visitor,False,False
3.0,50.595787,0.0,0.0,41.009293,1068.9949,0.005468707,0.022108901,16.399952,0.0,Jul,2,2,1,9,Returning_Visitor,False,False
0.0,0.0,1.0,24.446756,72.06996,2354.6404,0.0066914978,0.023269484,0.0,0.0,Dec,2,2,1,2,Returning_Visitor,False,False
0.0,0.0,0.0,0.0,16.0,319.88452,0.0,0.03333333,0.0,0.0,Nov,2,2,1,3,Returning_Visitor,False,False
0.0,0.0,0.0,0.0,44.539223,959.75134,0.0063204165,0.023783078,0.0,0.0,Dec,4,2,1,2,Returning_Visitor,False,False
0.0,0.0,0.0,0.0,27.643549,603.8852,0.0,0.016684987,0.0,0.0,Nov,2,2,1,19,Returning_Visitor,False,False
3.0,63.39883,0.0,0.0,32.180775,832.01324,0.0035639573,0.026725434,0.0,0.0,Aug,2,1,1,1,Returning_Visitor,False,False
0.0,0.0,0.0,0.0,27.0,639.35004,0.013753858,0.029127236,0.0,0.0,Aug,1,2,2,1,Returning_Visitor,False,False
0.0,0.0,0.0,0.0,10.0,452.87244,0.0,0.026996238,0.0,0.0,Dec,2,2,3,2,Returning_Visitor,False,False
0.0,0.0,0.0,0.0,18.0,435.74277,0.022250054,0.039783053,0.0,0.0,Dec,1,1,1,3,Returning_Visitor,False,False
0.0,0.0,0.0,0.0,34.0,698.6662,0.017082905,0.030080875,0.0,0.0,Dec,3,2,1,1,Returning_Visitor,False,False
0.0,0.0,0.0,0.0,56.0,1455.9929,0.0051864763,0.018156031,0.0,0.0,Aug,2,2,1,2,Returning_Visitor,False,False
4.0,72.81078,0.0,0.0,26.0,491.28876,0.015507127,0.03712467,0.0,0.0,May,1,1,1,3,Returning_Visitor,False,False
0.0,0.0,0.0,0.0,24.0,654.3026,0.0,0.022222223,0.0,0.0,Dec,2,2,1,9,Returning_Visitor,False,False
0.0,0.0,0.0,0.0,26.0,673.0878,0.04,0.06666667,0.0,0.0,Dec,2,2,4,1,Returning_Visitor,False,False
3.0,43.862366,0.0,0.0,23.0,630.37524,0.0,0.016666668,0.0,0.0,Dec,2,2,6,2,Returning_Visitor,False,False
0.0,0.0,0.0,0.0,27.0,639.57794,0.0,0.019219004,0.0,0.0,Dec,2,2,1,3,Returning_Visitor,False,False
0.0,0.0,0.0,0.0,12.0,342.42117,0.028480854,0.056656115,0.0,0.0,Dec,1,1,1,1,Returning_Visitor,False,False
3.0,44.268578,0.0,0.0,20.0,498.65213,0.0,0.017622437,0.0,0.0,Nov,4,2,7,1,Returning_Visitor,False,False
0.0,0.0,0.0,0.0,36.0,1051.2673,0.014657468,0.0395366,0.0,0.0,Dec,2,2,4,13,Returning_Visitor,False,False
0.0,0.0,0.0,0.0,8.649091,165.66809,0.045750923,0.07075382,0.0,0.0,Nov,1,2,3,3,Returning_Visitor,False,False
2.0,33.4055,0.0,0.0,22.0,518.86017,0.013426426,0.025874695,0.0,0.0,Dec,3,2,7,1,Returning_Visitor,True,False
0.0,0.0,0.0,0.0,22.0,583.34814,0.0,0.03333333,0.0,0.0,Dec,2,2,1,13,Returning_Visitor,False,False
0.0,0.0,0.0,0.0,16.0,291.20682,0.0,0.042999934,0.0,0.0,Nov,1,1,1,3,Returning_Visitor,False,False
0.0,0.0,0.0,0.0,16.0,449.7386,0.0,0.04,0.0,0.0,Dec,2,2,1,2,Returning_Visitor,False,False
0.0,0.0,0.0,0.0,16.0,387.11945,0.0,0.04275873,0.0,0.0,Dec,1,1,4,1,Returning_Visitor,False,False
0.0,0.0,0.0,0.0,28.0,586.5389,0.0,0.01801725,0.0,0.0,Dec,2,2,7,13,New_Visitor,False,False
0.0,0.0,0.0,0.0,26.0,585.1974,0.0,0.02098861,0.0,0.0,Nov,2,2,9,2,Returning_Visitor,False,False
0.0,0.0,0.0,0.0,26.0,591.79315,0.0020778975,0.021309571,0.0,0.0,Dec,2,2,1,1,Returning_Visitor,False,False
0.0,0.0,0.0,0.0,7.738993,583.79626,0.0,0.035953116,0.0,0.0,Nov,2,2,1,2,Returning_Visitor,False,False
4.0,69.789185,0.0,0.0,37.00751,1020.7538,0.0,0.016666668,0.0,0.0,Dec,2,2,4,2,Returning_Visitor,False,False
0.0,0.0,0.0,0.0,17.0,552.0213,0.0,0.032418374,0.0,0.0,Dec,2,2,1,3,Returning_Visitor,False,False
4.0,67.58413,0.0,0.0,43.0,2108.438,0.00042946285,0.011764706,10.566211,0.0,Dec,1,2,1,1,Returning_Visitor,False,True
0.0,0.0,0.0,0.0,11.0,430.5392,0.0,0.033866875,0.0,0.0,Nov,4,4,9,3,Returning_Visitor,False,False
0.0,0.0,0.0,0.0,10.0,220.66045,0.0,0.038435057,0.0,0.0,Dec,2,2,9,2,Returning_Visitor,False,False
4.0,111.658356,0.0,0.0,37.0,1590.7781,0.013333333,0.028044295,0.0,0.0,Sep,2,2,7,2,Returning_Visitor,False,False
0.0,0.0,0.0,0.0,23.488276,658.26355,0.0,0.0174168,0.0,0.0,May,2,2,1,1,Returning_Visitor,False,False
0.0,0.0,0.0,0.0,24.45893,548.784,0.0042513944,0.03333333,0.0,0.0,Dec,2,2,1,1,Returning_Visitor,False,False
0.0,0.0,0.0,0.0,25.046719,894.70514,0.0,0.02139734,0.0,0.0,Jul,2,2,6,13,Returning_Visitor,False,False
0.0,0.0,0.0,0.0,24.276669,566.02954,0.016532661,0.036944665,0.0,0.0,Dec,1,2,4,1,Returning_Visitor,False,False
0.0,0.0,0.0,0.0,16.0,333.26804,0.0,0.031700216,0.0,0.0,Nov,1,1,7,1,Returning_Visitor,False,False
0.0,0.0,0.0,0.0,17.0,372.212,0.0,0.033876773,0.0,0.0,Dec,2,2,4,3,Returning_Visitor,False,False
0.0,0.0,0.0,0.0,25.315714,523.1358,0.0,0.020644076,0.0,0.0,Oct,2,2,1,3,Returning_Visitor,False,False
2.0,47.324703,0.0,0.0,46.342117,1293.2463,0.0,0.014323713,0.0,0.0,Aug,4,2,1,2,Returning_Visitor,False,False
0.0,0.0,0.0,0.0,7.0,137.92744,0.0,0.0456459,0.0,0.0,Aug,2,2,1,2,Returning_Visitor,False,False
4.0,94.92252,0.0,0.0,28.612417,696.5877,0.0,0.016666668,0.0,0.0,Dec,2,2,9,1,Returning_Visitor,False,False
0.0,0.0,0.0,0.0,25.0,621.1236,0.014285714,0.042951267,0.0,0.0,Aug,2,4,9,1,Returning_Visitor,False,False
0.0,0.0,0.0,0.0,12.0,275.35138,0.0,0.02671437,0.0,0.0,Dec,2,2,1,3,Returning_Visitor,False,False
3.0,71.64458,0.0,0.0,31.200096,1581.3724,0.0006273301,0.019133786,0.0,0.0,Dec,2,4,1,1,Returning_Visitor,False,False
0.0,0.0,0.0,0.0,12.0,538.44574,0.0,0.027495679,0.0,0.0,Dec,2,2,9,2,Returning_Visitor,False,False
0.0,0.0,0.0,0.0,24.0,600.8501,0.0,0.02710049,0.0,0.0,Nov,4,2,1,3,Returning_Visitor,False,False
0.0,0.0,0.0,0.0,5.0,101.836945,0.07338989,0.1,0.0,0.0,Dec,3,2,7,3,Returning_Visitor,False,False
0.0,0.0,0.0,0.0,28.0,922.0611,0.0125,0.03333333,0.0,0.0,Aug,4,2,4,3,Returning_Visitor,False,False
0.0,0.0,0.0,0.0,18.0,680.98376,0.0,0.0120308455,0.0,0.0,Nov,4,2,1,2,Returning_Visitor,False,False
0.0,0.0,0.0,0.0,7.0,212.0651,0.0,0.03333333,0.0,0.0,Dec,2,2,1,2,Returning_Visitor,False,False
0.0,0.0,0.0,0.0,5.0,174.19627,0.0,0.034550734,0.0,0.0,Dec,3,2,9,3,Returning_Visitor,False,False
0.0,0.0,0.0,0.0,14.0,278.67947,0.0,0.030824265,0.0,0.0,Jul,2,2,9,3,Returning_Visitor,False,False
3.0,40.1925,0.0,0.0,42.433502,2179.1824,0.0,0.013840759,8.129233,0.0,Nov,2,4,6,2,Returning_Visitor,False,False
0.0,0.0,0.0,0.0,48.658035,892.8089,0.0,0.017653663,0.0,0.0,Dec,2,2,1,2,Returning_Visitor,False,False
0.0,0.0,0.0,0.0,16.0,363.82205,0.0,0.037618406,0.0,0.0,Aug,2,2,1,2,Returning_Visitor,False,False
0.0,0.0,0.0,0.0,25.0,550.6848,0.0,0.02,0.0,0.0,Nov,2,2,1,8,Returning_Visitor,True,False
2.0,39.00328,0.0,0.0,19.0,670.0472,0.0,0.013333333,0.0,0.0,Jul,2,2,1,2,New_Visitor,False,False
0.0,0.0,0.0,0.0,26.0,612.47363,0.011218986,0.02,0.0,0.0,Nov,1,1,1,13,Returning_Visitor,False,False
2.0,54.753605,0.0,0.0,34.0,1190.2496,0.0,0.00953149,0.0,0.0,Nov,1,2,4,2,Returning_Visitor,False,False
0.0,0.0,0.0,0.0,43.800117,857.9124,0.0,0.016982444,0.0,0.0,Nov,2,2,1,2,Returning_Visitor,False,False
0.0,0.0,0.0,0.0,25.0,695.79517,0.0062812227,0.018575843,0.0,0.0,Dec,2,2,1,1,Returning_Visitor,True,False
3.0,43.54548,0.0,0.0,52.513657,1872.9114,0.005830399,0.020787003,0.0,0.0,Nov,4,4,1,2,Returning_Visitor,False,False
0.0,0.0,0.0,0.0,18.0,623.1617,0.0,0.024778534,0.0,0.0,Dec,2,2,1,2,Returning_Visitor,False,False
0.0,0.0,0.0,0.0,25.0,763.7768,0.009561645,0.03333333,0.0,0.0,Nov,2,2,1,2,Returning_Visitor,False,False
0.0,0.0,0.0,0.0,17.0,332.35794,0.010006355,0.030090183,0.0,0.0,Aug,2,2,1,3,Returning_Visitor,False,False
0.0,0.0,0.0,0.0,26.0,1007.714,0.0125,0.04,0.0,0.0,Jul,2,2,1,1,Returning_Visitor,False,False
1.0,5.9906445,0.0,0.0,31.0,607.6694,0.0,0.022222223,0.0,0.0,Dec,4,2,1,2,Returning_Visitor,False,True
3.0,94.923874,0.0,0.0,26.281118,589.0686,0.0,0.018170243,0.0,0.0,Dec,4,2,4,2,Returning_Visitor,False,False
0.0,0.0,0.0,0.0,27.0,685.41797,0.0,0.016666668,0.0,0.0,Dec,2,2,1,2,Returning_Visitor,False,False
2.0,53.0129,0.0,0.0,17.0,465.25824,0.0,0.018166512,0.0,0.0,Dec,1,1,9,8,Returning_Visitor,False,False
0.0,0.0,0.0,0.0,15.0,438.90057,0.0,0.023028545,0.0,0.0,Nov,1,2,1,2,Returning_Visitor,False,False
4.0,125.03653,0.0,0.0,43.774662,1272.5452,0.0,0.020710427,0.0,0.0,Dec,2,2,4,1,Returning_Visitor,False,False
1.0,0.0,0.0,0.0,26.0,538.6327,0.010386838,0.03333333,0.0,0.0,Nov,2,2,4,1,Returning_Visitor,False,False
2.0,54.539654,0.0,0.0,29.0,678.66504,0.0,0.016666668,0.0,0.0,Nov,1,1,1,3,Returning_Visitor,False,False
0.0,0.0,0.0,0.0,36.0,811.8501,0.013582569,0.03333333,0.0,0.0,Aug,1,1,1,15,Returning_Visitor,False,False
3.0,88.1187,0.0,0.0,12.0,247.30319,0.0,0.023904081,0.0,0.0,Dec,2,2,3,2,New_Visitor,False,False
0.0,0.0,0.0,0.0,17.980595,371.44528,0.0,0.03055421,0.0,0.0,Dec,2,4,1,3,Returning_Visitor,False,False
2.0,21.868916,0.0,0.0,19.0,629.5452,0.0,0.024281135,0.0,0.0,Nov,2,2,3,1,Returning_Visitor,False,False
0.0,0.0,0.0,0.0,9.0,229.10695,0.06590754,0.1,0.0,0.0,Jul,3,2,1,1,Returning_Visitor,False,False
2.0,28.652927,0.0,0.0,53.24376,1683.466,0.0,0.016545475,0.0,0.0,Dec,2,2,1,1,Returning_Visitor,False,False
2.0,32.083855,0.0,0.0,16.262117,389.0441,0.0,0.014077824,0.0,0.0,Nov,2,2,3,2,New_Visitor,False,False
1.0,5.8451886,0.0,0.0,56.183754,1094.1708,0.0051722685,0.01636153,0.0,0.0,Aug,1,1,1,1,Returning_Visitor,False,False
0.0,0.0,0.0,0.0,17.0,559.5455,0.0,0.025086341,0.0,0.0,Dec,2,2,7,1,Returning_Visitor,False,False
3.0,56.68131,0.0,0.0,27.0,675.5135,0.008290991,0.022383671,0.0,0.0,Dec,2,4,7,13,Returning_Visitor,False,False
0.0,0.0,0.0,0.0,15.177985,373.23257,0.0,0.028571429,0.0,0.0,Nov,3,2,1,2,Returning_Visitor,False,False
0.0,0.0,0.0,0.0,26.0,1007.6214,0.011111111,0.03360444,0.0,0.0,Dec,3,2,9,3,Returning_Visitor,False,False
0.0,0.0,0.0,0.0,11.0,416.54276,0.0,0.018547395,0.0,0.0,Dec,2,2,1,2,Returning_Visitor,False,True
3.0,62.041195,0.0,0.0,27.0,739.51843,0.0,0.0078054266,0.0,0.0,Dec,2,2,7,2,Returning_Visitor,False,False
0.0,0.0,0.0,0.0,19.0,607.08844,0.024733404,0.042910118,0.0,0.0,Dec,1,2,9,13,Returning_Visitor,False,False
0.0,0.0,0.0,0.0,36.0,687.75037,0.009981757,0.042389024,0.0,0.0,Nov,2,2,1,3,Returning_Visitor,False,False
0.0,0.0,0.0,0.0,17.0,463.07007,0.0,0.031149538,0.0,0.0,Mar,2,2,1,2,Returning_Visitor,False,False
0.0,0.0,0.0,0.0,29.0,911.02844,0.0,0.014908226,0.0,0.0,Dec,2,4,1,7,Returning_Visitor,False,False
0.0,0.0,0.0,0.0,37.0,1009.0199,0.0,0.016666668,0.0,0.0,Nov,3,2,7,13,Returning_Visitor,False,False
3.0,49.8728,0.0,0.0,27.0,605.41223,0.0,0.017590927,0.0,0.0,Nov,4,2,1,3,Returning_Visitor,False,False
0.0,0.0,0.0,0.0,24.0,530.26733,0.011635815,0.028557708,0.0,0.0,Aug,3,2,2,2,Returning_Visitor,False,False
0.0,0.0,0.0,0.0,23.0,303.24313,0.0,0.03160871,0.0,0.0,May,1,2,7,3,Returning_Visitor,False,False
0.0,0.0,0.0,0.0,24.0,625.62866,0.013064157,0.034031138,0.0,0.0,Dec,2,2,6,2,Returning_Visitor,False,False
4.0,99.22054,0.0,0.0,69.97008,2544.6228,0.005990386,0.021050997,0.0,0.0,Dec,4,2,1,2,Returning_Visitor,False,False
3.0,59.781155,0.0,0.0,13.045843,205.92206,0.0,0.026113736,0.0,0.0,Aug,2,2,7,3,Returning_Visitor,False,False
3.0,53.367687,0.0,0.0,19.0,486.6689,0.0,0.008745014,0.0,0.0,Dec,2,2,7,2,New_Visitor,False,False
4.0,79.75846,0.0,0.0,35.497555,1001.4419,0.0,0.012140954,12.536039,0.0,Nov,2,1,7,2,Returning_Visitor,False,False
0.0,0.0,0.0,0.0,25.764853,675.8376,0.0,0.015484643,0.0,0.0,Dec,2,2,9,1,Returning_Visitor,False,False
0.0,0.0,0.0,0.0,29.16519,588.02155,0.010395499,0.029451206,0.0,0.0,Nov,2,2,1,13,Returning_Visitor,False,False
0.0,0.0,0.0,0.0,9.965194,247.5877,0.047231037,0.06666667,0.0,0.0,Mar,3,2,1,13,Returning_Visitor,False,False
0.0,0.0,0.0,0.0,16.0,348.53552,0.0,0.03226851,0.0,0.0,Nov,2,4,9,1,Returning_Visitor,False,False
0.0,0.0,0.0,0.0,24.0,439.01855,0.018181818,0.034113735,0.0,0.0,Jul,3,2,1,3,Returning_Visitor,False,False
0.0,0.0,0.0,0.0,27.0,425.50064,0.0,0.011764706,0.0,0.0,Nov,1,2,9,2,Returning_Visitor,False,False
0.0,0.0,0.0,0.0,37.0,835.5743,0.00049059204,0.025,0.0,0.0,Dec,4,4,1,1,Returning_Visitor,False,False
0.0,0.0,0.0,0.0,36.0,1207.2902,0.0,0.015489188,0.0,0.0,Nov,2,2,1,1,Returning_Visitor,False,False
3.0,44.92015,0.0,0.0,23.0,580.34344,0.0,0.0079698665,0.0,0.0,Aug,2,2,7,2,Returning_Visitor,False,False
0.0,0.0,0.0,0.0,19.0,282.62222,0.0,0.022687502,0.0,0.0,Dec,1,2,4,13,Returning_Visitor,False,False
1.0,8.72125,0.0,0.0,48.0,1739.0498,0.0,0.017867565,0.0,0.0,Nov,2,2,1,2,Returning_Visitor,False,False
2.0,39.700165,0.0,0.0,64.27868,2037.5198,0.0,0.012532962,0.0,0.0,Jul,2,2,1,13,Returning_Visitor,False,False
0.0,0.0,0.0,0.0,19.0,554.1421,0.0,0.025484694,0.0,0.0,Dec,1,1,1,3,Returning_Visitor,False,False
4.0,131.41719,0.0,0.0,40.0,1724.2084,0.007827052,0.022222223,0.0,0.0,Aug,2,2,1,2,Returning_Visitor,False,False
6.0,176.51424,2.0,113.388916,44.663982,1570.9303,0.0,0.012695142,0.0,0.0,Nov,1,1,1,9,Returning_Visitor,False,False
0.0,0.0,0.0,0.0,47.0,2093.1333,0.0,0.015656842,0.0,0.0,Aug,2,2,4,13,Returning_Visitor,False,False
0.0,0.0,0.0,0.0,27.0,831.111,0.0046751047,0.028658312,0.0,0.0,Sep,2,2,7,1,Returning_Visitor,False,False
2.0,40.123287,0.0,0.0,26.0,602.52295,0.0,0.025335718,0.0,0.0,Nov,2,2,7,2,Returning_Visitor,False,False
0.0,0.0,0.0,0.0,9.0,205.60582,0.03991386,0.07221589,0.0,0.0,Nov,4,2,1,1,Returning_Visitor,False,False
0.0,0.0,0.0,0.0,27.0,345.449,0.0,0.030039757,0.0,0.0,Dec,2,2,4,2,Returning_Visitor,False,False
0.0,0.0,0.0,0.0,17.0,594.25446,0.0,0.025,0.0,0.0,Dec,2,2,1,2,Returning_Visitor,True,True
2.0,38.562744,0.0,0.0,19.0,559.0402,0.0,0.009371277,0.0,0.0,Dec,2,2,3,2,Returning_Visitor,False,False
0.0,0.0,0.0,0.0,15.0,295.50183,0.0,0.032178927,0.0,0.0,Mar,2,2,6,1,Returning_Visitor,True,False
0.0,0.0,0.0,0.0,12.0,310.77237,0.030851781,0.058333203,0.0,0.0,May,2,2,7,8,Returning_Visitor,False,False
0.0,0.0,0.0,0.0,22.0,637.03217,0.013685058,0.03409158,0.0,0.0,Dec,2,2,4,3,Returning_Visitor,False,False
0.0,0.0,0.0,0.0,18.0,473.04407,0.0,0.028571429,0.0,0.0,Dec,2,2,1,19,Returning_Visitor,False,False
0.0,0.0,0.0,0.0,17.0,432.74832,0.021465875,0.045279082,0.0,0.0,Dec,1,4,1,1,Returning_Visitor,False,False
2.0,30.144548,0.0,0.0,33.83399,726.7803,0.0,0.017861873,0.0,0.0,Aug,1,1,1,2,Returning_Visitor,False,False
6.0,185.08325,1.0,0.0,65.715385,2161.2703,0.011102141,0.021073196,0.0,0.0,Dec,3,2,1,2,Returning_Visitor,False,False
0.0,0.0,0.0,0.0,21.0,472.8185,0.020902865,0.047870446,0.0,0.0,Dec,4,2,1,3,Returning_Visitor,False,False
0.0,0.0,0.0,0.0,17.0,456.36792,0.031139692,0.05297596,0.0,0.0,Dec,2,2,7,1,Returning_Visitor,False,False
3.0,25.250057,0.0,0.0,18.0,529.3859,0.0,0.028571429,0.0,0.0,Nov,2,2,4,1,Returning_Visitor,False,False
3.0,90.13994,0.0,0.0,43.819153,1421.8983,0.005883131,0.021020442,0.0,0.0,Dec,4,4,9,1,Returning_Visitor,False,False
3.0,74.748055,0.0,0.0,25.36649,655.352,0.014471243,0.028571429,0.0,0.0,Nov,3,2,1,13,Returning_Visitor,False,False
2.0,68.77403,0.0,0.0,24.321676,690.8278,0.0,0.018219586,0.0,0.0,Nov,2,2,4,2,Returning_Visitor,False,False
2.0,46.02338,0.0,0.0,9.0,148.3491,0.022365026,0.046914928,0.0,0.0,Nov,2,2,9,2,Returning_Visitor,False,False
2.0,46.67169,0.0,0.0,31.04919,749.5829,0.0,0.017095275,0.0,0.0,Dec,4,2,7,3,Returning_Visitor,False,False
0.0,0.0,0.0,0.0,17.0,345.94562,0.025,0.05086332,0.0,0.0,Dec,2,2,1,13,Returning_Visitor,False,False
0.0,0.0,0.0,0.0,23.526459,826.40173,0.0,0.009941566,0.0,0.0,Nov,2,2,3,9,New_Visitor,False,False
0.0,0.0,0.0,0.0,20.0,444.29318,0.0,0.021564111,0.0,0.0,Dec,1,2,1,3,Returning_Visitor,True,False
0.0,0.0,0.0,0.0,4.0,126.31626,0.0,0.05,0.0,0.0,Dec,1,4,1,14,Returning_Visitor,False,False
2.0,50.455853,0.0,0.0,22.0,596.20135,0.0,0.014863133,0.0,0.0,Nov,1,2,1,1,Returning_Visitor,False,False
0.0,0.0,0.0,0.0,19.872347,470.19818,0.0,0.031540927,0.0,0.0,Dec,1,1,6,14,Returning_Visitor,False,False
3.0,55.798107,0.0,0.0,31.0,1127.8966,0.009090909,0.027260697,0.0,0.0,Dec,2,2,9,2,Returning_Visitor,False,False
0.0,0.0,0.0,0.0,16.0,303.1745,0.0,0.026683453,0.0,0.0,Aug,2,2,1,2,Returning_Visitor,False,False
0.0,0.0,0.0,0.0,32.97909,959.2092,0.015373076,0.037936892,0.0,0.0,Nov,4,2,1,13,Returning_Visitor,False,False
2.0,49.52817,0.0,0.0,27.0,1007.47345,0.005784969,0.02031013,0.0,0.0,Aug,2,2,7,2,Returning_Visitor,False,False
3.0,52.88803,0.0,0.0,26.0,651.899,0.0,0.013911802,0.0,0.0,Nov,2,2,1,2,Returning_Visitor,False,False
0.0,0.0,0.0,0.0,10.0,255.65744,0.021093434,0.044656053,0.0,0.0,Nov,2,4,1,1,Returning_Visitor,False,False
3.0,56.639435,0.0,0.0,22.0,584.04315,0.0,0.015173948,0.0,0.0,Nov,2,2,1,2,Returning_Visitor,False,False
4.0,56.498486,0.0,0.0,38.0,665.1552,0.0,0.01647589,9.00772,0.0,Jul,2,2,1,2,Returning_Visitor,False,False
0.0,0.0,0.0,0.0,11.0,206.94873,0.016625494,0.05,0.0,0.0,Nov,4,1,2,1,Returning_Visitor,False,False
3.0,64.90905,0.0,0.0,11.639338,229.1346,0.0,0.03050771,0.0,0.0,Jul,2,6,1,1,Returning_Visitor,False,False
0.0,0.0,0.0,0.0,30.784334,986.26465,0.005670723,0.02632802,0.0,0.0,Nov,2,2,1,1,Returning_Visitor,False,False
0.0,0.0,0.0,0.0,10.0,287.86658,0.0,0.048419636,0.0,0.0,Dec,1,1,1,1,Returning_Visitor,False,False
0.0,0.0,0.0,0.0,25.0,1228.9879,0.0,0.034564156,0.0,0.0,Dec,4,2,2,1,Returning_Visitor,False,False
3.0,56.92765,0.0,0.0,24.0,671.264,0.0,0.019667517,0.0,0.0,May,2,2,9,4,Returning_Visitor,False,False
0.0,0.0,0.0,0.0,28.0,588.7132,0.0,0.019797029,0.0,0.0,Dec,4,2,4,2,Returning_Visitor,False,False
2.0,62.29306,0.0,0.0,25.0,956.7492,0.016666668,0.028954396,0.0,0.0,Dec,1,2,1,1,Returning_Visitor,False,False
0.0,0.0,0.0,0.0,41.0,944.1053,0.0,0.01876446,0.0,0.0,Dec,2,2,7,2,Returning_Visitor,False,False
0.0,0.0,0.0,0.0,8.634899,194.2953,0.03333333,0.05,0.0,0.0,Aug,1,1,2,1,Returning_Visitor,False,False
1.0,20.559177,0.0,0.0,18.0,407.5237,0.028571429,0.059890855,0.0,0.0,Dec,3,2,1,13,Returning_Visitor,False,False
0.0,0.0,0.0,0.0,4.0,106.41909,0.0,0.040394273,0.0,0.0,Nov,4,2,1,1,Returning_Visitor,False,False
3.0,40.012226,0.0,0.0,27.974491,1046.6322,0.0,0.016291367,2.5200713,0.0,Dec,2,2,1,2,Returning_Visitor,False,True
2.0,59.585052,0.0,0.0,47.075157,1563.4186,0.0025071457,0.016666668,0.0,0.0,Nov,2,4,3,1,Returning_Visitor,False,False
0.0,0.0,0.0,0.0,12.0,271.13608,0.0,0.023938641,0.0,0.0,Aug,2,2,1,2,Returning_Visitor,False,False
3.0,79.152916,0.0,0.0,31.0,1278.1434,0.0139156245,0.034772523,0.0,0.0,Dec,2,2,8,1,Returning_Visitor,False,False
0.0,0.0,0.0,0.0,6.0,123.97011,0.0,0.036108322,0.0,0.0,Aug,2,2,1,10,Returning_Visitor,False,False
5.0,131.18259,0.0,0.0,28.0,519.99664,0.009719289,0.024570115,0.0,0.0,Nov,4,2,7,2,Returning_Visitor,False,False
0.0,0.0,0.0,0.0,27.0,863.0239,0.0,0.021767488,0.0,0.0,Nov,1,2,1,1,Returning_Visitor,False,False
0.0,0.0,0.0,0.0,7.713062,175.18239,0.08206541,0.1,0.0,0.0,Jul,1,1,1,3,Returning_Visitor,False,False
0.0,0.0,0.0,0.0,16.0,274.61734,0.0,0.03637072,0.0,0.0,Aug,3,2,6,1,Returning_Visitor,False,False
0.0,0.0,0.0,0.0,17.0,415.52283,0.019534202,0.05,0.0,0.0,Aug,2,2,1,10,Returning_Visitor,False,False
3.0,46.893124,0.0,0.0,22.200602,573.7059,0.0,0.016666668,0.0,0.0,Mar,2,2,9,3,Returning_Visitor,False,False
0.0,0.0,0.0,0.0,56.0,1872.4033,0.004923599,0.020566566,31.18555,0.0,Nov,2,4,1,1,Returning_Visitor,False,True
0.0,0.0,0.0,0.0,9.0,206.02042,0.0,0.01817682,0.0,0.0,Dec,2,4,3,2,Returning_Visitor,False,False
0.0,0.0,0.0,0.0,31.0,680.4781,0.011859048,0.033455044,0.0,0.0,Nov,2,2,7,2,Returning_Visitor,False,False
0.0,0.0,0.0,0.0,26.0,602.73157,0.00740977,0.032498974,0.0,0.0,Nov,2,2,1,1,Returning_Visitor,False,False
2.0,39.954556,1.0,0.0,45.29299,1632.864,0.0,0.023550948,0.0,0.0,Aug,2,2,1,2,Returning_Visitor,False,True
0.0,0.0,0.0,0.0,12.0,294.77725,0.0,0.040865023,0.0,0.0,Nov,2,2,7,3,Returning_Visitor,False,False
2.0,51.081337,0.0,0.0,14.0,325.78787,0.016666668,0.030170914,0.0,0.0,Aug,2,2,9,9,Returning_Visitor,False,False
1.0,0.0,0.0,0.0,22.497234,626.01135,0.014234283,0.038324103,0.0,0.0,Nov,2,2,4,2,Returning_Visitor,False,False
3.0,56.609653,0.0,0.0,26.0,537.3484,0.009565359,0.026526144,0.0,0.0,Dec,1,2,4,2,Returning_Visitor,False,False
0.0,0.0,0.0,0.0,11.0,322.76535,0.0,0.031386193,0.0,0.0,Aug,2,2,1,13,Returning_Visitor,False,False
3.0,51.595745,0.0,0.0,29.0,652.9961,0.0020151525,0.015968403,4.863669,0.0,Nov,3,2,7,2,Returning_Visitor,False,True
0.0,0.0,0.0,0.0,23.0,560.1158,0.0,0.02,340.01114,0.0,Nov,2,5,1,13,Returning_Visitor,False,False
0.0,0.0,0.0,0.0,16.0,314.2092,0.0,0.03333333,0.0,0.0,Nov,1,1,1,13,Returning_Visitor,False,False
0.0,0.0,0.0,0.0,20.0,447.49112,0.008333333,0.025568021,0.0,0.0,Nov,4,1,7,13,Returning_Visitor,False,False
0.0,0.0,0.0,0.0,15.0,277.53925,0.0025892376,0.036214683,0.0,0.0,Nov,3,2,1,1,Returning_Visitor,False,False
3.0,60.46484,0.0,0.0,15.853779,456.1582,0.022222223,0.044444446,0.0,0.0,Dec,6,2,1,1,Returning_Visitor,False,False
3.0,59.20975,0.0,0.0,36.0,697.7261,0.008682437,0.023797797,0.0,0.0,Dec,2,2,1,1,Returning_Visitor,False,False
0.0,0.0,0.0,0.0,13.53842,555.9546,0.0,0.03333333,0.0,0.0,Dec,2,2,6,2,Returning_Visitor,False,False
1.0,0.0,0.0,0.0,23.0,526.8438,0.0,0.016892634,0.0,0.0,Aug,3,2,9,2,Returning_Visitor,False,False
0.0,0.0,0.0,0.0,28.0,783.3842,0.0,0.019193934,0.0,0.0,Dec,2,2,9,2,Returning_Visitor,False,False
0.0,0.0,0.0,0.0,11.0,313.92917,0.04367689,0.0801356,0.0,0.0,Aug,1,1,4,13,Returning_Visitor,False,False
4.0,66.36617,0.0,0.0,29.0,765.5206,0.002549198,0.02134656,0.0,0.0,Nov,2,2,1,2,Returning_Visitor,False,True
0.0,0.0,0.0,0.0,33.0,665.80725,0.0,0.023803936,0.0,0.0,Nov,2,2,9,2,Returning_Visitor,False,False
0.0,0.0,0.0,0.0,20.0,637.24414,0.0,0.015384615,0.0,0.0,Dec,2,2,1,2,New_Visitor,False,True
2.0,19.511086,0.0,0.0,37.0,1414.2433,0.0,0.011111111,0.0,0.0,Nov,2,2,2,2,Returning_Visitor,False,False
1.0,0.0,0.0,0.0,37.708256,652.9143,0.007550784,0.027615353,0.0,0.0,Dec,2,2,1,1,Returning_Visitor,False,False
0.0,0.0,0.0,0.0,15.0,312.3186,0.0,0.025,0.0,0.0,Nov,4,2,1,2,Returning_Visitor,False,True
0.0,0.0,0.0,0.0,45.0,1272.716,0.0,0.015486708,4.996831,0.0,Nov,2,2,1,3,Returning_Visitor,False,False
0.0,0.0,0.0,0.0,36.0,1079.2832,0.011115217,0.03596529,0.0,0.0,Dec,2,2,1,1,Returning_Visitor,False,False
0.0,0.0,0.0,0.0,1.0,0.0,0.2,0.2,0.0,0.0,Dec,2,2,6,1,Returning_Visitor,False,False
0.0,0.0,0.0,0.0,37.0,882.42316,0.0,0.02,0.0,0.0,Nov,2,2,7,1,Returning_Visitor,False,False
5.0,98.74864,0.0,0.0,41.572277,1340.576,0.0057492717,0.023505514,10.163821,0.0,Nov,2,2,1,1,Returning_Visitor,False,False
0.0,0.0,0.0,0.0,20.0,709.8655,0.0,0.016005907,0.0,0.0,Nov,2,2,9,2,Returning_Visitor,False,False
0.0,0.0,0.0,0.0,15.0,308.26672,0.018985575,0.0400984,0.0,0.0,Dec,3,2,1,1,Returning_Visitor,False,False
0.0,0.0,0.0,0.0,15.0,349.09592,0.0,0.024774177,0.0,0.0,Nov,2,2,1,2,Returning_Visitor,False,False
0.0,0.0,0.0,0.0,8.9967575,261.50507,0.0,0.03333333,0.0,0.0,Dec,2,2,9,1,Returning_Visitor,False,False
0.0,0.0,0.0,0.0,24.0,622.3603,0.0,0.02686186,0.0,0.0,Nov,2,2,7,2,Returning_Visitor,False,False
0.0,0.0,0.0,0.0,20.0,480.6445,0.026792374,0.043977182,0.0,0.0,Dec,3,2,7,1,Returning_Visitor,False,False
0.0,0.0,0.0,0.0,21.0,674.0395,0.015102769,0.036257077,0.0,0.0,Dec,1,2,1,10,Returning_Visitor,False,False
4.0,74.84524,0.0,0.0,23.0,583.1882,0.0,0.016556341,0.0,0.0,Dec,2,2,1,15,Returning_Visitor,False,False
3.0,28.13411,0.0,0.0,9.426441,192.28284,0.0,0.02443434,0.0,0.0,Dec,2,2,1,2,Returning_Visitor,False,False
3.7037973,72.7613,0.0,0.0,42.65276,699.40466,0.0019083093,0.012186801,0.0,0.0,Jul,2,2,3,2,Returning_Visitor,False,False
0.0,0.0,0.0,0.0,10.0,454.45663,0.0,0.018812902,0.0,0.0,Aug,3,2,3,13,Returning_Visitor,False,False
0.0,0.0,0.0,0.0,27.98672,597.64795,0.011846089,0.04,0.0,0.0,Dec,4,2,4,9,Returning_Visitor,False,False
0.0,0.0,0.0,0.0,14.0,564.1003,0.0,0.0268286,0.0,0.0,Nov,2,2,1,2,Returning_Visitor,False,False
0.0,0.0,0.0,0.0,26.0,657.36127,0.011111111,0.020716354,0.0,0.0,Aug,1,2,3,13,Returning_Visitor,False,False
0.0,0.0,0.0,0.0,31.721039,845.6586,0.0072969836,0.02220042,0.0,0.0,Aug,1,1,4,13,Returning_Visitor,False,False
5.0,98.58119,0.0,0.0,83.33899,1945.6417,0.0032252534,0.016180268,0.0,0.0,Dec,2,2,4,3,Returning_Visitor,False,False
0.0,0.0,0.0,0.0,15.0,287.53876,0.0,0.02221723,0.0,0.0,Nov,3,2,9,2,Returning_Visitor,False,False
0.0,0.0,0.0,0.0,24.440647,538.467,0.011836349,0.029698972,0.0,0.0,Dec,2,2,3,2,Returning_Visitor,False,False
0.0,0.0,0.0,0.0,13.0,298.9097,0.016666668,0.039984956,0.0,0.0,Dec,3,2,1,10,Returning_Visitor,False,False
0.0,0.0,0.0,0.0,22.0,606.96375,0.007270644,0.01867531,0.0,0.0,Aug,1,2,1,2,Returning_Visitor,False,False
3.0,50.885925,0.0,0.0,17.005882,490.01727,0.0,0.014528052,0.0,0.0,Aug,2,4,1,2,Returning_Visitor,False,False
5.0,162.74942,0.0,0.0,46.0,1692.0822,0.009431599,0.024878662,6.9203653,0.0,Nov,1,1,4,2,Returning_Visitor,False,False
2.0,36.963673,0.0,0.0,30.0,777.90515,0.0,0.012862393,0.0,0.0,Dec,2,2,9,8,Returning_Visitor,False,False
0.0,0.0,0.0,0.0,2.0,0.0,0.2,0.2,0.0,0.0,Dec,1,1,1,1,Returning_Visitor,False,False
0.0,0.0,0.0,0.0,10.2297535,199.77164,0.0,0.025705215,0.0,0.0,Dec,2,2,3,2,Returning_Visitor,False,False
0.0,0.0,0.0,0.0,11.240994,578.21545,0.0,0.03683635,0.0,0.0,Nov,2,2,1,2,Returning_Visitor,False,False
3.0,43.899994,0.0,0.0,19.0,504.4448,0.0,0.016666668,0.0,0.0,Aug,2,2,1,2,Returning_Visitor,False,False
0.0,0.0,0.0,0.0,13.0,478.15167,0.0,0.022714527,0.0,0.0,Nov,4,2,1,8,Returning_Visitor,False,False
2.0,50.14893,0.0,0.0,30.0,614.3328,0.0,0.018180553,0.0,0.0,Dec,2,2,3,1,Returning_Visitor,False,False
0.0,0.0,0.0,0.0,20.0,453.2557,0.0,0.023651777,0.0,0.0,Jul,3,2,3,13,Returning_Visitor,False,False
0.0,0.0,0.0,0.0,13.0,314.2162,0.0,0.02989112,0.0,0.0,Dec,2,2,1,1,Returning_Visitor,False,False
0.0,0.0,0.0,0.0,14.0,525.1857,0.0,0.027239999,0.0,0.0,Nov,2,2,4,3,Returning_Visitor,False,False
0.0,0.0,0.0,0.0,16.811844,689.8413,0.0,0.026385333,0.0,0.0,Dec,2,2,1,2,Returning_Visitor,False,False
3.0,76.59723,0.0,0.0,38.450577,1143.8323,0.0049889972,0.02150119,0.0,0.0,Nov,2,2,4,13,Returning_Visitor,False,False
0.0,0.0,0.0,0.0,13.0,357.14316,0.020045558,0.03947736,0.0,0.0,Dec,3,2,3,13,Returning_Visitor,False,False
0.0,0.0,0.0,0.0,11.0,293.48764,0.0,0.025887325,0.0,0.0,Aug,4,1,1,2,Returning_Visitor,False,False
0.0,0.0,0.0,0.0,12.0,245.20537,0.0,0.02682925,0.0,0.0,Dec,2,2,7,13,Returning_Visitor,False,False
4.0,59.176376,0.0,0.0,31.0,1120.9153,0.0075285207,0.02661079,0.0,0.0,Nov,2,2,1,2,Returning_Visitor,False,False
3.0,71.985855,0.0,0.0,39.0,985.4527,0.0,0.011637649,14.27693,0.0,Dec,2,2,4,8,Returning_Visitor,False,True
4.0,60.55794,0.0,0.0,52.0,1949.4412,0.008575147,0.02408495,0.0,0.0,Nov,2,2,4,13,Returning_Visitor,False,False
3.0,32.14698,0.0,0.0,35.0,780.03754,0.008559599,0.025635375,0.0,0.0,Dec,2,2,2,13,Returning_Visitor,False,False
0.0,0.0,0.0,0.0,14.0,645.0262,0.0,0.033948485,0.0,0.0,Nov,2,2,1,2,Returning_Visitor,False,False
3.0,85.61994,0.0,0.0,34.0,1273.5133,0.007794244,0.029327644,0.0,0.0,May,4,1,9,2,Returning_Visitor,False,False
4.0,96.58371,0.0,0.0,34.644585,1239.3995,0.0074594044,0.019860968,0.0,0.0,Dec,2,12,1,2,Returning_Visitor,False,False
0.0,0.0,0.0,0.0,26.0,890.9327,0.0043383664,0.028081004,0.0,0.0,Dec,2,4,4,1,Returning_Visitor,False,False
0.0,0.0,0.0,0.0,28.0,712.0446,0.017450046,0.03333333,0.0,0.0,Dec,3,2,6,2,Returning_Visitor,False,False
4.531981,98.6237,0.0,0.0,63.326336,2004.7338,0.005771034,0.020068903,0.0,0.0,Nov,2,2,7,1,Returning_Visitor,False,False
0.0,0.0,0.0,0.0,10.0,213.96591,0.0,0.044444446,0.0,0.0,Dec,2,2,1,1,Returning_Visitor,False,False
8.0,142.4442,0.0,0.0,78.48163,2565.5881,0.004178331,0.01803367,0.0,0.0,Nov,4,1,7,2,Returning_Visitor,False,False
0.0,0.0,0.0,0.0,39.0,1680.8796,0.008583765,0.033925965,0.0,0.0,Dec,2,2,1,1,Returning_Visitor,False,False
0.0,0.0,0.0,0.0,34.685898,761.57416,0.0,0.016666668,0.0,0.0,Dec,2,4,1,3,Returning_Visitor,True,False
5.0,123.70162,0.0,0.0,42.0,1101.7119,0.0,0.01826438,0.0,0.0,Nov,2,2,1,2,Returning_Visitor,False,False
6.0,133.84242,0.0,0.0,44.0,1811.0879,0.0,0.016666668,18.346561,0.0,Dec,2,2,4,9,Returning_Visitor,False,False
0.0,0.0,0.0,0.0,25.0,1173.3486,0.008478003,0.03333333,0.0,0.0,Dec,2,4,6,1,Returning_Visitor,False,False
0.0,0.0,0.0,0.0,10.0,347.72543,0.0,0.03333333,0.0,0.0,Aug,2,2,1,13,Returning_Visitor,False,False
0.0,0.0,0.0,0.0,14.0,329.6102,0.041844863,0.077534854,0.0,0.0,Dec,2,2,1,1,Returning_Visitor,False,False
2.0,34.41601,0.0,0.0,31.0,821.4603,0.0,0.009924684,0.0,0.0,Nov,2,4,9,3,Returning_Visitor,False,False
0.0,0.0,0.0,0.0,4.0,83.67713,0.0,0.059583887,0.0,0.0,Nov,4,1,1,3,Returning_Visitor,False,False
0.0,0.0,0.0,0.0,20.0,277.3355,0.008689778,0.03333333,0.0,0.0,Dec,4,5,1,2,Returning_Visitor,False,False
0.0,0.0,0.0,0.0,15.704779,511.65082,0.0,0.032018863,0.0,0.0,Dec,2,2,1,2,Returning_Visitor,False,False
0.0,0.0,0.0,0.0,42.656326,1424.1356,0.0,0.011099131,14.534633,0.0,Aug,2,2,1,2,Returning_Visitor,False,True
3.0,48.04896,0.0,0.0,32.257626,845.66974,0.0,0.013189168,0.0,0.0,Dec,2,2,4,3,Returning_Visitor,False,False
0.0,0.0,0.0,0.0,25.0,817.93915,0.0147500215,0.030852452,19.993805,0.0,Dec,2,2,1,1,Returning_Visitor,False,False
4.0,69.37812,0.0,0.0,11.0,266.05804,0.0,0.020308187,0.0,0.0,Nov,2,2,4,2,Returning_Visitor,False,False
4.0,103.34217,0.0,0.0,50.0,1693.9158,0.0,0.012844649,13.964253,0.0,Dec,2,2,1,2,Returning_Visitor,False,False
2.0,34.994293,0.0,0.0,20.0,444.79526,0.0,0.025,0.0,0.0,Mar,2,2,4,2,Returning_Visitor,False,False
0.0,0.0,0.0,0.0,24.0,598.6053,0.006004799,0.030775746,0.0,0.0,Dec,4,2,1,1,Returning_Visitor,False,False
2.0,39.927776,0.0,0.0,29.0,715.0537,0.011471401,0.031167557,0.0,0.0,Dec,3,2,1,1,Returning_Visitor,False,False
0.0,0.0,0.0,0.0,24.0,624.2493,0.0,0.033620372,0.0,0.0,Aug,2,2,1,2,Returning_Visitor,False,False
3.0,40.263844,0.0,0.0,25.0,483.0712,0.0,0.009090909,0.0,0.0,Dec,2,2,1,2,Returning_Visitor,False,False
0.0,0.0,0.0,0.0,20.114494,472.8385,0.0,0.025908167,0.0,0.0,Nov,2,2,4,2,Returning_Visitor,False,False
0.0,0.0,0.0,0.0,15.0,252.2014,0.0,0.03333333,0.0,0.0,Dec,2,2,7,13,Returning_Visitor,False,False
4.0,61.063576,0.0,0.0,15.0,557.863,0.0,0.01771144,0.0,0.0,Aug,2,2,4,2,Returning_Visitor,False,False
0.0,0.0,0.0,0.0,43.06664,1224.2645,0.0042838585,0.02,0.0,0.0,Dec,2,5,9,2,Returning_Visitor,False,False
1.0,14.372992,0.0,0.0,21.0,324.0865,0.008231795,0.04,0.0,0.0,Aug,2,2,9,1,Returning_Visitor,False,False
0.0,0.0,0.0,0.0,12.0,219.35785,0.0,0.018181818,0.0,0.0,Aug,1,1,4,1,Returning_Visitor,False,False
2.6899905,59.66453,0.0,0.0,8.992378,216.67616,0.0,0.033965554,0.0,0.0,Nov,2,2,1,1,Returning_Visitor,False,False
0.0,0.0,0.0,0.0,27.0,1151.1912,0.013102969,0.038683496,0.0,0.0,Nov,4,5,4,3,Returning_Visitor,False,False
0.0,0.0,0.0,0.0,14.0,354.41846,0.0,0.023935523,0.0,0.0,Nov,2,2,4,3,Returning_Visitor,False,False
0.0,0.0,0.0,0.0,21.0,495.2006,0.0,0.04,0.0,0.0,Nov,2,4,1,1,Returning_Visitor,False,False
0.0,0.0,0.0,0.0,26.0,558.036,0.0,0.023051208,0.0,0.0,Dec,2,2,1,2,Returning_Visitor,False,False
4.0,47.908993,0.0,0.0,18.0,481.019,0.0,0.02570639,0.0,0.0,Dec,2,2,1,9,Returning_Visitor,False,False
0.0,0.0,0.0,0.0,16.0,500.83588,0.0,0.03443386,0.0,0.0,Dec,2,2,1,2,Returning_Visitor,False,False
0.0,0.0,0.0,0.0,13.0,275.9549,0.0,0.026995314,0.0,0.0,May,2,2,1,1,Returning_Visitor,False,False
0.0,0.0,0.0,0.0,17.0,674.06226,0.0,0.02,0.0,0.0,Aug,4,2,1,1,Returning_Visitor,False,False
2.0,45.829163,0.0,0.0,19.0,332.6866,0.0,0.01257677,0.0,0.0,Dec,3,2,1,1,Returning_Visitor,False,False
0.0,0.0,0.0,0.0,7.0,119.25098,0.04012432,0.06666667,0.0,0.0,Dec,2,2,3,3,Returning_Visitor,False,False
4.0,91.85215,0.0,0.0,33.0,730.39197,0.011149378,0.03333333,0.0,0.0,Aug,2,2,1,2,Returning_Visitor,False,False
2.0,29.259424,0.0,0.0,32.0,901.1155,0.0,0.020972783,0.0,0.0,Nov,2,2,4,2,Returning_Visitor,False,False
4.0,82.257774,0.0,0.0,45.375267,1261.6893,0.011025534,0.025,8.875074,0.0,Nov,4,2,1,2,Returning_Visitor,False,False
0.0,0.0,0.0,0.0,21.0,436.1638,0.0,0.024284838,0.0,0.0,Dec,1,1,1,2,Returning_Visitor,False,False
0.0,0.0,0.0,0.0,27.031246,377.2014,0.007037396,0.028571429,0.0,0.0,May,4,4,1,13,Returning_Visitor,False,False
0.0,0.0,0.0,0.0,39.557384,1644.2007,0.01627541,0.047821734,0.0,0.0,Dec,2,2,1,2,Returning_Visitor,False,False
0.0,0.0,0.0,0.0,28.0,930.52844,0.0,0.015655272,0.0,0.0,Nov,2,2,7,3,Returning_Visitor,False,False
4.0,89.38069,0.0,0.0,28.39158,701.895,0.0,0.017213855,0.0,0.0,Sep,4,2,1,2,Returning_Visitor,False,False
2.0,14.372607,0.0,0.0,25.0,595.0425,0.0,0.023533465,0.0,0.0,Aug,2,2,7,2,Returning_Visitor,False,False
0.0,0.0,0.0,0.0,25.0,586.2022,0.0,0.03333333,0.0,0.0,Dec,2,12,3,1,Returning_Visitor,False,False
2.0,57.1725,0.0,0.0,13.0,402.2517,0.0,0.028790586,0.0,0.0,Dec,2,4,2,1,Returning_Visitor,False,False
0.0,0.0,0.0,0.0,16.0,222.51701,0.0,0.015384615,0.0,0.0,Dec,2,2,3,1,Returning_Visitor,False,False
4.0,40.806984,0.0,0.0,38.0,768.88544,0.0,0.0125,0.0,0.0,Dec,2,2,4,2,Returning_Visitor,False,False
0.0,0.0,0.0,0.0,12.2328005,568.9975,0.0,0.02,0.0,0.0,Nov,2,2,4,3,Returning_Visitor,False,False
0.0,0.0,0.0,0.0,8.0,198.9456,0.0,0.05,0.0,0.0,Dec,2,4,1,1,Returning_Visitor,False,False
5.0,89.58286,0.0,0.0,43.274887,1559.7694,0.005946528,0.02094302,0.0,0.0,Nov,4,2,1,2,Returning_Visitor,False,False
3.0,69.19107,0.0,0.0,48.0,2074.8113,0.005469408,0.018153762,15.017086,0.0,Dec,2,2,1,2,Returning_Visitor,False,True
0.0,0.0,0.0,0.0,16.0,428.28314,0.013610584,0.03333333,0.0,0.0,Dec,1,2,4,4,Returning_Visitor,False,False
0.0,0.0,0.0,0.0,4.0,34.268158,0.08294183,0.10579299,0.0,0.0,Jul,2,2,1,3,Returning_Visitor,False,False
4.0,71.330025,0.0,0.0,28.0,667.51166,0.0,0.020454653,0.0,0.0,Dec,2,2,1,1,Returning_Visitor,False,False
0.0,0.0,0.0,0.0,33.0,674.7074,0.018371193,0.0408367,0.0,0.0,Dec,7,2,7,13,Returning_Visitor,False,False
0.0,0.0,0.0,0.0,8.0,299.9958,0.0,0.03554842,0.0,0.0,Nov,2,2,1,3,Returning_Visitor,False,False
2.0,39.401752,0.0,0.0,22.0,607.0098,0.0,0.017653529,0.0,0.0,Aug,1,1,3,3,Returning_Visitor,False,False
5.0,109.400406,0.0,0.0,30.780737,569.4565,0.0,0.007136192,0.0,0.0,Nov,1,1,3,2,Returning_Visitor,False,True
0.0,0.0,0.0,0.0,28.0,607.3809,0.0,0.016666668,0.0,0.0,Nov,1,2,1,2,Returning_Visitor,False,False
0.0,0.0,0.0,0.0,3.0,58.436222,0.0,0.06666667,0.0,0.0,Nov,2,5,2,8,Returning_Visitor,False,False
0.0,0.0,0.0,0.0,13.0,478.28143,0.0,0.025193226,0.0,0.0,Nov,2,2,9,2,Returning_Visitor,False,False
0.0,0.0,0.0,0.0,13.0,345.31717,0.0,0.03163068,0.0,0.0,Dec,2,2,1,13,Returning_Visitor,False,False
4.0,64.5264,0.0,0.0,42.0,1218.5791,0.0,0.011895765,0.0,0.0,Nov,2,2,1,2,Returning_Visitor,False,False
0.0,0.0,0.0,0.0,11.0,244.45615,0.0,0.03333333,0.0,0.0,Dec,1,1,1,2,Returning_Visitor,False,False
0.0,0.0,0.0,0.0,16.0,244.93599,0.03291363,0.06666667,0.0,0.0,Dec,3,2,4,1,Returning_Visitor,False,False
4.0,102.52217,0.0,0.0,37.0,1238.8391,0.005130648,0.021275522,0.0,0.0,Dec,4,2,8,1,Returning_Visitor,False,False
4.0,62.151203,0.0,0.0,11.0,190.54535,0.0,0.028557107,0.0,0.0,Aug,1,2,1,13,Returning_Visitor,False,False
3.0,64.36744,0.0,0.0,36.749252,742.4853,0.0,0.014953627,0.0,0.0,Dec,2,2,1,2,Returning_Visitor,False,False
5.0,123.7505,0.0,0.0,37.0,1069.5134,0.009566078,0.02,0.0,0.0,Sep,2,2,1,13,Returning_Visitor,False,False
3.0,90.07938,0.0,0.0,19.0,690.0474,0.023647184,0.044555012,0.0,0.0,Aug,1,1,1,3,Returning_Visitor,False,False
0.0,0.0,0.0,0.0,24.056519,655.0497,0.0,0.022452474,0.0,0.0,Jul,2,2,1,3,Returning_Visitor,False,False
2.0,66.14252,0.0,0.0,26.0,928.2149,0.013016991,0.027841361,0.0,0.0,Nov,3,2,1,1,Returning_Visitor,False,False
0.0,0.0,0.0,0.0,39.0,701.69617,0.011044755,0.026520086,0.0,0.0,Jul,3,2,4,1,Returning_Visitor,False,False
0.0,0.0,0.0,0.0,24.0,534.95575,0.0,0.02596526,0.0,0.0,Nov,1,1,1,3,Returning_Visitor,False,False
0.0,0.0,0.0,0.0,29.0,1012.47015,0.013357661,0.03487936,0.0,0.0,Nov,2,2,1,2,Returning_Visitor,False,False
0.0,0.0,0.0,0.0,20.0,544.9577,0.0125,0.027067725,0.0,0.0,Nov,2,2,2,2,Returning_Visitor,False,False
0.0,0.0,0.0,0.0,62.48346,2192.0808,0.0,0.021401178,0.0,0.0,Dec,2,2,7,1,Returning_Visitor,False,False
0.0,0.0,0.0,0.0,22.0,711.1937,0.025,0.04,0.0,0.0,Nov,1,1,4,1,Returning_Visitor,False,False
0.0,0.0,0.0,0.0,31.0,668.01434,0.00541825,0.028938076,0.0,0.0,May,2,2,1,13,Returning_Visitor,False,False
0.0,0.0,0.0,0.0,8.0,115.31064,0.0,0.037499946,0.0,0.0,Nov,2,2,1,9,Returning_Visitor,False,False
0.0,0.0,0.0,0.0,9.0,478.56885,0.0,0.020668844,0.0,0.0,May,1,2,1,3,Returning_Visitor,False,False
3.0,59.6369,0.0,0.0,29.0,717.9842,0.0,0.0099067,0.0,0.0,Nov,2,2,1,2,New_Visitor,False,False
0.0,0.0,0.0,0.0,24.0,689.53424,0.0,0.029998923,0.0,0.0,Dec,2,2,1,1,Returning_Visitor,False,False
2.0,25.149519,0.0,0.0,29.0,652.92084,0.0,0.018625079,0.0,0.0,Nov,2,4,1,1,Returning_Visitor,False,False
3.0,72.54342,0.0,0.0,60.0,2108.7063,0.0046519907,0.016666668,0.0,0.0,Nov,2,4,9,1,Returning_Visitor,False,False
6.0,210.64255,0.0,0.0,28.0,758.30786,0.0012719464,0.018976893,0.0,0.0,Nov,1,1,3,2,Returning_Visitor,False,False
4.410126,130.93706,0.0,0.0,54.91981,2094.5383,0.0055308477,0.022260673,361.76373,0.0,Dec,2,2,1,2,Returning_Visitor,False,False
0.0,0.0,0.0,0.0,16.0,607.5235,0.0,0.028571429,0.0,0.0,Dec,2,2,6,1,Returning_Visitor,False,False
5.0,158.12718,0.0,0.0,38.421658,1875.9883,0.012702617,0.029932905,0.0,0.0,Dec,2,2,1,3,Returning_Visitor,False,False
0.0,0.0,0.0,0.0,28.0,855.43634,0.018100565,0.05,0.0,0.0,Nov,2,2,1,2,Returning_Visitor,False,False
2.4128718,29.766241,0.0,0.0,17.62411,654.13776,0.0,0.026494343,0.0,0.0,Dec,2,2,1,2,Returning_Visitor,False,False
0.0,0.0,0.0,0.0,30.0,715.5076,0.0,0.025,0.0,0.0,Dec,2,2,7,1,Returning_Visitor,False,False
0.0,0.0,0.0,0.0,30.0,628.7067,0.0,0.016666668,0.0,0.0,Dec,2,2,7,2,Returning_Visitor,False,False
0.0,0.0,0.0,0.0,23.0,406.8776,0.02,0.036300045,0.0,0.0,Dec,1,2,7,1,Returning_Visitor,False,False
3.0,55.824184,0.0,0.0,23.230844,581.72125,0.0,0.015616876,0.0,0.0,Nov,2,2,1,13,Returning_Visitor,False,False
3.0,70.08822,0.0,0.0,29.0,869.09625,0.0,0.011727254,0.0,0.0,Jul,2,2,1,2,Returning_Visitor,False,False
0.0,0.0,0.0,0.0,25.976454,662.0211,0.0,0.018561786,0.0,0.0,Dec,2,2,1,3,Returning_Visitor,False,False
3.0,39.50371,0.0,0.0,29.354473,676.5071,0.0,0.021595515,0.0,0.0,Nov,2,2,1,2,Returning_Visitor,False,False
0.0,0.0,0.0,0.0,14.0,245.39178,0.037015937,0.07014251,0.0,0.0,Dec,7,2,1,1,Returning_Visitor,False,False
0.0,0.0,0.0,0.0,9.0,221.05423,0.030550227,0.06666667,0.0,0.0,Nov,4,2,1,8,Returning_Visitor,False,False
5.0,69.64498,1.0,35.071472,118.03005,3505.9648,0.002853845,0.01585723,0.0,0.0,Nov,2,2,1,9,Returning_Visitor,False,True
3.0,47.70746,0.0,0.0,39.0,1074.5577,0.0096143475,0.025,0.0,0.0,Dec,2,2,1,2,Returning_Visitor,False,False
0.0,0.0,0.0,0.0,31.0,865.1842,0.0,0.027716815,0.0,0.0,Aug,2,2,1,1,Returning_Visitor,False,False
0.0,0.0,0.0,0.0,17.954355,449.76108,0.016250346,0.038306504,0.0,0.0,Dec,2,2,4,2,Returning_Visitor,False,False
0.0,0.0,0.0,0.0,7.0,281.37436,0.0,0.04,0.0,0.0,Nov,2,2,4,13,Returning_Visitor,False,False
3.0,68.74645,0.0,0.0,18.0,428.8944,0.022282189,0.034807127,0.0,0.0,Dec,3,2,4,13,Returning_Visitor,False,False
3.0,51.603416,0.0,0.0,25.754353,581.64764,0.0,0.016666668,0.0,0.0,Jul,2,2,4,1,Returning_Visitor,False,False
0.0,0.0,0.0,0.0,19.0,355.3465,0.0,0.03162922,0.0,0.0,Nov,2,2,1,1,Returning_Visitor,False,False
0.0,0.0,0.0,0.0,5.0,121.853584,0.0,0.05479592,0.0,0.0,Aug,2,2,1,1,Returning_Visitor,False,False
0.0,0.0,0.0,0.0,19.0,346.0686,0.02,0.04,0.0,0.0,Nov,4,2,1,10,Returning_Visitor,False,False
0.0,0.0,0.0,0.0,30.0,947.9834,0.0,0.025,0.0,0.0,May,4,2,1,1,Returning_Visitor,False,False
0.0,0.0,0.0,0.0,48.0,1905.5452,0.0,0.0105931265,19.01518,0.0,Nov,2,2,1,8,Returning_Visitor,False,True
5.0,110.460655,0.0,0.0,53.885796,1657.6722,0.0,0.01604422,0.0,0.0,Dec,2,2,1,1,Returning_Visitor,False,False
0.0,0.0,0.0,0.0,40.0,953.7326,0.0,0.022222223,0.0,0.0,Nov,2,2,1,3,Returning_Visitor,False,False
4.0,50.855362,0.0,0.0,26.121353,455.46976,0.0,0.009852663,0.0,0.0,Aug,2,2,9,2,Returning_Visitor,False,True
0.0,0.0,0.0,0.0,28.0,791.9242,0.0,0.02146435,0.0,0.0,Nov,2,2,9,13,Returning_Visitor,False,False
3.0,56.2627,0.0,0.0,43.567738,1411.1993,0.004719533,0.020591503,0.0,0.0,Jul,2,2,9,1,Returning_Visitor,False,False
3.1613615,109.12604,0.0,0.0,23.0,661.61945,0.0,0.011917844,0.0,0.0,Dec,3,2,4,2,Returning_Visitor,False,False
4.0,66.97006,0.0,0.0,22.0,639.47485,0.0,0.01875349,0.0,0.0,Nov,2,2,1,8,Returning_Visitor,False,False
0.0,0.0,0.0,0.0,17.0,283.87286,0.019823372,0.048203085,0.0,0.0,Dec,1,4,1,1,Returning_Visitor,False,False
0.0,0.0,0.0,0.0,42.0,1506.166,0.015384971,0.04332806,0.0,0.0,Dec,2,2,1,2,Returning_Visitor,False,False
0.0,0.0,0.0,0.0,17.0,439.48862,0.015509338,0.04,0.0,0.0,Nov,2,2,9,1,Returning_Visitor,False,False
5.0,158.86699,0.0,0.0,119.9054,3211.7917,0.0048703197,0.013333333,0.0,0.0,Aug,2,2,7,2,Returning_Visitor,False,False
0.0,0.0,0.0,0.0,30.0,733.0013,0.006666667,0.025,0.0,0.0,Aug,3,2,1,2,Returning_Visitor,False,False
0.0,0.0,0.0,0.0,8.0,240.26613,0.0,0.04,0.0,0.0,Aug,4,2,4,3,Returning_Visitor,False,False
1.0,26.30186,0.0,0.0,23.0,533.4368,0.0,0.017426645,0.0,0.0,Dec,2,2,4,14,Returning_Visitor,False,False
0.0,0.0,0.0,0.0,12.0,192.75769,0.029835606,0.05,0.0,0.0,Dec,1,2,4,1,Returning_Visitor,False,False
0.0,0.0,0.0,0.0,27.0,624.9567,0.022914514,0.04920801,0.0,0.0,Dec,2,2,9,1,Returning_Visitor,False,False
0.0,0.0,0.0,0.0,16.0,279.77353,0.014231973,0.042184625,0.0,0.0,Jul,1,2,1,3,Returning_Visitor,False,False
3.0,58.26882,0.0,0.0,24.0,734.8209,0.0,0.018226603,0.0,0.0,Dec,2,2,1,3,Returning_Visitor,False,False
2.0,38.7098,0.0,0.0,28.0,749.7881,0.01768825,0.037817728,0.0,0.0,Nov,2,2,1,1,Returning_Visitor,False,False
0.0,0.0,0.0,0.0,16.0,288.13397,0.04,0.073887676,0.0,0.0,May,2,2,1,1,Returning_Visitor,False,False
3.0,56.806686,0.0,0.0,31.0,778.0988,0.004869094,0.01937207,0.0,0.0,Dec,2,2,1,8,Returning_Visitor,False,False
6.0,94.333336,0.0,0.0,42.74692,1468.1838,0.006869581,0.022222223,0.0,0.0,Nov,2,2,7,2,Returning_Visitor,False,False
4.0,72.42489,0.0,0.0,46.204826,1571.3438,0.0056757773,0.025,0.0,0.0,Nov,4,2,1,13,Returning_Visitor,False,False
0.0,0.0,0.0,0.0,28.57422,809.62915,0.0,0.01818664,0.0,0.0,Nov,2,2,8,1,Returning_Visitor,False,False
1.0,0.0,0.0,0.0,10.851409,566.801,0.0,0.025379425,0.0,0.0,May,2,2,7,1,Returning_Visitor,False,False
0.0,0.0,0.0,0.0,40.0,1032.1766,0.0,0.01219396,17.640089,0.0,Nov,2,2,1,9,Returning_Visitor,False,True
3.0,49.47154,0.0,0.0,30.0,725.481,0.0,0.016390314,0.0,0.0,Nov,2,2,1,13,Returning_Visitor,False,False
0.0,0.0,0.0,0.0,37.984467,923.3908,0.0,0.020028306,341.1435,0.0,Nov,1,2,1,13,Returning_Visitor,False,False
0.0,0.0,0.0,0.0,26.0,792.0166,0.0,0.007466586,0.0,0.0,Dec,4,2,1,2,Returning_Visitor,False,False
4.0,76.46798,0.0,0.0,23.0,705.22076,0.0,0.011111111,0.0,0.0,Dec,2,2,1,2,Returning_Visitor,False,False
3.0,46.932106,0.0,0.0,30.0,794.0361,0.010005191,0.024777787,0.0,0.0,Dec,2,2,6,15,Returning_Visitor,False,False
0.0,0.0,0.0,0.0,21.0,619.13324,0.011653129,0.037772022,0.0,0.0,Nov,2,2,1,1,Returning_Visitor,False,False
0.0,0.0,0.0,0.0,24.0,479.09683,0.0029035215,0.02,0.0,0.0,Dec,1,1,6,1,Returning_Visitor,False,False
0.0,0.0,0.0,0.0,26.0,683.5146,0.0,0.022049522,0.0,0.0,Nov,2,2,3,13,Returning_Visitor,False,False
0.0,0.0,0.0,0.0,17.0,261.97498,0.0,0.034234792,0.0,0.0,Sep,1,1,1,1,Returning_Visitor,False,False
0.0,0.0,0.0,0.0,22.0,714.2436,0.033295687,0.05,0.0,0.0,Dec,3,2,1,3,Returning_Visitor,False,False
3.0,41.332325,0.0,0.0,33.0,1552.363,0.0,0.018177666,0.0,0.0,Aug,4,4,3,3,Returning_Visitor,False,False
0.0,0.0,0.0,0.0,26.0,552.36334,0.0021915433,0.030311242,0.0,0.0,Aug,2,2,9,3,Returning_Visitor,False,False
3.0,80.016495,0.0,0.0,35.0,735.10254,0.0,0.012169243,0.0,0.0,Aug,2,2,1,2,Returning_Visitor,False,False
3.0,58.621433,0.0,0.0,67.02884,2070.897,0.0056125103,0.0223917,0.0,0.0,Nov,2,2,1,13,Returning_Visitor,False,False
0.0,0.0,0.0,0.0,11.0,323.33087,0.0,0.03790225,0.0,0.0,Nov,2,2,9,2,Returning_Visitor,False,False
0.0,0.0,0.0,0.0,26.0,659.1186,0.0,0.023596141,0.0,0.0,Jul,2,2,1,8,Returning_Visitor,False,False
5.0,111.861855,0.0,0.0,27.0,517.68884,0.005560276,0.01583942,0.0,0.0,Sep,2,2,1,13,Returning_Visitor,False,False
0.0,0.0,0.0,0.0,20.817947,602.70056,0.0,0.028739262,0.0,0.0,Dec,2,2,2,2,Returning_Visitor,False,False
3.0,77.793,0.0,0.0,13.0,577.6726,0.0,0.015384615,0.0,0.0,Mar,3,2,6,2,Returning_Visitor,False,False
0.0,0.0,0.0,0.0,22.0,991.8997,0.0,0.016666668,0.0,0.0,Dec,2,4,1,2,Returning_Visitor,False,False
0.0,0.0,0.0,0.0,24.0,707.0483,0.006204143,0.027234888,0.0,0.0,Dec,2,2,6,1,Returning_Visitor,False,False
3.0,40.661953,0.0,0.0,40.98826,1046.4913,0.0068119187,0.021432498,0.0,0.0,Nov,3,2,6,2,Returning_Visitor,False,False
0.0,0.0,0.0,0.0,18.0,626.66614,0.0,0.018344352,0.0,0.0,Dec,2,2,1,8,Returning_Visitor,False,False
1.0,0.0,0.0,0.0,14.0,381.58316,0.0,0.020857366,0.0,0.0,Dec,4,1,1,8,Returning_Visitor,False,False
0.0,0.0,0.0,0.0,53.0,1618.1259,0.0037784043,0.019600153,9.1572,0.0,Aug,2,2,1,2,Returning_Visitor,False,False
3.0,106.98443,0.0,0.0,41.0,1465.0908,0.0069979657,0.021258324,0.0,0.0,Aug,2,2,1,1,Returning_Visitor,False,False
2.0,45.39542,0.0,0.0,22.0,523.0874,0.018648725,0.03333333,0.0,0.0,Aug,2,2,1,3,Returning_Visitor,False,False
4.0,61.93742,0.0,0.0,47.0,1560.5397,0.0,0.014613578,0.0,0.0,Nov,2,2,1,2,Returning_Visitor,False,False
2.0,45.22295,0.0,0.0,23.0,556.5556,0.0077605853,0.025019001,0.0,0.0,Dec,2,4,1,1,Returning_Visitor,False,False
0.0,0.0,0.0,0.0,12.0,226.62779,0.0,0.026720408,0.0,0.0,Nov,2,2,4,2,Returning_Visitor,False,False
0.0,0.0,0.0,0.0,7.0,155.0722,0.0,0.032413635,0.0,0.0,May,1,1,1,2,Returning_Visitor,False,False
0.0,0.0,0.0,0.0,30.38894,779.25867,0.0,0.025,0.0,0.0,Nov,2,2,6,1,Returning_Visitor,False,False
0.0,0.0,0.0,0.0,13.0,585.7668,0.0,0.026464753,0.0,0.0,Mar,2,2,1,1,Returning_Visitor,False,False
0.0,0.0,0.0,0.0,6.528426,274.10504,0.0,0.04134406,0.0,0.0,Nov,2,2,1,3,Returning_Visitor,False,False
0.0,0.0,0.0,0.0,22.0,661.45435,0.0,0.029835835,0.0,0.0,Dec,2,2,4,3,Returning_Visitor,False,False
2.0,62.97544,0.0,0.0,38.23158,743.71466,0.009090909,0.029760119,0.0,0.0,Dec,2,2,7,2,Returning_Visitor,False,False
0.0,0.0,0.0,0.0,19.0,599.85956,0.025,0.053767264,0.0,0.0,Nov,2,4,2,1,Returning_Visitor,False,False
2.0,38.52162,0.0,0.0,23.716963,889.68317,0.014888932,0.03333333,0.0,0.0,Nov,4,2,1,1,Returning_Visitor,False,False
0.0,0.0,0.0,0.0,30.218977,692.77313,0.0,0.018154824,0.0,0.0,Nov,2,2,1,2,Returning_Visitor,False,False
2.0,12.695424,0.0,0.0,24.0,782.48004,0.0125,0.038330268,0.0,0.0,May,4,2,9,13,Returning_Visitor,False,False
0.0,0.0,0.0,0.0,19.0,608.3842,0.021255065,0.04206325,0.0,0.0,Aug,1,1,4,1,Returning_Visitor,False,False
0.0,0.0,0.0,0.0,9.0,278.1473,0.0,0.040124416,0.0,0.0,Nov,2,2,1,8,Returning_Visitor,False,False
3.0,61.838005,0.0,0.0,30.0,601.4,0.0,0.01598,0.0,0.0,Dec,4,2,1,2,Returning_Visitor,False,False
0.0,0.0,0.0,0.0,24.0,471.95627,0.0,0.016666668,0.0,0.0,Aug,2,2,1,2,Returning_Visitor,False,False
0.0,0.0,0.0,0.0,16.0,671.8962,0.0,0.023571076,0.0,0.0,May,2,2,7,2,Returning_Visitor,False,False
0.0,0.0,0.0,0.0,15.0,406.014,0.0,0.020917626,0.0,0.0,Aug,2,2,1,2,Returning_Visitor,False,False
0.0,0.0,0.0,0.0,15.0,474.54303,0.0,0.015422295,0.0,0.0,Dec,3,2,4,2,Returning_Visitor,False,False
0.0,0.0,0.0,0.0,26.0,501.01257,0.0,0.02,0.0,0.0,Jul,4,2,1,1,Returning_Visitor,False,False
2.0,29.15553,0.0,0.0,24.0,890.4449,0.0,0.013610083,26.89035,0.0,Dec,4,2,1,2,Returning_Visitor,False,True
0.0,0.0,0.0,0.0,26.0,787.87164,0.0,0.025845753,0.0,0.0,Nov,1,4,4,1,Returning_Visitor,True,False
0.0,0.0,0.0,0.0,15.0,360.76215,0.0,0.022222223,0.0,0.0,Nov,3,2,8,8,Returning_Visitor,False,False
0.0,0.0,0.0,0.0,21.0,619.5075,0.0,0.014411924,0.0,0.0,Mar,2,4,1,2,Returning_Visitor,False,False
0.0,0.0,0.0,0.0,16.0,494.48486,0.0,0.018884262,0.0,0.0,Dec,2,2,1,13,Returning_Visitor,False,False
0.0,0.0,0.0,0.0,22.0,569.6042,0.0,0.03333333,0.0,0.0,Jul,2,2,1,1,Returning_Visitor,False,False
0.0,0.0,0.0,0.0,18.0,509.09317,0.0,0.0206609,0.0,0.0,Aug,2,2,1,2,Returning_Visitor,False,False
4.0,84.99754,0.0,0.0,39.611126,1540.0503,0.010743797,0.028571429,10.960751,0.0,Dec,2,2,3,13,Returning_Visitor,False,False
0.0,0.0,0.0,0.0,18.0,334.08856,0.0,0.028912416,0.0,0.0,Nov,2,2,1,1,Returning_Visitor,False,False
0.0,0.0,0.0,0.0,39.0,1330.4069,0.0048218467,0.026413253,0.0,0.0,Aug,2,12,1,2,Returning_Visitor,False,False
0.0,0.0,0.0,0.0,26.0,705.3929,0.0,0.028117869,0.0,0.0,Dec,2,2,7,2,Returning_Visitor,False,False
0.0,0.0,0.0,0.0,22.0,608.22656,0.0,0.030628141,0.0,0.0,Nov,4,2,1,13,Returning_Visitor,False,False
3.0,34.276493,0.0,0.0,10.0,160.96204,0.0,0.014285714,0.0,0.0,Mar,4,1,1,2,Returning_Visitor,False,False
4.0,98.05932,0.0,0.0,32.0,1164.2627,0.0035887826,0.021246582,0.0,0.0,Dec,4,1,9,1,Returning_Visitor,False,False
3.0,44.604664,0.0,0.0,37.68988,649.5832,0.0,0.024118053,0.0,0.0,Nov,2,2,7,1,Returning_Visitor,False,False
0.0,0.0,0.0,0.0,25.0,522.46704,0.0,0.025,0.0,0.0,Dec,2,2,1,3,Returning_Visitor,False,False
0.0,0.0,0.0,0.0,20.0,349.89645,0.006684119,0.022222223,0.0,0.0,Dec,4,1,6,2,Returning_Visitor,False,False
2.0,38.009525,0.0,0.0,28.79127,1115.7505,0.0,0.016666668,0.0,0.0,Nov,2,2,3,2,Returning_Visitor,False,False
0.0,0.0,0.0,0.0,27.0,586.59827,0.0,0.017007357,0.0,0.0,Nov,2,2,4,13,Returning_Visitor,False,False
2.0,28.720327,0.0,0.0,26.0,570.91016,0.0,0.018384472,0.0,0.0,Nov,4,1,1,2,Returning_Visitor,False,False
3.0,64.79109,0.0,0.0,36.0,996.97626,0.018108228,0.03333333,0.0,0.0,Jul,3,2,1,1,Returning_Visitor,False,False
4.0,113.741325,0.0,0.0,20.0,549.14166,0.015376942,0.03333333,0.0,0.0,Aug,3,2,1,13,Returning_Visitor,False,False
0.0,0.0,0.0,0.0,16.0,365.18323,0.028571429,0.040021013,0.0,0.0,Dec,3,2,1,1,Returning_Visitor,False,False
5.0,126.95161,0.0,0.0,39.699974,1083.5867,0.0,0.008717644,0.0,0.0,Dec,2,2,7,3,Returning_Visitor,True,True
3.0,50.316948,0.0,0.0,45.0,1086.8365,0.0,0.011164485,0.0,0.0,May,2,2,1,15,Returning_Visitor,False,False
3.0,53.628765,0.0,0.0,20.0,425.5091,0.009966306,0.021889808,0.0,0.0,Mar,1,1,1,1,Returning_Visitor,False,False
3.0,56.269207,0.0,0.0,19.0,583.3369,0.0,0.025349133,0.0,0.0,Nov,2,2,9,2,Returning_Visitor,False,False
2.0,58.372227,0.0,0.0,29.0,1275.7678,0.0,0.0100519825,23.934013,0.0,Dec,2,2,1,13,Returning_Visitor,False,True
2.0,54.08806,0.0,0.0,41.229797,1976.1477,0.0073426906,0.023914268,14.074399,0.0,Dec,2,2,1,8,Returning_Visitor,False,False
0.0,0.0,0.0,0.0,22.0,548.6045,0.0,0.022373488,0.0,0.0,Nov,3,2,1,13,Returning_Visitor,False,False
4.0,81.88459,0.0,0.0,44.51344,1194.4501,0.008414921,0.028182026,0.0,0.0,Aug,2,2,1,1,Returning_Visitor,False,False
0.0,0.0,0.0,0.0,14.900378,440.08774,0.0,0.014955805,0.0,0.0,Dec,1,1,3,2,Returning_Visitor,False,False
3.0,77.325134,0.0,0.0,23.0,498.65076,0.0,0.018119326,0.0,0.0,Dec,1,2,1,2,Returning_Visitor,False,False
2.0,37.04198,0.0,0.0,29.0,1019.128,0.0,0.014285714,0.0,0.0,Aug,2,2,1,2,Returning_Visitor,False,False
0.0,0.0,0.0,0.0,25.0,691.53,0.0,0.029162975,0.0,0.0,Aug,2,4,1,1,Returning_Visitor,False,False
2.0,25.495434,0.0,0.0,11.0,604.7709,0.0,0.025,0.0,0.0,Nov,4,2,8,2,Returning_Visitor,False,False
0.0,0.0,0.0,0.0,24.0,510.49966,0.008606278,0.040209614,0.0,0.0,Dec,2,2,1,10,Returning_Visitor,False,False
3.0,80.18077,0.0,0.0,19.0,536.76666,0.0,0.011764706,0.0,0.0,Dec,1,2,3,3,Returning_Visitor,False,False
3.0,52.119705,0.0,0.0,55.49535,1217.0664,0.003278645,0.021818956,0.0,0.0,Dec,2,2,4,1,Returning_Visitor,False,False
0.0,0.0,0.0,0.0,29.0,656.9876,0.00824842,0.024538143,0.0,0.0,Nov,3,2,1,13,Returning_Visitor,False,False
3.0,43.884262,0.0,0.0,25.767738,550.12305,0.0,0.019954327,0.0,0.0,Nov,2,2,1,9,Returning_Visitor,False,False
0.0,0.0,0.0,0.0,13.543172,263.026,0.0,0.034621008,0.0,0.0,Dec,2,2,7,1,Returning_Visitor,False,False
2.0,34.317005,0.0,0.0,26.0,1673.9482,0.014092613,0.033279385,0.0,0.0,Nov,2,2,1,3,Returning_Visitor,False,False
0.0,0.0,0.0,0.0,45.0,1694.1765,0.0051142382,0.025187686,0.0,0.0,Nov,2,2,4,2,Returning_Visitor,False,False
0.0,0.0,0.0,0.0,10.0,214.46007,0.028571429,0.057147797,0.0,0.0,Dec,3,4,1,1,Returning_Visitor,False,False
0.0,0.0,0.0,0.0,13.0,209.50424,0.020147286,0.05,0.0,0.0,Dec,2,2,1,1,Returning_Visitor,False,False
0.0,0.0,0.0,0.0,11.0,202.06992,0.004316134,0.044444446,0.0,0.0,Nov,3,2,1,3,Returning_Visitor,False,False
5.0,125.85041,1.0,0.0,60.286263,2367.5256,0.0,0.014926529,0.0,0.0,Nov,2,2,1,2,Returning_Visitor,False,False
2.0,49.351727,0.0,0.0,32.674847,1274.9163,0.003760355,0.01721382,14.843854,0.0,Nov,2,2,4,13,Returning_Visitor,False,False
0.0,0.0,0.0,0.0,25.0,588.8655,0.0,0.016582495,3.3007975,0.0,Dec,4,2,7,3,Returning_Visitor,False,True
3.0,104.00819,0.0,0.0,22.890333,577.5327,0.0,0.01732379,0.0,0.0,Nov,1,2,4,2,Returning_Visitor,False,False
0.0,0.0,0.0,0.0,16.0,374.0084,0.0072322907,0.028157767,0.0,0.0,Nov,1,1,8,13,Returning_Visitor,False,False
2.0,51.4143,0.0,0.0,43.0,2425.2573,0.0056792106,0.028561648,0.0,0.0,Nov,2,2,1,2,Returning_Visitor,False,False
0.0,0.0,0.0,0.0,26.0,554.49414,0.0,0.02521697,0.0,0.0,Dec,2,2,2,13,Returning_Visitor,False,False
3.0,57.8308,0.0,0.0,27.0,860.61865,0.0,0.011061077,0.0,0.0,Sep,2,2,7,2,Returning_Visitor,False,False
0.0,0.0,0.0,0.0,41.0,1054.047,0.005923776,0.025867578,0.0,0.0,Aug,4,2,1,2,Returning_Visitor,False,False
5.0,69.16872,0.0,0.0,17.0,244.8861,0.0,0.022752317,0.0,0.0,Nov,2,2,1,2,Returning_Visitor,True,False
3.7052379,90.0,2.0,11.281139,41.50263,1555.4564,0.008305685,0.032439493,12.976902,0.0,Dec,2,5,1,2,Returning_Visitor,False,False
0.0,0.0,0.0,0.0,26.0,425.29932,0.014176981,0.030192664,0.0,0.0,Dec,4,2,7,1,Returning_Visitor,False,False
0.0,0.0,0.0,0.0,40.0,1221.2268,0.006398272,0.026674988,0.0,0.0,Nov,2,2,4,8,Returning_Visitor,True,False
0.0,0.0,0.0,0.0,22.0,313.31128,0.0,0.032742575,0.0,0.0,Dec,4,2,4,3,Returning_Visitor,False,False
4.0,101.90437,0.0,0.0,20.0,422.59116,0.0,0.012405507,0.0,0.0,Nov,2,2,1,13,Returning_Visitor,False,False
3.0,45.30979,0.0,0.0,44.0,949.5401,0.0039101653,0.019886516,0.0,0.0,Dec,2,2,7,2,Returning_Visitor,False,False
0.0,0.0,0.0,0.0,14.0,693.57666,0.0,0.015933687,0.0,0.0,Nov,2,2,6,2,Returning_Visitor,False,False
0.0,0.0,0.0,0.0,22.0,414.93588,0.0066847024,0.028166704,0.0,0.0,Nov,2,2,1,8,Returning_Visitor,False,False
0.0,0.0,0.0,0.0,8.0,168.04823,0.04146308,0.06666667,0.0,0.0,May,3,2,6,2,Returning_Visitor,False,False
3.0,43.98045,0.0,0.0,22.0,601.48376,0.0,0.010391437,0.0,0.0,Nov,2,1,1,14,Returning_Visitor,False,False
0.0,0.0,0.0,0.0,3.0,0.0,0.2,0.2,0.0,0.0,Aug,1,1,3,1,Returning_Visitor,False,False
0.0,0.0,0.0,0.0,26.0,401.40536,0.0032159819,0.03843882,0.0,0.0,Dec,2,2,1,3,Returning_Visitor,False,False
0.0,0.0,0.0,0.0,31.0,1334.1528,0.0,0.022222223,361.76373,0.0,Nov,2,2,1,8,Returning_Visitor,False,False
2.0,33.679462,0.0,0.0,38.0,1186.3491,0.012456295,0.026470236,0.0,0.0,Nov,4,2,3,3,Returning_Visitor,False,False
3.0,55.639267,0.0,0.0,44.502884,1452.0435,0.0125324065,0.03436996,0.0,0.0,Aug,2,2,1,1,Returning_Visitor,False,False
0.0,0.0,0.0,0.0,32.0,676.99164,0.0,0.015637554,0.0,0.0,Aug,2,2,1,2,Returning_Visitor,False,False
2.0,43.147903,0.0,0.0,21.0,611.07306,0.0077558313,0.021460528,32.716015,0.0,Jul,2,2,1,1,Returning_Visitor,False,True
3.0,42.02615,0.0,0.0,30.0,782.02344,0.0,0.023630932,0.0,0.0,Aug,2,4,3,2,Returning_Visitor,False,False
0.0,0.0,0.0,0.0,37.0,1037.5808,0.0,0.018550348,0.0,0.0,Nov,2,2,1,3,Returning_Visitor,False,False
3.0,68.65704,0.0,0.0,16.0,466.18298,0.0,0.016666668,0.0,0.0,Aug,3,2,1,8,Returning_Visitor,False,False
0.0,0.0,0.0,0.0,25.0,877.38403,0.016541202,0.036458377,0.0,0.0,Nov,3,2,1,1,Returning_Visitor,False,False
0.0,0.0,0.0,0.0,29.0,801.9427,0.0,0.025486961,0.0,0.0,Aug,2,2,2,3,Returning_Visitor,False,False
0.0,0.0,0.0,0.0,38.0,885.0258,0.0,0.018273415,0.0,0.0,May,2,2,1,9,Returning_Visitor,False,False
0.0,0.0,0.0,0.0,27.0,952.5989,0.0,0.02100167,0.0,0.0,Nov,4,2,1,9,Returning_Visitor,False,False
0.0,0.0,0.0,0.0,26.440664,922.0559,0.017465584,0.03749715,0.0,0.0,Jul,1,4,1,13,Returning_Visitor,False,False
0.0,0.0,0.0,0.0,23.0,491.2895,0.013192611,0.039445944,0.0,0.0,Aug,3,2,1,2,Returning_Visitor,False,False
0.0,0.0,0.0,0.0,12.0,358.31302,0.0,0.03426414,0.0,0.0,Nov,2,2,1,2,Returning_Visitor,False,False
0.0,0.0,0.0,0.0,19.0,735.4107,0.0,0.03333333,0.0,0.0,Mar,3,2,6,1,Returning_Visitor,False,False
4.0,63.258842,0.0,0.0,47.0,1035.1572,0.0,0.01607215,0.0,0.0,Dec,2,2,1,1,Returning_Visitor,False,False
0.0,0.0,0.0,0.0,13.391076,440.07602,0.025,0.04371763,0.0,0.0,Nov,1,1,3,1,Returning_Visitor,False,False
0.0,0.0,0.0,0.0,17.0,513.5018,0.004950932,0.02089907,0.0,0.0,Nov,3,2,6,9,Returning_Visitor,False,False
3.0,62.649467,0.0,0.0,44.0,1638.6941,0.008618553,0.021652343,0.0,0.0,Nov,2,2,6,13,Returning_Visitor,False,False
3.0,80.251724,0.0,0.0,37.709568,1085.6067,0.0,0.016666668,0.0,0.0,Nov,2,2,1,2,Returning_Visitor,False,False
0.0,0.0,0.0,0.0,8.985764,164.65466,0.0,0.021311939,0.0,0.0,Dec,1,2,6,2,Returning_Visitor,False,False
0.0,0.0,0.0,0.0,16.0,277.17706,0.0,0.022632483,0.0,0.0,Nov,2,2,1,1,Returning_Visitor,True,False
0.0,0.0,0.0,0.0,12.0,331.41888,0.0,0.037490062,0.0,0.0,Nov,2,2,1,3,Returning_Visitor,False,False
0.0,0.0,0.0,0.0,26.0,720.6853,0.0,0.028785223,0.0,0.0,Nov,2,2,1,3,Returning_Visitor,False,True
2.0,34.56424,0.0,0.0,21.0,401.16238,0.0,0.01753235,0.0,0.0,Sep,2,2,1,2,Returning_Visitor,False,False
0.0,0.0,0.0,0.0,8.0,157.86003,0.0,0.022222223,0.0,0.0,Mar,2,2,9,9,Returning_Visitor,False,False
0.0,0.0,0.0,0.0,26.0,681.60645,0.0048600934,0.02394088,0.0,0.0,Nov,1,1,1,1,Returning_Visitor,False,False
0.0,0.0,0.0,0.0,11.0,232.63129,0.036912937,0.06666667,0.0,0.0,Feb,3,2,7,1,Returning_Visitor,False,False
0.0,0.0,0.0,0.0,30.0,954.7708,0.008959642,0.031133289,0.0,0.0,Dec,3,2,6,1,Returning_Visitor,False,False
3.0,70.03302,0.0,0.0,46.092678,1513.9613,0.0,0.008985404,0.0,0.0,Nov,2,2,7,9,Returning_Visitor,False,False
0.0,0.0,0.0,0.0,15.0,542.7094,0.017100299,0.05360984,0.0,0.0,May,4,4,1,3,Returning_Visitor,False,False
0.0,0.0,0.0,0.0,33.614628,700.36334,0.0,0.025,0.0,0.0,Jul,2,2,4,2,Returning_Visitor,False,False
0.0,0.0,0.0,0.0,29.0,770.11255,0.010997161,0.029971177,0.0,0.0,Nov,4,2,1,10,Returning_Visitor,False,False
0.0,0.0,0.0,0.0,7.0,126.15353,0.04424773,0.0809274,0.0,0.0,Nov,4,2,1,1,Returning_Visitor,True,False
0.0,0.0,0.0,0.0,18.077494,491.35083,0.0153212305,0.03171881,0.0,0.0,Dec,4,2,9,2,Returning_Visitor,False,False
3.0,63.873116,0.0,0.0,36.0,1200.7319,0.0,0.022222223,0.0,0.0,Nov,2,2,1,2,Returning_Visitor,False,False
0.0,0.0,0.0,0.0,36.151173,907.919,0.0069083744,0.01860963,0.0,0.0,Nov,2,2,2,13,Returning_Visitor,False,False
0.0,0.0,0.0,0.0,7.0,223.99516,0.0,0.034513608,0.0,0.0,Nov,3,2,1,9,Returning_Visitor,False,False
2.0,32.073605,0.0,0.0,28.0,462.5568,0.00662273,0.023714304,0.0,0.0,Nov,2,2,1,13,Returning_Visitor,False,False
0.0,0.0,0.0,0.0,10.0,271.1496,0.0,0.038786348,0.0,0.0,Dec,2,2,1,1,Returning_Visitor,False,False
3.0,67.36668,0.0,0.0,36.0,969.09485,0.0,0.016666668,7.458842,0.0,Dec,2,2,7,13,Returning_Visitor,False,False
0.0,0.0,0.0,0.0,11.0,273.33655,0.0,0.02006393,0.0,0.0,Nov,1,2,2,2,Returning_Visitor,False,False
3.0,87.06992,0.0,0.0,26.0,886.19116,0.014285714,0.0356798,0.0,0.0,Nov,2,5,1,1,Returning_Visitor,False,False
0.0,0.0,0.0,0.0,22.0,631.4951,0.0,0.02098647,0.0,0.0,Aug,2,2,1,9,Returning_Visitor,False,False
0.0,0.0,0.0,0.0,32.74615,808.3153,0.011683845,0.023046872,15.108992,0.0,Dec,3,2,1,2,Returning_Visitor,False,False
4.0,75.63847,1.0,0.0,57.00772,2440.693,0.008557451,0.026609553,0.0,0.0,Dec,2,2,1,13,Returning_Visitor,False,False
3.0,57.161915,1.0,0.0,22.467577,519.87573,0.0,0.016666668,0.0,0.0,Sep,2,2,1,13,Returning_Visitor,False,False
0.0,0.0,0.0,0.0,14.0,268.89624,0.0,0.03872445,0.0,0.0,Nov,1,2,9,1,Returning_Visitor,False,False
3.0,55.632923,0.0,0.0,24.0,795.82404,0.0,0.018040098,0.0,0.0,Nov,2,2,1,3,Returning_Visitor,False,False
0.0,0.0,0.0,0.0,22.0,604.3393,0.0,0.025,0.0,0.0,Nov,4,1,4,1,Returning_Visitor,False,False
0.0,0.0,0.0,0.0,28.0,870.87915,0.0,0.022222223,0.0,0.0,Nov,2,2,9,2,Returning_Visitor,False,False
0.0,0.0,0.0,0.0,15.0,337.9952,0.018310826,0.04166367,0.0,0.0,Nov,1,2,6,1,Returning_Visitor,False,False
6.0,131.53915,0.0,0.0,48.92763,2135.1611,0.0034472903,0.021732088,0.0,0.0,Dec,2,4,1,10,Returning_Visitor,False,True
0.0,0.0,0.0,0.0,27.0,799.3525,0.0,0.011614218,0.0,0.0,Dec,2,2,1,2,Returning_Visitor,False,True
2.0,33.46564,0.0,0.0,43.0,941.59814,0.004954133,0.021169066,0.0,0.0,Sep,1,1,1,4,Returning_Visitor,False,False
0.0,0.0,0.0,0.0,22.0,481.00067,0.011007364,0.03333333,0.0,0.0,Dec,2,2,1,2,Returning_Visitor,False,False
0.0,0.0,0.0,0.0,22.0,439.22345,0.0,0.016666668,0.0,0.0,Dec,2,2,4,2,Returning_Visitor,False,False
0.0,0.0,0.0,0.0,13.0,309.5829,0.0,0.008816631,0.0,0.0,Nov,2,2,1,2,Returning_Visitor,False,False
0.0,0.0,0.0,0.0,25.0,581.00726,0.0,0.0153285125,0.0,0.0,Dec,4,1,1,1,Returning_Visitor,False,False
0.0,0.0,0.0,0.0,38.639275,1111.115,0.008916928,0.028571429,0.0,0.0,Dec,2,5,9,13,Returning_Visitor,False,False
8.0,152.16252,2.8998387,55.504135,61.14381,2427.3667,0.008181551,0.020017143,7.9218545,0.0,Jul,1,2,1,2,Returning_Visitor,False,False
0.0,0.0,0.0,0.0,22.0,462.9162,0.0,0.014475737,0.0,0.0,Mar,2,2,3,8,Returning_Visitor,False,False
5.0,76.06,0.0,0.0,30.0,586.3131,0.0,0.020838112,0.0,0.0,Dec,4,2,1,2,Returning_Visitor,False,False
0.0,0.0,0.0,0.0,18.0,222.58746,0.026592067,0.06666667,0.0,0.0,Nov,2,2,1,1,Returning_Visitor,False,False
0.0,0.0,0.0,0.0,19.0,639.3941,0.0,0.01248084,0.0,0.0,Nov,2,4,7,2,Returning_Visitor,False,False
0.0,0.0,0.0,0.0,30.0,1137.5691,0.0,0.022593448,0.0,0.0,Nov,4,2,4,2,Returning_Visitor,False,False
0.0,0.0,0.0,0.0,32.0,662.4846,0.0039593913,0.01703911,0.0,0.0,Dec,4,2,1,9,Returning_Visitor,False,False
0.0,0.0,0.0,0.0,11.0,242.03885,0.0051814723,0.055334095,0.0,0.0,May,3,2,7,3,Returning_Visitor,False,False
3.0,48.13286,0.0,0.0,39.0,702.68097,0.004341302,0.022222223,0.0,0.0,Aug,2,2,7,3,Returning_Visitor,False,False
0.0,0.0,0.0,0.0,23.758728,700.4079,0.011587812,0.03659749,0.0,0.0,Dec,2,2,1,3,Returning_Visitor,False,False
0.0,0.0,0.0,0.0,16.0,429.69507,0.011882765,0.036039587,0.0,0.0,Nov,4,2,1,3,Returning_Visitor,False,False
0.0,0.0,0.0,0.0,18.640669,493.38385,0.014703203,0.03599493,0.0,0.0,Dec,3,2,1,1,Returning_Visitor,False,False
0.0,0.0,0.0,0.0,33.0,702.24146,0.00567741,0.02,13.83899,0.0,Nov,2,2,4,13,Returning_Visitor,False,True
3.0,96.24566,0.0,0.0,28.0,938.8754,0.0046652607,0.021335721,0.0,0.0,Dec,3,2,6,1,Returning_Visitor,False,False
0.0,0.0,0.0,0.0,38.0,1014.3272,0.0,0.015384615,0.0,0.0,Dec,2,2,1,2,Returning_Visitor,False,False
0.0,0.0,0.0,0.0,24.0,568.711,0.0,0.03431051,0.0,0.0,Dec,2,2,1,2,Returning_Visitor,False,False
0.0,0.0,0.0,0.0,17.846584,276.35242,0.0,0.026276967,0.0,0.0,Dec,1,2,1,2,Returning_Visitor,False,False
2.0,50.30315,0.0,0.0,16.0,617.26483,0.0,0.02095946,0.0,0.0,Dec,4,2,3,2,Returning_Visitor,False,False
0.0,0.0,0.0,0.0,26.0,822.5806,0.0,0.014509121,0.0,0.0,Nov,2,2,7,2,Returning_Visitor,False,False
0.0,0.0,0.0,0.0,39.0,723.18915,0.0,0.02,5.806964,0.0,Dec,2,2,1,1,Returning_Visitor,False,True
3.0,67.48634,0.0,0.0,37.62564,989.3926,0.0,0.017312834,0.0,0.0,Nov,4,1,1,1,Returning_Visitor,False,False
4.0,83.68002,0.0,0.0,43.029324,1212.9312,0.0,0.012322789,0.0,0.0,Nov,4,1,1,2,Returning_Visitor,False,False
0.0,0.0,0.0,0.0,16.0,330.82288,0.03333333,0.06224733,0.0,0.0,Dec,2,2,1,1,Returning_Visitor,True,False
0.0,0.0,0.0,0.0,20.0,361.19833,0.0037766474,0.029852523,0.0,0.0,Nov,3,2,7,2,Returning_Visitor,False,False
0.0,0.0,0.0,0.0,32.0,685.6087,0.009279989,0.025,0.0,0.0,Nov,1,1,4,2,Returning_Visitor,False,False
2.0,57.3366,0.0,0.0,22.0,433.9185,0.016223552,0.030031472,0.0,0.0,Jul,1,2,1,1,Returning_Visitor,False,False
0.0,0.0,0.0,0.0,15.0,474.6378,0.0,0.027308548,0.0,0.0,Aug,2,2,3,2,Returning_Visitor,False,False
2.0,33.75715,0.0,0.0,28.0,619.6666,0.008881948,0.020935975,0.0,0.0,Nov,1,4,1,2,Returning_Visitor,False,False
0.0,0.0,0.0,0.0,20.0,599.01263,0.0,0.0314624,0.0,0.0,Aug,2,2,1,13,Returning_Visitor,True,False
3.0,43.564007,0.0,0.0,38.0,663.1238,0.0,0.016285377,10.038403,0.0,Jul,2,2,1,3,Returning_Visitor,False,False
0.0,0.0,0.0,0.0,26.0,538.5819,0.024513356,0.037900537,0.0,0.0,Nov,1,2,1,1,Returning_Visitor,False,False
0.0,0.0,0.0,0.0,16.0,600.3868,0.05,0.063496,0.0,0.0,Nov,3,2,1,13,Returning_Visitor,False,False
0.0,0.0,0.0,0.0,35.0,847.78534,0.01339398,0.02855942,0.0,0.0,Aug,2,2,1,2,Returning_Visitor,False,False
3.0,74.43884,0.0,0.0,64.706856,2166.9824,0.004792628,0.016410867,10.69643,0.0,Dec,1,2,1,9,Returning_Visitor,False,True
2.0,30.254078,0.0,0.0,24.0,596.49634,0.0,0.02039869,0.0,0.0,Dec,2,2,1,2,Returning_Visitor,False,False
2.0,50.328007,0.0,0.0,27.0,837.1628,0.0,0.01590671,0.0,0.0,Nov,2,2,9,2,Returning_Visitor,False,True
2.0,41.84434,0.0,0.0,43.719505,2280.5154,0.006047019,0.020722622,0.0,0.0,Nov,2,2,1,2,Returning_Visitor,False,True
4.0,128.31085,0.0,0.0,33.20184,880.7862,0.0028139097,0.0125,0.0,0.0,Nov,1,1,7,2,Returning_Visitor,False,False
0.0,0.0,0.0,0.0,20.0,366.22922,0.0,0.03073207,0.0,0.0,Jul,2,2,4,1,Returning_Visitor,False,False
0.0,0.0,0.0,0.0,22.0,730.6971,0.0,0.016221922,0.0,0.0,Nov,2,2,1,8,Returning_Visitor,False,True
0.0,0.0,0.0,0.0,17.0,458.8372,0.0,0.022208925,0.0,0.0,Aug,4,4,1,2,Returning_Visitor,False,True
0.0,0.0,0.0,0.0,17.0,268.80292,0.008582596,0.03333333,0.0,0.0,Mar,4,2,1,2,Returning_Visitor,False,False
0.0,0.0,0.0,0.0,22.0,579.92487,0.0,0.0150774745,0.0,0.0,Nov,3,2,9,2,Returning_Visitor,False,False
0.0,0.0,0.0,0.0,11.0,211.60022,0.0,0.036276735,0.0,0.0,Dec,4,1,9,3,Returning_Visitor,False,False
1.4572525,13.262067,0.0,0.0,19.0,603.3408,0.0,0.018181818,0.0,0.0,Mar,2,2,1,2,Returning_Visitor,False,False
0.0,0.0,0.0,0.0,23.0,605.3854,0.0,0.016666668,0.0,0.0,Nov,3,2,1,3,Returning_Visitor,False,False
3.0,56.08383,0.0,0.0,31.0,632.3802,0.0,0.015547495,0.0,0.0,Nov,4,2,1,2,Returning_Visitor,False,False
0.0,0.0,0.0,0.0,21.0,621.7635,0.015384615,0.041508533,0.0,0.0,Sep,2,2,7,1,Returning_Visitor,False,False
4.0,105.36806,0.0,0.0,32.0,762.44403,0.014707289,0.026368443,0.0,0.0,Dec,2,2,3,3,Returning_Visitor,False,False
0.0,0.0,0.0,0.0,22.0,584.6313,0.0073067076,0.02343454,0.0,0.0,Dec,2,2,3,1,Returning_Visitor,False,False
0.0,0.0,0.0,0.0,18.0,564.14105,0.0,0.03313246,0.0,0.0,Dec,2,4,7,2,Returning_Visitor,False,False
0.0,0.0,0.0,0.0,25.0,632.75946,0.0,0.008715836,0.0,0.0,Dec,2,2,1,2,Returning_Visitor,False,False
0.0,0.0,0.0,0.0,8.0,188.22472,0.028571429,0.06295666,0.0,0.0,Nov,3,2,4,9,Returning_Visitor,False,False
0.0,0.0,0.0,0.0,10.0,384.62543,0.0,0.028571429,0.0,0.0,Dec,1,4,2,3,Returning_Visitor,False,False
3.0,75.90305,0.0,0.0,31.0,711.5745,0.013642328,0.024578387,0.0,0.0,Aug,4,2,1,2,Returning_Visitor,False,False
5.0,143.42836,0.0,0.0,35.0,1233.8807,0.0,0.011414783,34.594433,0.0,Dec,2,2,1,2,Returning_Visitor,False,True
3.0,55.15325,0.0,0.0,20.0,606.5148,0.0,0.021659901,0.0,0.0,Dec,4,2,3,1,Returning_Visitor,False,False
0.0,0.0,0.0,0.0,16.0,330.2966,0.0,0.020250866,0.0,0.0,Aug,4,1,1,2,Returning_Visitor,True,False
0.0,0.0,0.0,0.0,26.0,649.66486,0.0,0.015544374,0.0,0.0,Dec,1,2,1,2,New_Visitor,False,False
0.0,0.0,0.0,0.0,26.0,693.0012,0.0014367987,0.04,0.0,0.0,Dec,2,2,1,1,Returning_Visitor,False,False
0.0,0.0,0.0,0.0,37.728672,1096.1427,0.0,0.020860657,0.0,0.0,Dec,2,2,3,1,Returning_Visitor,False,False
0.0,0.0,0.0,0.0,20.0,407.6362,0.0,0.028571429,0.0,0.0,Dec,2,2,1,2,Returning_Visitor,False,False
0.0,0.0,0.0,0.0,21.0,682.3216,0.024674514,0.05315607,0.0,0.0,Aug,2,2,1,1,Returning_Visitor,False,False
0.0,0.0,0.0,0.0,16.0,361.42764,0.0,0.025,0.0,0.0,Nov,1,1,1,9,Returning_Visitor,False,False
0.0,0.0,0.0,0.0,8.0,318.8464,0.0,0.027828315,0.0,0.0,Nov,2,2,1,13,Returning_Visitor,False,False
0.0,0.0,0.0,0.0,26.0,684.0607,0.010536047,0.025,0.0,0.0,Aug,3,2,9,2,Returning_Visitor,False,True
4.0,65.38869,0.0,0.0,46.0,1741.737,0.0059216646,0.019019796,10.246302,0.0,Nov,4,2,3,3,Returning_Visitor,False,True
0.0,0.0,0.0,0.0,19.0,547.4164,0.025150271,0.039753303,0.0,0.0,Dec,3,2,1,1,Returning_Visitor,False,False
3.0,36.820835,0.0,0.0,26.0,655.234,0.0,0.017537653,0.0,0.0,Nov,2,2,3,13,Returning_Visitor,False,False
0.0,0.0,0.0,0.0,18.0,614.4205,0.017441163,0.036552776,0.0,0.0,Nov,2,2,1,1,Returning_Visitor,False,False
0.0,0.0,0.0,0.0,31.0,774.68384,0.0,0.018354733,0.0,0.0,Nov,2,2,1,2,Returning_Visitor,False,False
0.0,0.0,0.0,0.0,20.0,545.2219,0.0,0.019240895,0.0,0.0,Dec,2,2,1,2,Returning_Visitor,False,False
3.0,55.745804,0.0,0.0,30.0,659.51636,0.0,0.0125,0.0,0.0,Nov,4,2,1,2,Returning_Visitor,False,False
0.0,0.0,0.0,0.0,27.0,592.5328,0.019039735,0.041547477,0.0,0.0,Dec,2,2,1,1,Returning_Visitor,False,False
0.0,0.0,0.0,0.0,26.0,704.891,0.0,0.02,0.0,0.0,Nov,3,2,1,9,Returning_Visitor,False,False
0.0,0.0,0.0,0.0,20.0,490.84317,0.013130979,0.046065904,0.0,0.0,Dec,4,2,1,2,Returning_Visitor,False,False
0.0,0.0,0.0,0.0,18.0,573.9332,0.0,0.016497754,0.0,0.0,Dec,2,2,7,13,Returning_Visitor,False,False
0.0,0.0,0.0,0.0,9.0,161.33385,0.0,0.042927545,0.0,0.0,May,3,2,3,1,Returning_Visitor,False,False
2.0,32.00543,0.0,0.0,7.0,181.54596,0.0,0.019041788,0.0,0.0,Mar,4,4,7,2,Returning_Visitor,False,False
0.0,0.0,0.0,0.0,29.0,767.35474,0.0,0.017338602,0.0,0.0,Nov,3,2,1,2,Returning_Visitor,False,False
2.0,21.516573,0.0,0.0,27.0,680.5295,0.0,0.017100664,0.0,0.0,Aug,2,2,1,2,Returning_Visitor,False,False
0.0,0.0,0.0,0.0,20.0,277.76465,0.0,0.020318778,0.0,0.0,Dec,4,2,9,3,Returning_Visitor,False,False
0.0,0.0,0.0,0.0,7.324255,117.05871,0.0,0.05248451,0.0,0.0,Sep,1,1,1,1,Returning_Visitor,False,False
0.0,0.0,0.0,0.0,15.0,463.46872,0.023763387,0.03333333,0.0,0.0,Nov,3,2,9,2,Returning_Visitor,False,False
0.0,0.0,0.0,0.0,26.0,674.19366,0.0,0.0120236715,0.0,0.0,Nov,1,1,4,9,Returning_Visitor,False,False
2.0,59.695995,0.0,0.0,50.330284,1980.246,0.00496091,0.02,8.319274,0.0,Dec,2,2,1,13,Returning_Visitor,False,True
0.0,0.0,0.0,0.0,8.0,149.86334,0.0053653377,0.04889365,0.0,0.0,Dec,3,2,1,13,Returning_Visitor,False,False
2.0,33.929844,1.0,45.50422,43.131287,1601.979,0.0121396165,0.025,0.0,0.0,Nov,3,2,3,13,Returning_Visitor,False,False
0.0,0.0,0.0,0.0,17.284557,409.70352,0.022222223,0.05,0.0,0.0,Dec,2,2,1,3,Returning_Visitor,False,False
0.0,0.0,0.0,0.0,13.0,257.35892,0.0,0.041370094,0.0,0.0,Jul,2,2,1,1,Returning_Visitor,False,False
0.0,0.0,0.0,0.0,19.0,576.95746,0.014739648,0.03333333,0.0,0.0,Aug,3,2,1,1,Returning_Visitor,False,False
3.0,51.46048,0.0,0.0,39.556953,1819.7407,0.0,0.01631181,0.0,0.0,Dec,2,2,1,2,Returning_Visitor,False,False
0.0,0.0,0.0,0.0,39.0,975.4738,0.0052156732,0.027258795,0.0,0.0,Dec,2,2,3,2,Returning_Visitor,True,False
0.0,0.0,0.0,0.0,17.0,399.0911,0.03057961,0.071661755,0.0,0.0,Aug,1,1,7,1,Returning_Visitor,False,False
3.0,40.869102,0.0,0.0,25.94845,1293.8226,0.0,0.022399353,0.0,0.0,Nov,4,2,1,2,Returning_Visitor,False,True
3.0,95.59485,0.0,0.0,30.0,726.3332,0.0,0.011111111,0.0,0.0,Nov,3,2,2,2,Returning_Visitor,False,False
0.0,0.0,0.0,0.0,19.025438,335.3531,0.0,0.028981756,0.0,0.0,Dec,4,2,1,10,Returning_Visitor,False,False
0.0,0.0,0.0,0.0,3.0,13.141742,0.2,0.2,0.0,0.0,Dec,2,4,1,1,Returning_Visitor,False,False
0.0,0.0,0.0,0.0,24.0,442.68146,0.015286549,0.032034583,0.0,0.0,Jul,1,2,7,13,Returning_Visitor,False,False
0.0,0.0,0.0,0.0,26.0,702.4574,0.01000575,0.029344143,0.0,0.0,Dec,2,2,7,2,Returning_Visitor,False,False
1.0,0.0,0.0,0.0,37.0,678.087,0.0,0.02,0.0,0.0,Nov,1,2,1,1,Returning_Visitor,False,False
0.0,0.0,0.0,0.0,19.0,421.7689,0.01537541,0.04,0.0,0.0,Dec,2,2,1,1,Returning_Visitor,False,False
6.0,97.00347,0.0,0.0,44.05111,1464.1439,0.0,0.011341209,14.91978,0.0,Nov,2,2,1,9,Returning_Visitor,False,True
0.0,0.0,0.0,0.0,29.0,985.9246,0.0,0.014851208,0.0,0.0,Nov,2,2,9,2,Returning_Visitor,False,False
0.0,0.0,0.0,0.0,18.0,258.27222,0.0044763554,0.027284022,0.0,0.0,Nov,4,2,4,3,Returning_Visitor,False,False
2.0,45.398502,0.0,0.0,58.87071,2209.9216,0.0059821354,0.020566918,10.469692,0.0,Nov,3,2,4,2,Returning_Visitor,False,False
0.0,0.0,0.0,0.0,9.0,331.36594,0.0,0.02666187,0.0,0.0,Dec,2,2,1,2,Returning_Visitor,False,False
0.0,0.0,0.0,0.0,4.65692,82.66451,0.057802185,0.079997346,0.0,0.0,Dec,4,4,4,9,Returning_Visitor,False,False
0.0,0.0,0.0,0.0,13.0,364.49326,0.0,0.046021342,0.0,0.0,Nov,4,1,1,1,Returning_Visitor,False,False
1.0,7.225197,0.0,0.0,19.0,612.4041,0.0,0.024739439,0.0,0.0,Nov,2,2,9,2,Returning_Visitor,False,False
0.0,0.0,0.0,0.0,37.0,800.8114,0.0,0.015315889,0.0,0.0,Aug,4,1,1,13,Returning_Visitor,False,False
2.0,33.032368,0.0,0.0,12.878621,301.18576,0.0,0.023197785,0.0,0.0,Nov,2,2,4,1,Returning_Visitor,False,False
3.0,46.768932,0.0,0.0,24.0,780.8003,0.0,0.016666668,4.717756,0.0,Dec,4,2,2,2,Returning_Visitor,False,True
0.0,0.0,0.0,0.0,13.0,244.07018,0.02343269,0.05348454,0.0,0.0,Aug,2,2,1,2,Returning_Visitor,False,False
0.0,0.0,0.0,0.0,22.0,460.80084,0.0,0.020767666,0.0,0.0,Dec,2,2,1,9,Returning_Visitor,False,True
4.0,59.603218,0.0,0.0,37.0,945.6174,0.00087246695,0.024295267,0.0,0.0,Dec,2,2,7,1,Returning_Visitor,False,False
0.0,0.0,0.0,0.0,24.0,690.0619,0.0,0.016910426,0.0,0.0,Aug,1,2,4,2,Returning_Visitor,False,False
0.0,0.0,0.0,0.0,28.0,484.41455,0.00452734,0.021901181,0.0,0.0,Nov,1,1,7,19,Returning_Visitor,False,False
0.0,0.0,0.0,0.0,14.0,692.0412,0.0,0.02239954,0.0,0.0,Aug,2,2,4,1,Returning_Visitor,False,False
5.0,153.53677,0.0,0.0,62.82909,2648.7588,0.008333333,0.023746382,7.209438,0.0,Dec,1,1,6,1,Returning_Visitor,False,False
0.0,0.0,0.0,0.0,11.0,232.25926,0.0,0.03941591,0.0,0.0,Nov,2,2,1,2,Returning_Visitor,False,False
0.0,0.0,0.0,0.0,40.244736,1127.8712,0.0,0.016759284,0.0,0.0,Aug,2,2,1,8,Returning_Visitor,False,False
3.0,42.162384,0.0,0.0,26.0,607.8729,0.0,0.013613626,0.0,0.0,Nov,2,2,1,8,Returning_Visitor,False,False
0.0,0.0,0.0,0.0,11.0,269.46716,0.0,0.028571429,0.0,0.0,May,2,2,8,2,Returning_Visitor,False,False
0.0,0.0,0.0,0.0,12.0,181.90187,0.048501536,0.071856916,0.0,0.0,Aug,2,2,1,1,Returning_Visitor,False,False
3.0,54.20772,0.0,0.0,19.081133,610.4646,0.0,0.016666668,0.0,0.0,Dec,2,4,1,3,Returning_Visitor,False,False
3.0,89.62721,0.0,0.0,41.800343,941.0514,0.0,0.010859471,0.0,0.0,Dec,4,2,3,1,Returning_Visitor,True,False
4.0,160.69008,0.0,0.0,25.0,565.62714,0.0,0.016666668,0.0,0.0,Dec,1,2,7,1,Returning_Visitor,True,False
0.0,0.0,0.0,0.0,26.0,673.7841,0.0,0.015456875,0.0,0.0,Dec,2,2,1,2,Returning_Visitor,False,False
0.0,0.0,0.0,0.0,21.0,484.83353,0.01837494,0.042165056,0.0,0.6,May,3,2,1,1,Returning_Visitor,False,False
0.0,0.0,0.0,0.0,37.0,1493.679,0.0,0.02434873,0.0,0.0,Dec,2,2,1,2,Returning_Visitor,False,False
0.0,0.0,0.0,0.0,23.0,355.25964,0.0,0.025630774,0.0,0.0,Nov,2,2,1,2,Returning_Visitor,False,False
5.0,69.35842,0.0,0.0,52.731384,1818.7574,0.009972853,0.027252635,0.0,0.0,Dec,2,2,1,13,Returning_Visitor,False,False
2.0,37.53697,0.0,0.0,23.616827,796.81775,0.0,0.012361474,0.0,0.0,Dec,2,2,9,8,Returning_Visitor,False,False
0.0,0.0,0.0,0.0,19.0,666.6388,0.0,0.03005709,0.0,0.0,Nov,2,2,3,1,Returning_Visitor,False,False
3.0,54.35521,0.0,0.0,49.34493,1886.0374,0.0055786953,0.022731928,11.352291,0.0,Dec,2,2,1,13,Returning_Visitor,False,False
2.0,32.113754,0.0,0.0,34.0,637.83386,0.0,0.025158625,0.0,0.0,Dec,2,2,1,2,Returning_Visitor,False,False
4.0,53.084236,0.0,0.0,13.0,609.56244,0.0,0.02,0.0,0.0,Nov,2,4,4,2,Returning_Visitor,False,False
0.0,0.0,0.0,0.0,17.0,329.62933,0.02655869,0.05,0.0,0.0,Nov,1,4,1,1,Returning_Visitor,False,False
0.0,0.0,0.0,0.0,39.035103,1094.8511,0.0005881727,0.024153959,0.0,0.0,Dec,2,2,7,13,Returning_Visitor,False,False
0.0,0.0,0.0,0.0,28.0,887.3279,0.014454265,0.038520407,0.0,0.0,Aug,2,2,3,1,Returning_Visitor,False,False
0.0,0.0,0.0,0.0,20.0,296.77496,0.0,0.03333333,0.0,0.0,Aug,2,2,1,1,Returning_Visitor,False,False
4.0,67.51435,0.0,0.0,38.0,1072.9246,0.00954016,0.031672906,10.513337,0.0,Sep,2,2,1,1,Returning_Visitor,False,False
0.0,0.0,0.0,0.0,12.0,201.5712,0.0065957434,0.043259133,0.0,0.0,Aug,3,2,1,2,Returning_Visitor,False,False
4.0,71.749054,0.0,0.0,24.0,440.50296,0.0043390784,0.023709927,0.0,0.0,Nov,4,1,9,2,Returning_Visitor,False,False
0.0,0.0,0.0,0.0,7.0,244.258,0.0,0.02577826,0.0,0.0,Nov,2,4,8,2,Returning_Visitor,False,False
0.0,0.0,0.0,0.0,30.0,1348.3816,0.01654212,0.04171311,0.0,0.0,Nov,2,2,1,1,Returning_Visitor,False,False
0.0,0.0,0.0,0.0,27.0,680.6992,0.0075762705,0.025002532,0.0,0.0,Aug,2,2,1,2,Returning_Visitor,False,False
0.0,0.0,0.0,0.0,14.0,324.596,0.0,0.018152608,0.0,0.0,Nov,2,2,7,2,Returning_Visitor,False,False
0.0,0.0,0.0,0.0,17.0,484.47528,0.0,0.027193801,0.0,0.0,Nov,2,2,1,13,Returning_Visitor,False,False
3.0,35.25747,0.0,0.0,16.0,314.8217,0.0,0.018181818,0.0,0.0,Nov,2,2,7,3,Returning_Visitor,False,False
0.0,0.0,0.0,0.0,22.0,884.2989,0.01999061,0.04,0.0,0.0,Nov,1,2,3,13,Returning_Visitor,False,False
3.0,41.22876,0.0,0.0,30.0,1611.1241,0.0,0.018115224,0.0,0.0,Nov,2,2,7,2,Returning_Visitor,False,False
0.0,0.0,0.0,0.0,21.0,621.542,0.0,0.016666668,0.0,0.0,Dec,2,4,9,2,Returning_Visitor,False,False
0.0,0.0,0.0,0.0,20.0,609.33954,0.0,0.022222223,0.0,0.0,Nov,2,2,2,13,Returning_Visitor,False,False
1.0,0.0,0.0,0.0,20.0,474.41428,0.0036036433,0.018591592,0.0,0.0,Nov,1,2,1,8,Returning_Visitor,False,False
4.0,52.203495,0.0,0.0,40.251987,892.81165,0.0,0.013685985,0.0,0.0,Dec,2,2,1,2,Returning_Visitor,True,False
0.0,0.0,0.0,0.0,12.0,341.51962,0.04281314,0.06666667,0.0,0.0,Dec,3,2,9,13,Returning_Visitor,False,False
1.0,29.68239,0.0,0.0,12.0,424.61554,0.0,0.018851535,0.0,0.0,Aug,2,2,7,2,Returning_Visitor,False,False
0.0,0.0,0.0,0.0,20.0,503.71207,0.0,0.023542264,0.0,0.0,Nov,2,2,1,2,Returning_Visitor,False,False
0.0,0.0,0.0,0.0,6.0,154.73528,0.0,0.05676969,0.0,0.0,Aug,2,2,1,2,Returning_Visitor,False,False
3.0,37.717434,0.0,0.0,30.0,808.3078,0.007945628,0.026079,0.0,0.0,May,2,2,7,4,Returning_Visitor,False,False
0.0,0.0,0.0,0.0,27.0,555.0116,0.006295224,0.02673995,0.0,0.0,Nov,1,1,7,13,Returning_Visitor,False,False
0.0,0.0,0.0,0.0,14.0,404.62863,0.0,0.018173994,0.0,0.0,Nov,1,1,1,2,New_Visitor,False,False
0.0,0.0,0.0,0.0,20.0,598.8459,0.0,0.04071073,0.0,0.0,Dec,1,1,1,1,Returning_Visitor,False,False
0.0,0.0,0.0,0.0,12.0,229.94933,0.016666668,0.053107444,0.0,0.0,Dec,3,2,1,3,Returning_Visitor,False,False
2.0,34.785786,0.0,0.0,23.0,581.45654,0.0,0.022456067,0.0,0.0,Nov,2,2,8,2,Returning_Visitor,False,False
0.0,0.0,0.0,0.0,12.0,459.3584,0.0,0.025,0.0,0.0,Nov,4,2,9,3,Returning_Visitor,False,False
0.0,0.0,0.0,0.0,24.0,620.89154,0.0,0.017436612,0.0,0.0,Nov,3,2,1,2,Returning_Visitor,False,False
0.0,0.0,0.0,0.0,8.0,158.24255,0.0,0.037492193,0.0,0.0,Nov,2,2,1,3,Returning_Visitor,False,False
0.0,0.0,0.0,0.0,10.0,156.43965,0.02761572,0.05,0.0,0.0,Dec,2,2,1,1,Returning_Visitor,False,False
2.0,42.3059,0.0,0.0,35.96454,1618.7931,0.011141131,0.028572943,0.0,0.0,Dec,2,2,7,1,Returning_Visitor,False,False
0.0,0.0,0.0,0.0,25.0,826.82355,0.0079765,0.027270779,361.76373,0.0,Dec,4,1,2,2,Returning_Visitor,False,True
0.0,0.0,0.0,0.0,22.0,440.50754,0.0,0.034271248,0.0,0.0,Dec,4,4,1,3,Returning_Visitor,False,False
0.0,0.0,0.0,0.0,7.0,137.01938,0.054330904,0.07535123,0.0,0.0,Nov,3,2,1,1,Returning_Visitor,False,False
0.0,0.0,0.0,0.0,19.0,658.3344,0.0,0.028139085,0.0,0.0,Aug,4,2,1,1,New_Visitor,False,False
0.0,0.0,0.0,0.0,29.912989,740.20355,0.016666668,0.041361902,0.0,0.0,Nov,1,1,1,13,Returning_Visitor,False,True
0.0,0.0,0.0,0.0,25.0,634.039,0.008922434,0.032224644,0.0,0.0,Jul,1,2,1,3,Returning_Visitor,False,False
0.0,0.0,0.0,0.0,17.398407,583.5963,0.0,0.022222223,0.0,0.0,Jul,1,1,3,1,Returning_Visitor,False,False
0.0,0.0,0.0,0.0,41.858265,1760.9226,0.009778354,0.027852269,0.0,0.0,Dec,2,2,7,1,Returning_Visitor,False,False
3.451804,66.11415,0.0,0.0,52.744083,2390.7344,0.007446973,0.022590097,8.758953,0.0,Nov,4,2,1,2,Returning_Visitor,False,True
0.0,0.0,0.0,0.0,39.0,1237.0234,0.00892664,0.03333333,0.0,0.0,Aug,2,2,7,2,Returning_Visitor,False,False
0.0,0.0,0.0,0.0,22.0,642.1268,0.0,0.026703661,0.0,0.0,Nov,1,2,3,1,Returning_Visitor,False,False
4.0703526,107.28684,0.0,0.0,38.0,881.5666,0.008088565,0.021300925,0.0,0.0,Nov,2,2,1,2,Returning_Visitor,False,False
0.0,0.0,0.0,0.0,23.0,859.6767,0.014606979,0.03683228,0.0,0.0,Aug,1,1,1,2,Returning_Visitor,False,False
4.0,98.858284,0.0,0.0,39.0,744.1436,0.0,0.011290008,0.0,0.0,Sep,2,2,4,2,Returning_Visitor,False,False
0.0,0.0,0.0,0.0,22.293964,578.64685,0.018107435,0.034975044,0.0,0.0,Dec,2,8,1,1,Returning_Visitor,False,False
0.0,0.0,0.0,0.0,43.0,1000.01086,0.0,0.008333333,352.44412,0.0,Dec,2,2,1,13,Returning_Visitor,False,True
0.0,0.0,0.0,0.0,36.0,970.03485,0.008550539,0.025,0.0,0.0,Aug,1,1,1,2,Returning_Visitor,True,False
0.0,0.0,0.0,0.0,20.0,438.63364,0.023115369,0.05,0.0,0.0,Dec,1,1,4,13,Returning_Visitor,False,False
0.0,0.0,0.0,0.0,18.0,254.29744,0.0,0.04,0.0,0.0,Jul,1,2,1,1,Returning_Visitor,True,False
0.0,0.0,0.0,0.0,25.0,618.5536,0.015384615,0.038424492,0.0,0.0,Aug,2,4,1,13,Returning_Visitor,False,False
0.0,0.0,0.0,0.0,24.0,728.73596,0.0,0.03333333,0.0,0.0,Nov,1,1,1,1,Returning_Visitor,False,False
0.0,0.0,0.0,0.0,23.0,502.4029,0.02679816,0.050659105,0.0,0.0,Dec,2,2,9,3,Returning_Visitor,False,False
0.0,0.0,0.0,0.0,27.0,839.8566,0.0,0.018633384,0.0,0.0,Dec,2,2,3,2,Returning_Visitor,False,False
3.0,43.810646,0.0,0.0,28.0,670.2733,0.0,0.021045454,0.0,0.0,Dec,2,2,7,8,Returning_Visitor,False,False
2.226973,32.93481,0.0,0.0,17.0,625.86725,0.0,0.016666668,0.0,0.0,Nov,2,2,1,4,New_Visitor,False,False
0.0,0.0,0.0,0.0,11.0,351.39542,0.0,0.05,0.0,0.0,Mar,2,2,9,3,Returning_Visitor,False,False
0.0,0.0,0.0,0.0,15.640441,311.512,0.01476279,0.051935375,0.0,0.0,Dec,2,2,7,13,Returning_Visitor,False,False
3.0,47.608246,0.0,0.0,27.0,688.88513,0.004971758,0.020505732,0.0,0.0,May,2,2,7,9,Returning_Visitor,False,False
4.0,62.31448,0.0,0.0,46.4184,982.5048,0.0,0.016504802,0.0,0.0,Jul,2,2,1,1,Returning_Visitor,False,False
0.0,0.0,0.0,0.0,22.0,656.3266,0.02016568,0.05,0.0,0.0,Nov,2,1,1,3,Returning_Visitor,False,False
0.0,0.0,0.0,0.0,13.0,278.85037,0.0,0.023949975,0.0,0.0,Nov,4,1,7,4,Returning_Visitor,False,False
0.0,0.0,0.0,0.0,11.420087,467.90488,0.049101736,0.07911711,0.0,0.0,Nov,1,1,1,1,Returning_Visitor,False,False
6.0,78.66673,0.0,0.0,46.10319,1133.0542,0.0,0.0044871843,0.0,0.0,Aug,2,2,1,2,Returning_Visitor,False,False
0.0,0.0,0.0,0.0,30.0,764.05005,0.0,0.018571211,0.0,0.0,Nov,2,2,1,2,Returning_Visitor,False,False
4.0,58.927513,0.0,0.0,29.0,570.29486,0.003837159,0.016666668,0.0,0.0,Dec,1,2,1,1,Returning_Visitor,False,False
0.0,0.0,0.0,0.0,12.0,245.22913,0.028571429,0.048057623,0.0,0.0,Nov,4,2,1,1,Returning_Visitor,False,False
0.0,0.0,0.0,0.0,15.0,368.29623,0.0,0.03333333,0.0,0.0,Aug,3,2,1,13,Returning_Visitor,False,False
0.0,0.0,0.0,0.0,22.0,583.59656,0.0,0.03542046,0.0,0.0,Dec,2,2,4,2,Returning_Visitor,False,False
0.0,0.0,0.0,0.0,29.0,695.3475,0.005635357,0.02654781,0.0,0.0,Dec,2,2,1,2,Returning_Visitor,False,False
0.0,0.0,0.0,0.0,20.0,644.75854,0.016237054,0.035320185,0.0,0.0,Nov,2,5,1,1,Returning_Visitor,False,False
0.0,0.0,0.0,0.0,46.172173,1849.8882,0.007780698,0.0306007,0.0,0.0,Dec,2,2,1,2,Returning_Visitor,False,False
0.0,0.0,0.0,0.0,10.0,312.68835,0.0,0.033088833,0.0,0.0,Aug,2,2,4,3,Returning_Visitor,False,False
0.0,0.0,0.0,0.0,13.0,351.5205,0.03333333,0.0633966,0.0,0.0,Nov,2,2,9,1,Returning_Visitor,False,False
0.0,0.0,0.0,0.0,44.0,759.5817,0.009890073,0.025037153,0.0,0.0,Aug,4,2,1,1,Returning_Visitor,True,False
4.0,56.21889,0.0,0.0,29.0,700.74994,0.0,0.0121386945,0.0,0.0,Jul,2,2,1,2,Returning_Visitor,False,False
2.0,23.337881,0.0,0.0,12.0,615.7634,0.0,0.018556245,0.0,0.0,Nov,2,2,1,1,Returning_Visitor,False,False
0.0,0.0,0.0,0.0,30.0,681.4038,0.0,0.022496942,0.0,0.0,Aug,4,2,4,19,Returning_Visitor,False,False
0.0,0.0,0.0,0.0,15.0,589.7253,0.0,0.028571429,0.0,0.0,Jul,2,2,1,3,Returning_Visitor,False,False
0.0,0.0,0.0,0.0,28.0,641.80774,0.0,0.023741083,0.0,0.0,Dec,2,2,1,13,Returning_Visitor,False,False
0.0,0.0,0.0,0.0,16.0,470.32062,0.0,0.035228267,0.0,0.0,Dec,2,2,1,2,Returning_Visitor,False,False
0.0,0.0,0.0,0.0,8.0,191.2738,0.047119875,0.08714102,0.0,0.0,Nov,2,2,1,1,Returning_Visitor,False,False
5.0,161.8381,0.0,0.0,34.0,1639.163,0.0,0.017195115,0.0,0.0,Dec,2,2,1,2,Returning_Visitor,False,False
0.0,0.0,0.0,0.0,21.0,583.719,0.006666667,0.026668549,0.0,0.0,Jul,3,2,1,2,Returning_Visitor,False,False
3.0,75.04927,0.0,0.0,26.0,503.13687,0.0023962546,0.014285714,0.0,0.0,Nov,1,1,7,2,Returning_Visitor,False,False
0.0,0.0,0.0,0.0,23.0,596.79865,0.0,0.021446418,0.0,0.0,Aug,3,2,4,2,Returning_Visitor,False,False
0.0,0.0,0.0,0.0,28.0,485.56433,0.0089946585,0.027324261,0.0,0.0,Nov,1,1,1,9,Returning_Visitor,False,False
0.0,0.0,0.0,0.0,26.0,651.50146,0.0,0.016259052,0.0,0.0,Aug,2,4,1,13,New_Visitor,False,False
2.0,54.042385,0.0,0.0,17.075233,500.61105,0.0,0.025,0.0,0.0,Dec,2,2,1,1,Returning_Visitor,False,False
4.0,67.77692,0.0,0.0,32.0,1457.4722,0.0,0.014159583,0.0,0.0,Nov,2,2,4,2,Returning_Visitor,False,False
0.0,0.0,0.0,0.0,2.0,0.0,0.2,0.2,0.0,0.0,May,3,2,1,13,Returning_Visitor,False,False
0.0,0.0,0.0,0.0,42.0,964.57104,0.0,0.018181818,0.0,0.0,Nov,1,2,1,2,Returning_Visitor,False,False
0.0,0.0,0.0,0.0,24.0,631.28357,0.001371004,0.038401563,0.0,0.0,Dec,2,2,9,2,Returning_Visitor,False,False
0.0,0.0,0.0,0.0,22.0,634.4315,0.0,0.016666668,0.0,0.0,Dec,4,2,7,2,New_Visitor,False,False
3.0,45.515377,0.0,0.0,37.952805,1061.258,0.0,0.015415048,0.0,0.0,Nov,4,1,1,2,Returning_Visitor,False,False
4.0,62.215794,0.0,0.0,38.331078,1252.5114,0.0,0.020865,0.0,0.0,Dec,2,2,1,2,Returning_Visitor,False,False
2.0,25.26426,0.0,0.0,32.0,920.0787,0.0,0.015921233,0.0,0.0,May,2,2,1,2,New_Visitor,False,False
2.0,18.75651,0.0,0.0,22.161499,352.35187,0.0,0.02595499,0.0,0.0,Dec,2,2,1,1,Returning_Visitor,False,False
0.0,0.0,0.0,0.0,35.0,700.9762,0.0,0.015359271,0.0,0.0,Dec,2,2,1,9,Returning_Visitor,False,False
0.0,0.0,0.0,0.0,24.0,643.0064,0.0,0.022715146,0.0,0.0,Dec,2,2,4,13,Returning_Visitor,False,False
2.0,41.994003,0.0,0.0,24.0,612.6166,0.0,0.014285714,0.0,0.0,Dec,2,2,1,2,Returning_Visitor,False,False
2.0,24.93112,0.0,0.0,39.0,1040.9324,0.0,0.015618224,0.0,0.0,Aug,2,2,1,2,Returning_Visitor,False,False
4.0,98.9907,0.0,0.0,45.0,1492.476,0.0046296613,0.016666668,0.3861938,0.0,Dec,2,2,9,2,Returning_Visitor,False,False
3.0,58.473186,0.0,0.0,28.151659,886.08405,0.0101806475,0.02705184,0.0,0.0,Jul,4,2,1,2,Returning_Visitor,False,False
2.0,42.10579,0.0,0.0,44.85619,2123.976,0.005508453,0.01914717,0.0,0.0,Dec,2,2,1,9,Returning_Visitor,False,False
0.0,0.0,0.0,0.0,15.0,318.77863,0.0,0.037176166,0.0,0.0,Nov,2,2,2,1,Returning_Visitor,False,False
2.0,62.98736,0.0,0.0,23.941021,584.10864,0.010672351,0.023756046,0.0,0.0,Nov,3,2,1,2,Returning_Visitor,True,False
0.0,0.0,0.0,0.0,7.0,113.38847,0.022778481,0.06666667,0.0,0.0,Dec,2,1,1,2,Returning_Visitor,False,False
0.0,0.0,0.0,0.0,24.0,814.52167,0.0,0.028571429,0.0,0.0,Aug,2,4,1,1,Returning_Visitor,False,False
0.0,0.0,0.0,0.0,23.0,678.00854,0.017665518,0.04029126,0.0,0.0,Dec,2,2,1,1,Returning_Visitor,False,False
0.0,0.0,0.0,0.0,36.0,927.7241,0.0147576,0.029810749,0.0,0.0,Nov,1,1,1,2,Returning_Visitor,False,False
2.0,51.691654,0.0,0.0,31.0,734.3068,0.005805935,0.022205384,0.0,0.0,Dec,2,2,9,2,Returning_Visitor,False,False
0.0,0.0,0.0,0.0,22.0,280.41473,0.005036069,0.026968526,0.0,0.0,Dec,2,2,1,2,Returning_Visitor,False,False
0.0,0.0,0.0,0.0,22.0,527.59845,0.0,0.02,0.0,0.0,Mar,2,2,1,8,Returning_Visitor,False,False
0.0,0.0,0.0,0.0,19.0,591.8617,0.0031420768,0.03881578,0.0,0.0,Dec,2,2,1,1,Returning_Visitor,False,False
0.0,0.0,0.0,0.0,18.0,475.82224,0.0,0.022222223,0.0,0.0,Dec,4,2,1,2,Returning_Visitor,False,False
0.0,0.0,0.0,0.0,16.0,466.2935,0.0,0.025,0.0,0.0,Nov,1,2,6,2,Returning_Visitor,False,False
0.0,0.0,0.0,0.0,46.0,1077.4045,0.0071759303,0.026684854,0.0,0.0,Aug,2,2,1,2,Returning_Visitor,False,False
0.0,0.0,0.0,0.0,23.0,561.1211,0.0,0.024599759,0.0,0.0,Dec,2,2,3,13,Returning_Visitor,False,False
2.0,42.120087,0.0,0.0,25.0,756.5994,0.008333333,0.03333333,0.0,0.0,May,1,1,9,1,Returning_Visitor,False,False
0.0,0.0,0.0,0.0,15.0,460.93353,0.0,0.025,0.0,0.0,Nov,2,2,1,1,Returning_Visitor,False,False
3.0,46.89291,0.0,0.0,27.0,604.66473,0.0,0.018659584,0.0,0.0,Nov,2,2,1,13,Returning_Visitor,False,False
0.0,0.0,0.0,0.0,15.0,660.2378,0.01818292,0.041784298,0.0,0.0,Nov,2,2,4,3,Returning_Visitor,False,False
2.0,53.238842,0.0,0.0,22.0,596.29144,0.0,0.018181818,0.0,0.0,Dec,1,2,6,9,Returning_Visitor,False,False
0.0,0.0,0.0,0.0,26.0,697.0616,0.0,0.03333333,0.0,0.0,Nov,4,4,1,1,Returning_Visitor,False,True
0.0,0.0,0.0,0.0,18.0,274.1512,0.013126443,0.02789704,0.0,0.0,Dec,1,2,1,3,Returning_Visitor,False,False
2.0,37.949905,0.0,0.0,24.0,975.4059,0.0,0.025410319,0.0,0.0,Aug,2,2,1,2,Returning_Visitor,False,False
2.0,53.464947,0.0,0.0,17.0,585.99725,0.015797056,0.037482373,0.0,0.0,Nov,1,1,1,13,Returning_Visitor,False,False
2.0,68.54074,0.0,0.0,39.0,1074.7555,0.0,0.022754524,0.0,0.0,Dec,2,2,6,1,Returning_Visitor,False,False
3.0,79.30973,0.0,0.0,34.0,1665.4728,0.0074131917,0.023141671,0.0,0.0,Nov,2,2,9,2,Returning_Visitor,False,False
0.0,0.0,0.0,0.0,20.0,824.2198,0.0,0.0216664,0.0,0.0,Aug,2,4,1,2,Returning_Visitor,False,False
0.0,0.0,0.0,0.0,11.0,310.70462,0.03887357,0.06666667,0.0,0.0,Dec,1,1,1,20,Returning_Visitor,False,False
4.0,72.24427,0.0,0.0,25.522335,385.47748,0.0,0.025,0.0,0.0,Aug,3,2,1,3,Returning_Visitor,False,False
0.0,0.0,0.0,0.0,25.226757,866.72626,0.013333333,0.03266662,0.0,0.0,Aug,1,4,3,2,Returning_Visitor,False,False
0.0,0.0,0.0,0.0,26.0,886.32166,0.0,0.026461711,0.0,0.0,Nov,2,2,1,2,Returning_Visitor,False,False
3.0,53.55069,0.0,0.0,26.0,1127.5754,0.016357783,0.03215933,0.0,0.0,Dec,3,2,7,2,Returning_Visitor,False,False
2.0,52.996372,0.0,0.0,37.0,1571.7573,0.0,0.02,0.0,0.0,Aug,2,2,7,1,Returning_Visitor,False,False
0.0,0.0,0.0,0.0,43.781322,937.06757,0.0042096195,0.02651284,0.0,0.0,Dec,2,2,1,3,Returning_Visitor,False,False
0.0,0.0,0.0,0.0,33.0,1129.9514,0.0,0.024587546,19.579836,0.0,Dec,2,2,9,15,Returning_Visitor,False,False
0.0,0.0,0.0,0.0,15.0,383.04953,0.0,0.021079557,0.0,0.0,Dec,1,2,8,1,Returning_Visitor,False,False
0.0,0.0,0.0,0.0,28.0,1532.6652,0.0,0.025,0.0,0.0,Nov,2,2,1,1,Returning_Visitor,False,False
4.0,74.528076,0.0,0.0,25.0,588.3041,0.0019490408,0.018356184,0.0,0.0,Nov,3,2,1,2,Returning_Visitor,False,False
0.0,0.0,0.0,0.0,41.070236,1353.898,0.0,0.016666668,0.0,0.0,Nov,2,5,1,2,Returning_Visitor,False,False
0.0,0.0,0.0,0.0,29.394781,699.35114,0.0,0.017906012,0.0,0.0,Nov,4,2,1,2,Returning_Visitor,False,False
0.0,0.0,0.0,0.0,16.0,549.9047,0.0,0.02524171,0.0,0.0,Nov,4,1,9,3,Returning_Visitor,False,False
4.0,72.87285,0.0,0.0,35.0,1104.5415,0.0,0.019875702,0.0,0.0,Jul,4,1,1,2,Returning_Visitor,False,False
3.0,102.0766,0.0,0.0,19.0,523.13654,0.0,0.012197845,0.0,0.0,Dec,2,2,1,13,Returning_Visitor,False,False
0.0,0.0,0.0,0.0,10.0,139.04683,0.016666668,0.043339793,0.0,0.0,Dec,2,2,9,13,Returning_Visitor,False,False
2.0,27.239754,0.0,0.0,24.0,535.90204,0.0,0.008686438,0.0,0.0,Dec,2,2,1,2,Returning_Visitor,False,True
4.0,99.68449,0.0,0.0,66.46973,2350.0374,0.007692308,0.023045184,7.9360504,0.0,Dec,2,2,1,13,Returning_Visitor,False,False
0.0,0.0,0.0,0.0,20.0,442.10052,0.0,0.033915464,0.0,0.0,Aug,1,4,6,1,Returning_Visitor,False,False
0.0,0.0,0.0,0.0,12.0,287.11853,0.008454994,0.058207355,0.0,0.0,Nov,2,2,1,1,Returning_Visitor,False,False
0.0,0.0,0.0,0.0,43.0,976.80035,0.007692308,0.029500538,0.0,0.0,Dec,2,2,1,1,Returning_Visitor,False,False
2.0,40.985332,0.0,0.0,42.665688,1580.8854,0.0055665434,0.025,13.364825,0.0,Dec,2,2,1,2,Returning_Visitor,False,False
0.0,0.0,0.0,0.0,36.070705,1147.5619,0.0,0.013182094,21.852917,0.0,Aug,2,2,1,1,Returning_Visitor,False,True
0.0,0.0,0.0,0.0,24.0,683.9918,0.005747726,0.037306625,0.0,0.0,Aug,2,2,7,13,Returning_Visitor,False,False
2.0,46.1869,0.0,0.0,28.0,729.44745,0.005119834,0.02,0.0,0.0,Dec,2,2,1,13,Returning_Visitor,False,False
2.0,76.56157,0.0,0.0,10.509458,301.4289,0.0,0.012620002,0.0,0.0,Nov,3,2,1,3,Returning_Visitor,False,False
2.0,67.91588,0.0,0.0,20.0,614.726,0.0,0.0238647,0.0,0.0,Dec,2,2,1,2,Returning_Visitor,True,False
2.0,55.223507,0.0,0.0,18.0,366.3092,0.0,0.009689933,0.0,0.0,Nov,1,1,1,2,New_Visitor,False,False
4.0,82.76258,0.0,0.0,31.0,617.72375,0.006898133,0.023516275,0.0,0.0,Aug,2,2,9,1,Returning_Visitor,False,False
0.0,0.0,0.0,0.0,10.0,277.0457,0.0,0.0426955,0.0,0.0,Dec,1,1,7,1,Returning_Visitor,True,False
0.0,0.0,0.0,0.0,16.0,422.07178,0.0,0.019948494,0.0,0.0,Nov,2,2,9,9,Returning_Visitor,False,False
3.0,95.112915,0.0,0.0,37.0,1054.2225,0.0,0.01706346,0.0,0.0,Nov,2,2,1,2,Returning_Visitor,False,False
0.0,0.0,0.0,0.0,22.0,647.3966,0.008549266,0.029844875,0.0,0.0,Aug,2,4,1,1,Returning_Visitor,False,False
0.0,0.0,0.0,0.0,36.0,1362.135,0.009521006,0.029443841,0.0,0.0,Dec,2,2,1,2,Returning_Visitor,False,False
0.0,0.0,0.0,0.0,12.0,234.0562,0.02264081,0.044073638,0.0,0.0,Nov,1,1,1,15,Returning_Visitor,False,False
2.0,42.056244,0.0,0.0,44.0,1115.1156,0.0036093087,0.02,19.370848,0.0,Aug,2,2,1,1,Returning_Visitor,False,False
3.0,24.117712,0.0,0.0,15.0,362.90674,0.0,0.0182455,0.0,0.0,Dec,2,2,1,2,Returning_Visitor,False,False
0.0,0.0,0.0,0.0,26.0,679.26996,0.0041520433,0.020889249,0.0,0.0,May,2,2,1,2,Returning_Visitor,False,False
0.0,0.0,0.0,0.0,25.0,612.0029,0.009929021,0.022222223,0.0,0.0,Aug,1,1,3,2,Returning_Visitor,False,False
0.0,0.0,0.0,0.0,11.0,671.0292,0.0,0.026606895,0.0,0.0,Dec,2,2,4,2,Returning_Visitor,False,False
0.0,0.0,0.0,0.0,26.0,798.85803,0.005582295,0.028571429,0.0,0.0,Dec,2,2,1,1,Returning_Visitor,False,False
4.0,78.14612,0.0,0.0,20.0,308.96295,0.0,0.021986559,0.0,0.0,Dec,1,2,7,2,Returning_Visitor,False,False
0.0,0.0,0.0,0.0,26.0,699.8366,0.0,0.021143353,0.0,0.0,Dec,3,4,1,1,Returning_Visitor,False,False
0.0,0.0,0.0,0.0,39.0,1502.3223,0.0,0.027242187,0.0,0.0,Nov,2,2,7,1,Returning_Visitor,False,False
0.0,0.0,0.0,0.0,17.0,464.8024,0.0,0.023445543,0.0,0.0,Dec,1,2,3,2,Returning_Visitor,False,False
3.0,46.40598,0.0,0.0,40.0,738.8929,0.0,0.017412402,0.0,0.0,Aug,2,2,1,13,Returning_Visitor,False,False
3.0,119.05249,0.0,0.0,38.0,1820.362,0.0,0.013490689,20.47864,0.0,Dec,1,1,9,2,Returning_Visitor,False,False
4.0,68.944954,0.0,0.0,38.481358,1271.9409,0.0,0.01017778,0.0,0.0,Nov,2,2,1,2,New_Visitor,False,False
3.0,49.65496,0.0,0.0,21.694822,538.89606,0.0,0.02185593,126.70888,0.0,Dec,2,2,1,13,Returning_Visitor,False,False
0.0,0.0,0.0,0.0,21.0,317.3665,0.005429339,0.03333333,0.0,0.0,Aug,4,2,9,1,Returning_Visitor,False,False
0.0,0.0,0.0,0.0,12.0,310.07556,0.0,0.031290136,0.0,0.0,Dec,2,2,2,1,Returning_Visitor,False,False
5.0,94.41195,0.0,0.0,39.135056,765.7422,0.0,0.016666668,0.0,0.0,Dec,2,8,1,2,Returning_Visitor,False,False
0.0,0.0,0.0,0.0,29.509445,1181.5833,0.0,0.02129092,0.0,0.0,Dec,2,4,4,1,Returning_Visitor,False,False
0.0,0.0,0.0,0.0,22.0,685.523,0.0,0.028571429,0.0,0.0,Nov,2,2,3,1,Returning_Visitor,False,False
0.0,0.0,0.0,0.0,19.0,472.20404,0.0,0.027325727,0.0,0.0,Dec,3,2,1,10,Returning_Visitor,False,False
0.0,0.0,0.0,0.0,33.0,1160.5913,0.0,0.011131086,0.0,0.0,Mar,2,2,9,2,Returning_Visitor,False,False
0.0,0.0,0.0,0.0,24.0,509.2543,0.013898889,0.027603064,0.0,0.0,Jul,1,1,9,3,Returning_Visitor,False,False
2.0,42.42817,0.0,0.0,25.757305,798.5726,0.0,0.01703329,0.0,0.0,Dec,3,2,1,2,Returning_Visitor,False,False
3.0,81.2413,0.0,0.0,29.0,962.8489,0.0,0.016392142,0.0,0.0,Dec,2,2,2,2,Returning_Visitor,False,False
0.0,0.0,0.0,0.0,13.0,565.8304,0.0,0.022222223,0.0,0.0,Dec,2,4,1,2,Returning_Visitor,False,False
0.0,0.0,0.0,0.0,18.0,404.2401,0.02877483,0.05320487,0.0,0.0,Dec,2,2,4,1,Returning_Visitor,False,False
0.0,0.0,0.0,0.0,23.0,555.7423,0.022219498,0.04271149,0.0,0.0,Nov,1,2,1,1,Returning_Visitor,False,False
0.0,0.0,0.0,0.0,16.0,257.36087,0.0,0.02961358,0.0,0.0,Dec,4,2,1,2,Returning_Visitor,False,False
0.0,0.0,0.0,0.0,20.441605,406.02,0.0,0.022768684,0.0,0.0,Nov,2,2,1,2,Returning_Visitor,False,False
3.0,67.46098,0.0,0.0,60.0,1892.8602,0.0,0.011353249,10.161782,0.0,Dec,2,2,7,2,Returning_Visitor,False,False
4.0,110.32399,0.0,0.0,33.0,748.69446,0.0,0.013401248,0.0,0.0,Nov,1,2,1,2,Returning_Visitor,True,False
0.0,0.0,0.0,0.0,9.0,196.09485,0.0,0.05323043,0.0,0.0,Aug,2,4,1,13,Returning_Visitor,False,False
0.0,0.0,0.0,0.0,11.0,238.55089,0.03726765,0.051800046,0.0,0.0,Aug,2,2,1,1,Returning_Visitor,False,False
0.0,0.0,0.0,0.0,10.0,157.74849,0.03608752,0.053882055,0.0,0.0,Dec,3,2,1,13,Returning_Visitor,False,False
4.0,77.63839,0.0,0.0,52.982185,2083.0208,0.003769445,0.012544241,6.200689,0.0,Nov,2,2,1,13,Returning_Visitor,False,False
0.0,0.0,0.0,0.0,37.0,772.7625,0.0,0.0125,0.0,0.0,Dec,2,2,9,13,Returning_Visitor,False,False
0.0,0.0,0.0,0.0,25.0,895.1436,0.0,0.016666668,0.0,0.0,Dec,4,2,1,9,Returning_Visitor,False,False
0.0,0.0,0.0,0.0,37.0,654.64355,0.0,0.02,0.0,0.0,Dec,2,2,4,2,Returning_Visitor,False,False
0.0,0.0,0.0,0.0,42.0,846.5162,0.003775667,0.016666668,0.0,0.0,Nov,3,2,7,2,New_Visitor,False,False
0.0,0.0,0.0,0.0,15.0,347.42743,0.0,0.025579056,0.0,0.0,Aug,1,4,2,8,Returning_Visitor,False,False
2.0,51.67491,0.0,0.0,49.856262,1358.8079,0.005086568,0.017736824,0.0,0.0,Dec,2,2,1,1,Returning_Visitor,False,False
0.0,0.0,0.0,0.0,26.0,748.69946,0.018063217,0.03333333,0.0,0.0,Nov,2,2,7,8,Returning_Visitor,False,False
0.0,0.0,0.0,0.0,21.0,578.0668,0.0059123905,0.028581189,0.0,0.0,May,2,2,9,3,Returning_Visitor,False,False
2.0,26.18466,0.0,0.0,32.0,893.7607,0.0,0.016666668,32.6974,0.0,Nov,2,2,4,13,Returning_Visitor,False,True
0.0,0.0,0.0,0.0,42.57488,932.15594,0.0,0.015784828,0.0,0.0,Aug,2,2,1,2,Returning_Visitor,False,False
5.0,108.32538,0.0,0.0,45.264065,1497.4344,0.004315605,0.014267851,361.76373,0.0,Nov,3,2,3,2,Returning_Visitor,False,False
3.0,69.55504,0.0,0.0,16.110174,535.29285,0.0,0.021328762,0.0,0.0,Nov,2,2,1,2,Returning_Visitor,False,False
2.0,29.696222,0.0,0.0,23.44759,719.89844,0.0,0.010009737,0.0,0.0,Dec,2,2,1,9,Returning_Visitor,False,False
1.0,5.0,0.0,0.0,38.448475,1086.8685,0.0,0.025,0.0,0.0,Aug,2,2,9,2,Returning_Visitor,False,False
0.0,0.0,0.0,0.0,13.0,738.4187,0.0,0.03333333,0.0,0.0,Dec,2,2,4,1,Returning_Visitor,False,False
0.0,0.0,0.0,0.0,12.0,211.82774,0.06666667,0.07308874,0.0,0.0,Nov,3,2,1,13,Returning_Visitor,False,False
0.0,0.0,0.0,0.0,9.0,194.55124,0.0,0.04,0.0,0.0,Nov,2,2,7,3,Returning_Visitor,False,False
0.0,0.0,0.0,0.0,26.331713,716.588,0.0,0.025,0.0,0.0,Aug,4,2,1,2,Returning_Visitor,False,False
0.0,0.0,0.0,0.0,25.0,666.7699,0.0,0.021008585,0.0,0.0,Nov,1,1,1,2,Returning_Visitor,False,False
0.0,0.0,0.0,0.0,19.0,308.90604,0.0,0.03333333,0.0,0.0,Dec,1,1,1,3,Returning_Visitor,False,False
0.0,0.0,0.0,0.0,27.0,475.7678,0.012252755,0.037890088,0.0,0.0,Nov,2,2,1,1,Returning_Visitor,False,False
3.0,96.32181,1.0,0.0,22.0,473.68964,0.0,0.016666668,0.0,0.0,Nov,1,1,4,2,Returning_Visitor,False,False
3.0,50.25146,0.0,0.0,39.0,731.6097,0.006258445,0.022133356,0.0,0.0,Dec,2,2,1,13,Returning_Visitor,False,False
3.0,38.989353,0.0,0.0,23.80839,552.3504,0.0,0.011111111,0.0,0.0,Nov,4,2,1,2,Returning_Visitor,False,True
2.0,57.185062,0.0,0.0,21.0,522.1806,0.0,0.01631868,0.0,0.0,Nov,4,1,1,8,Returning_Visitor,False,False
2.0,33.47809,0.0,0.0,39.0,1177.0082,0.0,0.01997536,0.0,0.0,Dec,2,2,4,13,Returning_Visitor,False,False
4.0,80.06416,0.0,0.0,21.0,857.6536,0.0,0.016666668,34.59245,0.0,Nov,2,2,4,2,Returning_Visitor,True,False
0.0,0.0,0.0,0.0,27.199274,537.91595,0.0,0.020643195,0.0,0.0,Dec,1,2,1,1,Returning_Visitor,False,False
3.0,46.87797,0.0,0.0,26.0,524.4296,0.0,0.010397511,0.0,0.0,Dec,2,2,7,2,Returning_Visitor,False,False
0.0,0.0,0.0,0.0,24.0,337.37766,0.013380961,0.035745736,0.0,0.0,Dec,4,2,1,3,Returning_Visitor,False,False
0.0,0.0,0.0,0.0,20.129133,645.14935,0.04231153,0.058188915,0.0,0.0,Feb,3,2,1,1,Returning_Visitor,False,False
0.0,0.0,0.0,0.0,26.0,489.624,0.0070614214,0.032085266,0.0,0.0,Dec,2,2,1,1,Returning_Visitor,False,False
0.0,0.0,0.0,0.0,15.965882,217.37346,0.0018384337,0.030460667,0.0,0.0,Dec,1,1,7,3,Returning_Visitor,True,False
0.0,0.0,0.0,0.0,9.551773,222.43227,0.0,0.040350538,0.0,0.0,May,2,2,4,3,Returning_Visitor,False,False
0.0,0.0,0.0,0.0,28.0,839.78314,0.011505385,0.03333333,0.0,0.0,Dec,2,2,7,8,Returning_Visitor,False,False
2.0,52.9758,0.0,0.0,40.0,1581.1797,0.0,0.015286709,21.958681,0.0,Nov,2,2,4,2,Returning_Visitor,False,True
0.0,0.0,0.0,0.0,23.145817,621.9969,0.0,0.023916151,0.0,0.0,Nov,2,2,4,2,Returning_Visitor,False,False
3.0,41.80488,0.0,0.0,22.475542,452.41702,0.0,0.014285714,0.0,0.0,Dec,2,2,1,2,Returning_Visitor,True,True
0.0,0.0,0.0,0.0,15.0,295.00406,0.0,0.030720374,0.0,0.0,Dec,2,2,1,1,Returning_Visitor,False,False
0.0,0.0,0.0,0.0,36.122646,721.0619,0.006721655,0.024093105,0.0,0.0,Nov,1,2,1,2,Returning_Visitor,False,False
3.0,135.2422,0.0,0.0,37.0,846.39746,0.0,0.015384615,0.0,0.0,Dec,3,2,1,8,Returning_Visitor,False,False
0.0,0.0,0.0,0.0,15.0,366.41946,0.0,0.022222223,0.0,0.0,Nov,2,2,1,2,Returning_Visitor,False,False
0.0,0.0,0.0,0.0,16.0,571.55566,0.0,0.025278695,0.0,0.0,Aug,1,1,9,14,Returning_Visitor,False,False
6.0,147.24828,0.0,0.0,17.0,345.5217,0.008393666,0.025,0.0,0.0,Mar,3,2,1,9,Returning_Visitor,False,False
0.0,0.0,0.0,0.0,10.0,220.26817,0.0,0.036412116,0.0,0.0,Nov,1,1,4,3,Returning_Visitor,False,False
3.0,147.45505,0.0,0.0,17.0,401.55048,0.01369053,0.029757388,0.0,0.0,Nov,1,4,1,3,Returning_Visitor,False,False
0.0,0.0,0.0,0.0,32.0,649.3589,0.0,0.026306795,0.0,0.0,Dec,2,2,1,1,Returning_Visitor,False,False
0.0,0.0,0.0,0.0,32.045124,1646.3713,0.006368798,0.030081347,0.0,0.0,Nov,4,2,4,13,Returning_Visitor,False,False
0.0,0.0,0.0,0.0,15.0,519.6911,0.015384615,0.032470357,0.0,0.0,Nov,2,2,1,8,Returning_Visitor,False,False
0.0,0.0,0.0,0.0,22.283606,707.4985,0.0,0.015405006,0.0,0.0,Jul,2,2,4,3,Returning_Visitor,False,False
5.0,131.85497,0.0,0.0,35.0,1562.2158,0.0067774667,0.021363245,10.385958,0.0,Aug,2,2,7,2,Returning_Visitor,False,False
2.0,33.036724,0.0,0.0,22.0,630.6306,0.0,0.015601033,0.0,0.0,Nov,2,2,1,3,Returning_Visitor,False,False
0.0,0.0,0.0,0.0,18.745972,344.4536,0.0,0.036244437,0.0,0.0,Dec,2,2,1,2,Returning_Visitor,False,False
0.0,0.0,0.0,0.0,10.0,170.49442,0.0,0.037486777,0.0,0.0,Nov,2,2,1,1,Returning_Visitor,False,False
0.0,0.0,0.0,0.0,3.0,0.0,0.2,0.2,0.0,0.0,Dec,1,1,1,1,Returning_Visitor,False,False
2.0,34.966797,0.0,0.0,29.762934,828.83075,0.010195995,0.02,0.0,0.0,Aug,1,2,7,3,Returning_Visitor,False,False
3.0,90.00688,0.0,0.0,37.0,830.9916,0.010872414,0.026141185,0.0,0.0,Dec,4,2,7,1,Returning_Visitor,False,False
2.0,16.155993,0.0,0.0,22.0,366.1897,0.011728009,0.035164066,0.0,0.0,Nov,4,2,1,10,Returning_Visitor,False,False
4.0,103.86748,0.0,0.0,54.66143,2344.5562,0.00539224,0.014626797,0.0,0.0,Nov,1,2,1,2,Returning_Visitor,False,False
0.0,0.0,0.0,0.0,13.0,235.87753,0.027572053,0.060255382,0.0,0.0,May,2,2,1,4,Returning_Visitor,False,False
6.0,118.2608,0.0,0.0,47.911102,1723.0314,0.0,0.010844468,0.0,0.0,Nov,4,2,4,2,Returning_Visitor,False,False
4.0,96.45471,0.0,0.0,18.67168,498.185,0.0,0.027031975,0.0,0.0,Dec,1,2,1,1,Returning_Visitor,False,False
0.0,0.0,0.0,0.0,24.0,678.3326,0.0,0.022222223,0.0,0.0,Aug,2,2,1,2,Returning_Visitor,False,False
0.0,0.0,0.0,0.0,18.0,336.50848,0.0,0.03333333,0.0,0.0,Dec,2,2,8,3,Returning_Visitor,False,False
1.0,23.329016,0.0,0.0,22.0,569.006,0.0,0.015384615,0.0,0.0,Dec,1,2,1,2,Returning_Visitor,False,False
0.0,0.0,0.0,0.0,8.0,293.28177,0.0,0.04312405,0.0,0.0,Nov,2,2,1,15,Returning_Visitor,False,False
0.0,0.0,0.0,0.0,17.0,594.4942,0.0,0.023619361,0.0,0.0,Dec,1,1,1,2,Returning_Visitor,False,False
3.0,98.20411,0.0,0.0,30.198011,1126.4689,0.0,0.011946001,0.0,0.0,Dec,2,2,4,2,Returning_Visitor,False,True
3.0,64.03492,0.0,0.0,24.849228,494.69702,0.0,0.00862658,0.0,0.0,Dec,1,2,7,2,Returning_Visitor,False,False
4.0,69.33116,0.0,0.0,27.0,831.0474,0.0,0.01970385,0.0,0.0,Jul,4,1,1,3,Returning_Visitor,False,False
0.0,0.0,0.0,0.0,13.0,560.6545,0.022222223,0.05,0.0,0.0,Dec,2,2,7,2,Returning_Visitor,False,False
3.0,32.32526,0.0,0.0,18.694557,675.9158,0.0,0.02220984,0.0,0.0,Dec,2,2,7,2,Returning_Visitor,False,False
3.0,70.25178,0.0,0.0,94.08821,3029.8533,0.005720684,0.022222223,0.0,0.0,Dec,4,4,7,1,Returning_Visitor,False,False
0.0,0.0,0.0,0.0,17.0,591.0318,0.019850386,0.05,0.0,0.0,Nov,2,2,4,1,Returning_Visitor,False,False
2.0,104.94576,0.0,0.0,13.0,303.31717,0.0,0.018249663,0.0,0.0,Aug,1,4,1,2,Returning_Visitor,False,False
2.0,21.497953,0.0,0.0,20.0,291.2549,0.0,0.014702068,0.0,0.0,Aug,2,2,7,2,New_Visitor,False,False
0.0,0.0,0.0,0.0,16.0,584.39984,0.0,0.023214446,0.0,0.0,Dec,7,2,1,2,Returning_Visitor,False,False
0.0,0.0,0.0,0.0,15.0,451.176,0.0,0.03333333,0.0,0.0,Dec,2,2,9,13,Returning_Visitor,False,False
0.0,0.0,0.0,0.0,24.715086,896.1701,0.01897471,0.038222354,0.0,0.0,Aug,3,2,1,13,Returning_Visitor,False,False
0.0,0.0,0.0,0.0,25.0,627.2665,0.0035946758,0.026072599,0.0,0.0,Nov,3,2,1,1,Returning_Visitor,False,False
0.0,0.0,0.0,0.0,20.0,593.5143,0.0,0.022952333,0.0,0.0,Dec,2,2,4,2,Returning_Visitor,False,False
0.0,0.0,0.0,0.0,10.0,222.93765,0.03333333,0.051498808,0.0,0.0,Dec,3,2,1,2,Returning_Visitor,False,False
0.0,0.0,0.0,0.0,8.0,244.31703,0.0,0.035255503,0.0,0.0,Nov,3,2,1,2,Returning_Visitor,False,False
0.0,0.0,0.0,0.0,2.0,0.0,0.2,0.2,0.0,0.0,Nov,1,1,1,1,Returning_Visitor,False,False
3.0,42.84246,0.0,0.0,21.0,603.1706,0.0,0.010762989,0.0,0.0,Dec,2,2,1,1,Returning_Visitor,False,False
0.0,0.0,0.0,0.0,45.22344,775.8754,0.0,0.01587352,0.0,0.0,Mar,2,5,1,13,Returning_Visitor,False,False
1.0,5.519777,0.0,0.0,23.0,665.115,0.0,0.025716012,0.0,0.0,Nov,2,2,7,3,Returning_Visitor,False,False
0.0,0.0,0.0,0.0,23.82306,615.27655,0.0,0.026466822,0.0,0.0,Nov,3,2,7,2,Returning_Visitor,True,False
0.0,0.0,0.0,0.0,7.0,249.87906,0.0,0.039997708,0.0,0.0,May,2,1,1,1,Returning_Visitor,False,False
2.0,29.63459,0.0,0.0,18.0,373.52496,0.0,0.016861415,9.184975,0.0,Sep,2,2,1,2,Returning_Visitor,False,True
0.0,0.0,0.0,0.0,19.0,521.6535,0.019672288,0.046504457,0.0,0.0,Nov,3,2,4,13,Returning_Visitor,False,False
3.0,52.87167,0.0,0.0,19.0,347.75162,0.0,0.016666668,0.0,0.0,Aug,2,2,4,13,Returning_Visitor,False,False
4.0,81.59356,0.0,0.0,71.22825,2060.0752,0.005410407,0.022831904,0.0,0.0,Aug,2,2,1,1,Returning_Visitor,False,False
0.0,0.0,0.0,0.0,24.0,537.81335,0.0,0.0371004,0.0,0.0,Aug,2,2,4,13,Returning_Visitor,False,False
0.0,0.0,0.0,0.0,25.0,893.4376,0.006228681,0.03483167,0.0,0.0,Nov,2,2,4,1,Returning_Visitor,False,False
6.0,60.998127,1.0,0.0,63.90538,2112.3523,0.0,0.008730013,0.0,0.0,Nov,2,2,7,2,Returning_Visitor,False,False
0.0,0.0,0.0,0.0,31.0,652.4509,0.0,0.015384615,0.0,0.0,Nov,2,2,1,2,Returning_Visitor,False,False
0.0,0.0,0.0,0.0,23.0,633.4872,0.0125,0.037183452,0.0,0.0,Jul,2,2,8,3,Returning_Visitor,False,False
0.0,0.0,0.0,0.0,1.0,0.0,0.2,0.2,0.0,0.0,Dec,3,2,1,1,Returning_Visitor,False,False
0.0,0.0,0.0,0.0,26.0,676.7293,0.0,0.0285714,0.0,0.0,Dec,1,1,1,1,Returning_Visitor,False,False
4.0,129.5446,0.0,0.0,67.758026,2715.2485,0.010943502,0.028566474,0.0,0.0,Dec,2,2,1,1,Returning_Visitor,False,False
0.0,0.0,0.0,0.0,16.0,316.42276,0.03333333,0.057997596,0.0,0.0,Dec,3,2,1,1,Returning_Visitor,False,False
0.0,0.0,0.0,0.0,32.0,953.85754,0.0045474214,0.014285714,0.0,0.0,Nov,2,2,1,2,Returning_Visitor,False,False
0.0,0.0,0.0,0.0,12.0,304.54486,0.014483513,0.04769191,0.0,0.0,Dec,7,2,1,8,Returning_Visitor,False,False
5.0,102.355156,0.0,0.0,56.748226,2013.0361,0.0059002717,0.020584743,8.932756,0.0,Aug,2,2,6,1,Returning_Visitor,False,False
6.0,142.4796,1.0,0.0,48.412064,1646.6436,0.0,0.018250419,8.754812,0.0,Dec,2,2,3,1,Returning_Visitor,False,False
0.0,0.0,0.0,0.0,18.0,532.0373,0.0,0.021886554,0.0,0.0,Nov,1,1,9,2,Returning_Visitor,False,False
4.0,71.48294,0.0,0.0,13.0,254.82681,0.0,0.025416387,0.0,0.0,Sep,4,1,1,2,Returning_Visitor,False,False
0.0,0.0,0.0,0.0,17.0,492.81528,0.022403786,0.05,0.0,0.0,Aug,2,4,7,1,Returning_Visitor,False,False
5.0,78.47897,0.0,0.0,25.0,1280.5654,0.0,0.017643515,9.2564945,0.0,Dec,2,2,1,2,Returning_Visitor,False,False
0.0,0.0,0.0,0.0,24.0,685.2744,0.006913475,0.03333333,0.0,0.0,Dec,4,2,1,1,Returning_Visitor,False,False
0.0,0.0,0.0,0.0,17.0,616.76654,0.0,0.031147959,0.0,0.0,Dec,4,1,1,2,Returning_Visitor,False,False
0.0,0.0,0.0,0.0,26.0,724.26355,0.0,0.011111111,0.0,0.0,Dec,2,2,1,8,Returning_Visitor,False,False
0.0,0.0,0.0,0.0,21.0,651.2568,0.019895379,0.03333333,0.0,0.0,Nov,3,2,1,3,Returning_Visitor,True,False
2.0,41.549126,0.0,0.0,35.0,952.4046,0.010005833,0.031222766,0.0,0.0,Dec,2,2,1,13,Returning_Visitor,False,False
3.0,56.668167,0.0,0.0,67.5971,2905.2725,0.009537962,0.028571429,0.0,0.0,Dec,2,2,1,1,Returning_Visitor,False,False
0.0,0.0,0.0,0.0,22.0,615.0819,0.014521117,0.034902275,0.0,0.0,Nov,1,2,4,13,Returning_Visitor,False,False
2.0,47.002064,0.0,0.0,30.0,946.1097,0.009029804,0.017847344,0.0,0.0,Dec,4,2,1,13,Returning_Visitor,False,False
0.0,0.0,0.0,0.0,24.0,503.41644,0.008049033,0.03474927,0.0,0.0,Dec,3,2,1,1,Returning_Visitor,False,False
3.0,64.7783,0.0,0.0,24.0,488.17123,0.016666668,0.03389279,0.0,0.0,Aug,2,2,4,13,Returning_Visitor,False,False
0.0,0.0,0.0,0.0,26.0,881.1443,0.012644927,0.036289904,0.0,0.0,Dec,2,2,1,3,Returning_Visitor,False,False
0.0,0.0,0.0,0.0,27.0,825.2196,0.0,0.015384615,0.0,0.0,Dec,2,2,1,13,Returning_Visitor,False,False
3.0,55.631634,0.0,0.0,33.0,696.6089,0.0,0.021736715,0.0,0.0,Sep,2,2,1,1,Returning_Visitor,False,False
0.0,0.0,0.0,0.0,15.0,570.73,0.0,0.025031738,0.0,0.0,Dec,2,4,1,1,Returning_Visitor,False,False
0.0,0.0,0.0,0.0,24.0,1131.6372,0.0,0.016666668,0.0,0.0,Dec,1,1,7,8,Returning_Visitor,False,False
0.0,0.0,0.0,0.0,11.0,265.609,0.0,0.037182543,0.0,0.0,Nov,2,2,1,3,Returning_Visitor,False,False
0.0,0.0,0.0,0.0,11.0,254.97192,0.03333333,0.05924915,0.0,0.0,Aug,3,2,1,1,Returning_Visitor,False,False
0.0,0.0,0.0,0.0,24.0,746.76526,0.0,0.028571429,0.0,0.0,Nov,2,2,1,1,Returning_Visitor,False,False
0.0,0.0,0.0,0.0,32.225967,914.19995,0.0,0.011111111,0.0,0.0,Dec,2,2,1,2,Returning_Visitor,False,False
0.0,0.0,0.0,0.0,25.0,646.64246,0.0,0.018181818,0.0,0.0,Dec,2,2,3,1,Returning_Visitor,False,False
0.0,0.0,0.0,0.0,13.0,458.96292,0.0,0.043867346,0.0,0.0,May,2,4,4,4,Returning_Visitor,False,False
0.0,0.0,0.0,0.0,27.0,894.46857,0.004072687,0.016998876,0.0,0.0,Dec,4,4,6,2,Returning_Visitor,False,False
0.0,0.0,0.0,0.0,12.0,279.00607,0.0,0.03333333,0.0,0.0,Nov,2,2,2,1,Returning_Visitor,False,False
0.0,0.0,0.0,0.0,13.0,246.55763,0.0,0.034015074,0.0,0.0,Dec,2,4,1,10,Returning_Visitor,False,False
1.0,18.153303,0.0,0.0,10.0,475.36075,0.0,0.017473755,0.0,0.0,Aug,2,2,1,2,New_Visitor,False,False
0.0,0.0,0.0,0.0,18.0,539.1853,0.0,0.03333333,0.0,0.0,Dec,2,2,1,15,Returning_Visitor,False,False
3.0,47.89259,0.0,0.0,17.966473,474.72214,0.0,0.017414626,0.0,0.0,Dec,2,2,7,13,Returning_Visitor,False,False
2.0,103.28714,0.0,0.0,56.57988,1543.1688,0.015969275,0.036225125,0.0,0.0,Sep,2,2,1,1,Returning_Visitor,False,False
0.0,0.0,0.0,0.0,12.0,358.6916,0.0,0.04,0.0,0.0,Aug,1,1,3,2,Returning_Visitor,False,False
2.0,57.30393,0.0,0.0,59.534195,2393.3936,0.006392385,0.022588486,0.0,0.0,Dec,2,2,1,1,Returning_Visitor,False,False
3.0,75.60001,0.0,0.0,41.64549,1673.6019,0.015381145,0.03142084,0.0,0.0,Nov,2,2,1,13,Returning_Visitor,False,False
1.0,18.082047,0.0,0.0,26.0,684.17615,0.0,0.021429202,0.0,0.0,Dec,2,2,7,1,Returning_Visitor,False,False
0.0,0.0,0.0,0.0,16.0,282.14838,0.0,0.028123023,0.0,0.0,Aug,2,2,1,1,Returning_Visitor,False,False
4.0,57.66545,0.0,0.0,24.0,630.9335,0.009900405,0.025,0.0,0.0,Nov,2,2,1,3,Returning_Visitor,False,False
0.0,0.0,0.0,0.0,22.0,465.5868,0.0,0.017805804,0.0,0.0,Nov,2,2,1,13,Returning_Visitor,False,True
0.0,0.0,0.0,0.0,25.0,569.06287,0.0,0.025053855,0.0,0.0,Dec,2,2,3,1,Returning_Visitor,False,False
0.0,0.0,0.0,0.0,22.0,474.12717,0.0060220603,0.03333333,0.0,0.0,May,2,2,4,4,Returning_Visitor,False,False
2.0,63.36046,0.0,0.0,23.0,474.92307,0.0,0.015384615,0.0,0.0,Dec,1,2,1,15,Returning_Visitor,False,False
0.0,0.0,0.0,0.0,18.0,451.43567,0.0,0.03715614,0.0,0.0,Dec,2,2,1,1,Returning_Visitor,False,False
0.0,0.0,0.0,0.0,25.693102,871.54865,0.0,0.0053532594,26.08892,0.0,Dec,2,2,4,9,Returning_Visitor,False,True
6.0,111.394714,0.0,0.0,28.0,623.75934,0.0,0.016666668,0.0,0.0,Nov,4,2,1,10,Returning_Visitor,False,False
3.0,60.907833,0.0,0.0,18.0,512.0017,0.0,0.029040288,0.0,0.0,Nov,2,2,1,3,Returning_Visitor,False,False
3.83499,68.77315,0.0,0.0,33.0,1056.2672,0.0,0.012552814,10.082682,0.0,Dec,2,2,1,2,Returning_Visitor,False,False
0.0,0.0,0.0,0.0,24.0,461.09668,0.0125,0.035940036,0.0,0.0,Dec,2,2,1,10,Returning_Visitor,False,False
4.0,89.937195,0.0,0.0,20.0,627.8029,0.0,0.010985719,0.0,0.0,Dec,2,2,1,2,Returning_Visitor,False,False
0.0,0.0,0.0,0.0,26.0,667.3467,0.012491575,0.04192851,0.0,0.0,Dec,4,1,1,2,Returning_Visitor,False,False
3.0,52.89628,0.0,0.0,28.108204,955.40875,0.0,0.015211579,0.0,0.0,Nov,2,2,1,1,Returning_Visitor,False,False
0.0,0.0,0.0,0.0,49.116333,1562.6997,0.007692308,0.025000658,11.903948,0.0,Nov,4,1,1,2,Returning_Visitor,False,False
0.0,0.0,0.0,0.0,16.0,238.99574,0.0,0.03333333,0.0,0.0,Dec,1,1,7,1,Returning_Visitor,False,False
0.0,0.0,0.0,0.0,22.0,565.6891,0.012698985,0.031137185,0.0,0.0,Nov,2,2,3,13,Returning_Visitor,False,False
4.0,64.30284,0.0,0.0,20.0,309.52426,0.0,0.027746795,0.0,0.0,Dec,1,1,1,2,Returning_Visitor,False,False
3.0,45.598907,0.0,0.0,25.0,492.71304,0.006314631,0.034939475,0.0,0.0,Dec,2,2,4,2,Returning_Visitor,False,False
0.0,0.0,0.0,0.0,30.685577,719.0378,0.018469555,0.03813823,0.0,0.0,Dec,2,2,1,1,Returning_Visitor,False,False
2.0,41.95594,0.0,0.0,19.0,329.61517,0.0,0.02882072,0.0,0.0,Dec,1,4,1,8,Returning_Visitor,False,False
2.0,34.35095,0.0,0.0,39.1238,898.39935,0.0070262966,0.019335015,0.0,0.0,Jul,1,1,6,3,Returning_Visitor,False,False
0.0,0.0,0.0,0.0,21.0,497.30478,0.0,0.02729799,0.0,0.0,Aug,2,4,1,2,Returning_Visitor,False,False
0.0,0.0,0.0,0.0,17.0,919.86633,0.0,0.016086549,24.901365,0.0,Dec,1,1,4,2,Returning_Visitor,False,True
2.0,43.469395,0.0,0.0,14.0,295.26236,0.0,0.02352866,0.0,0.0,Nov,3,2,3,2,Returning_Visitor,False,False
3.0,57.30372,0.0,0.0,26.472044,755.7153,0.014458768,0.03333333,0.0,0.0,Dec,1,1,4,2,Returning_Visitor,False,False
3.0,46.32291,0.0,0.0,13.0,251.72902,0.0,0.015900336,0.0,0.0,Dec,2,2,1,2,Returning_Visitor,False,False
2.0,15.081579,0.0,0.0,27.0,547.834,0.012041553,0.02959152,0.0,0.0,Nov,4,2,1,2,Returning_Visitor,False,False
2.0,85.03389,0.0,0.0,45.45655,1633.9851,0.008805881,0.025124764,0.0,0.0,Dec,2,12,1,1,Returning_Visitor,False,False
0.0,0.0,0.0,0.0,22.75929,502.73853,0.002049839,0.03333333,0.0,0.0,Aug,1,2,8,2,Returning_Visitor,False,False
0.0,0.0,0.0,0.0,22.0,601.9724,0.0,0.012266702,0.0,0.0,Dec,2,2,9,13,Returning_Visitor,False,False
5.0,59.50994,0.0,0.0,30.0,792.05585,0.0,0.01716387,0.0,0.0,Nov,2,2,1,2,Returning_Visitor,False,False
0.0,0.0,0.0,0.0,29.741556,955.7862,0.0,0.01680825,0.0,0.0,Aug,2,2,1,2,Returning_Visitor,False,False
0.0,0.0,0.0,0.0,19.0,481.52512,0.01273212,0.030859562,0.0,0.0,Nov,2,2,1,9,Returning_Visitor,False,False
3.0,56.45049,0.0,0.0,60.164253,2068.5273,0.01158124,0.027070861,0.0,0.0,Dec,2,2,1,1,Returning_Visitor,False,False
0.0,0.0,0.0,0.0,29.0,578.9871,0.0,0.021746716,0.0,0.0,Nov,2,2,9,3,Returning_Visitor,False,False
2.0,33.40465,0.0,0.0,26.0,850.6956,0.0,0.01601715,0.0,0.0,Jul,2,2,1,1,Returning_Visitor,False,False
0.0,0.0,0.0,0.0,22.0,455.59607,0.020181315,0.042871974,0.0,0.0,Dec,1,1,1,3,Returning_Visitor,False,False
0.0,0.0,0.0,0.0,7.0,230.84122,0.0,0.02713527,0.0,0.0,Nov,4,1,2,3,Returning_Visitor,False,False
3.0,90.05646,0.0,0.0,16.0,342.28067,0.028571429,0.05784785,0.0,0.0,Dec,1,4,1,1,Returning_Visitor,False,False
3.0,66.98308,0.0,0.0,17.609406,422.18784,0.0,0.022222223,0.0,0.0,Nov,2,2,1,2,New_Visitor,False,False
0.0,0.0,0.0,0.0,21.79887,470.4597,0.0,0.030938333,0.0,0.0,Dec,2,2,4,1,Returning_Visitor,False,False
4.0,85.00126,0.0,0.0,44.0,1238.741,0.0,0.017421193,0.0,0.0,Aug,2,2,1,2,Returning_Visitor,False,False
0.0,0.0,0.0,0.0,33.0,690.7266,0.008817454,0.022222223,0.0,0.0,Nov,1,2,6,2,Returning_Visitor,False,False
2.0,46.65968,0.0,0.0,20.0,622.24524,0.0,0.015485557,0.0,0.0,Nov,2,2,7,2,Returning_Visitor,False,False
0.0,0.0,0.0,0.0,24.0,954.6166,0.028755214,0.060351428,0.0,0.0,Nov,2,2,1,1,Returning_Visitor,False,False
0.0,0.0,0.0,0.0,21.0,681.3609,0.0,0.020688374,0.0,0.0,Dec,2,4,1,13,Returning_Visitor,False,False
0.0,0.0,0.0,0.0,14.0,331.48383,0.016095323,0.03986991,0.0,0.0,Nov,2,2,9,1,Returning_Visitor,False,False
0.0,0.0,0.0,0.0,10.889696,234.04996,0.0,0.04124605,0.0,0.0,Aug,1,1,1,7,Returning_Visitor,False,False
0.0,0.0,0.0,0.0,21.0,324.84915,0.0,0.032357838,0.0,0.0,Dec,2,2,1,1,Returning_Visitor,False,False
0.0,0.0,0.0,0.0,28.0,631.1375,0.0,0.019083042,0.0,0.0,Aug,4,1,1,2,Returning_Visitor,False,False
0.0,0.0,0.0,0.0,18.0,318.24542,0.005481524,0.030232191,0.0,0.0,Jul,2,2,7,2,Returning_Visitor,False,False
4.0,58.022236,0.0,0.0,30.512924,1265.1208,0.0,0.012909607,0.0,0.0,Dec,2,2,4,13,Returning_Visitor,False,False
3.0,65.67604,0.0,0.0,28.529747,674.219,0.01196325,0.035333328,0.0,0.0,Jul,2,2,7,9,Returning_Visitor,False,False
0.0,0.0,0.0,0.0,7.0,198.05472,0.0,0.03333333,0.0,0.0,Nov,2,2,1,19,Returning_Visitor,False,False
0.0,0.0,0.0,0.0,13.0,316.95764,0.0,0.037086166,0.0,0.0,Nov,2,2,1,1,Returning_Visitor,False,False
0.0,0.0,0.0,0.0,17.0,280.52914,0.0247483,0.057915468,0.0,0.0,Dec,2,2,1,1,Returning_Visitor,True,False
0.0,0.0,0.0,0.0,35.0,782.3226,0.0,0.019019183,0.0,0.0,Nov,2,2,1,1,Returning_Visitor,False,False
0.0,0.0,0.0,0.0,24.0,581.04297,0.0,0.0155012645,0.0,0.0,Aug,2,4,4,1,Returning_Visitor,False,True
2.0,59.907036,0.0,0.0,36.0,1546.3,0.010293118,0.026654031,0.0,0.0,Sep,2,2,4,1,Returning_Visitor,False,False
0.0,0.0,0.0,0.0,27.0,667.8149,0.0,0.026620768,0.0,0.0,Nov,2,2,1,1,Returning_Visitor,False,False
0.0,0.0,0.0,0.0,22.845425,512.72906,0.0,0.02052458,0.0,0.0,Dec,1,1,3,2,Returning_Visitor,False,False
0.0,0.0,0.0,0.0,11.0,579.8497,0.0,0.02,0.0,0.0,Aug,1,1,4,1,Returning_Visitor,True,False
0.0,0.0,0.0,0.0,12.0,313.92877,0.0,0.025005313,0.0,0.0,Aug,3,2,3,1,Returning_Visitor,False,False
0.0,0.0,0.0,0.0,11.0,235.40547,0.0,0.028571429,0.0,0.0,Aug,3,2,1,2,Returning_Visitor,False,False
0.0,0.0,0.0,0.0,16.0,261.74277,0.0,0.025,0.0,0.0,Dec,2,2,1,2,Returning_Visitor,False,False
0.0,0.0,0.0,0.0,29.509754,1054.0,0.024611404,0.049641725,0.0,0.0,Dec,2,2,2,1,Returning_Visitor,False,False
2.0,41.32266,0.0,0.0,29.0,731.65125,0.0,0.020652365,7.6052938,0.0,Nov,2,2,1,2,Returning_Visitor,False,False
0.0,0.0,0.0,0.0,24.0,642.4198,0.0,0.020483905,0.0,0.0,Aug,2,2,1,2,Returning_Visitor,False,False
4.0,140.51286,0.0,0.0,50.0,1773.3702,0.014716104,0.031298168,0.0,0.0,Nov,1,1,3,1,Returning_Visitor,False,False
0.0,0.0,0.0,0.0,15.0,289.05838,0.0,0.04248238,0.0,0.0,Dec,2,2,1,1,Returning_Visitor,False,False
0.0,0.0,0.0,0.0,21.0,779.5966,0.0,0.021314388,0.0,0.0,Nov,3,2,1,13,Returning_Visitor,False,False
0.0,0.0,0.0,0.0,35.0,685.8576,0.0,0.028571429,0.0,0.0,Nov,1,2,1,1,Returning_Visitor,False,False
2.0,14.799781,0.0,0.0,43.373943,1521.3387,0.01346696,0.03205094,0.0,0.0,Dec,4,2,1,3,Returning_Visitor,False,False
4.0,89.48435,1.0,0.0,39.108578,965.67566,0.007269938,0.016666668,0.0,0.0,Jul,1,1,4,2,Returning_Visitor,False,False
0.0,0.0,0.0,0.0,32.0,508.7575,0.0,0.02309753,0.0,0.0,Feb,3,2,1,3,Returning_Visitor,False,False
3.0,65.44471,0.0,0.0,29.0,697.5128,0.008333333,0.02832733,0.0,0.0,Dec,2,2,1,2,Returning_Visitor,False,False
0.0,0.0,0.0,0.0,19.265259,873.1702,0.014285714,0.04,0.0,0.0,Dec,4,1,1,3,Returning_Visitor,False,False
0.0,0.0,0.0,0.0,39.0,872.798,0.00135353,0.022531342,0.0,0.0,Nov,2,2,2,2,Returning_Visitor,False,False
3.0,60.904892,0.0,0.0,47.04573,1845.7029,0.009559956,0.029769193,0.0,0.0,Dec,2,2,4,2,Returning_Visitor,False,False
3.0,56.00749,0.0,0.0,43.0,1872.5956,0.0099269245,0.02563982,9.405432,0.0,Nov,1,2,1,2,Returning_Visitor,False,False
0.0,0.0,0.0,0.0,11.712551,292.14383,0.0,0.03333333,0.0,0.0,Dec,2,4,3,3,Returning_Visitor,False,False
0.0,0.0,0.0,0.0,15.0,813.8048,0.03333333,0.06187295,0.0,0.0,Dec,1,1,1,1,Returning_Visitor,False,False
5.0,70.32443,0.0,0.0,18.0,345.40036,0.011636065,0.030296229,0.0,0.0,Dec,4,2,1,2,Returning_Visitor,False,False
3.0,72.82885,0.0,0.0,37.874348,1126.092,0.0,0.017839089,0.0,0.0,Sep,2,8,7,1,Returning_Visitor,False,False
0.0,0.0,0.0,0.0,17.0,575.68195,0.0,0.024903744,0.0,0.0,Dec,2,2,4,1,Returning_Visitor,False,False
0.0,0.0,0.0,0.0,24.0,597.08997,0.0,0.015384615,0.0,0.0,Mar,2,2,9,1,Returning_Visitor,False,False
0.0,0.0,0.0,0.0,13.0,250.33507,0.0,0.01,0.0,0.0,Sep,3,2,8,2,Returning_Visitor,False,False
0.0,0.0,0.0,0.0,21.0,477.13928,0.0,0.026028719,0.0,0.0,Dec,2,2,1,8,Returning_Visitor,False,False
4.0,44.56234,0.0,0.0,19.0,466.00348,0.0,0.020891087,0.0,0.0,Nov,2,2,1,2,Returning_Visitor,False,False
2.0,40.236855,0.0,0.0,17.10187,499.0662,0.0,0.019785434,0.0,0.0,Aug,4,2,1,1,Returning_Visitor,False,False
0.0,0.0,0.0,0.0,19.364195,599.51843,0.0,0.014282136,27.737522,0.0,Dec,2,2,1,2,Returning_Visitor,False,True
7.0,261.8661,0.0,0.0,114.08563,3538.4556,0.0044856905,0.017834572,0.0,0.0,Nov,2,2,1,2,Returning_Visitor,False,False
0.0,0.0,0.0,0.0,22.0,560.809,0.0,0.022615476,0.0,0.0,Aug,1,1,7,13,Returning_Visitor,False,False
4.0,99.01846,0.0,0.0,31.076193,813.06964,0.0,0.012213237,0.0,0.0,Dec,1,1,1,2,Returning_Visitor,False,False
0.0,0.0,0.0,0.0,24.0,767.8302,0.0,0.017719753,0.0,0.0,Nov,4,2,1,2,Returning_Visitor,False,False
0.0,0.0,0.0,0.0,28.0,574.6068,0.010724019,0.033576168,0.0,0.0,Jul,2,2,1,1,Returning_Visitor,False,False
0.0,0.0,0.0,0.0,32.58866,847.99994,0.0023650809,0.021172276,361.76373,0.0,Dec,2,4,7,2,Returning_Visitor,False,False
0.0,0.0,0.0,0.0,27.0,630.72235,0.011717908,0.03333333,0.0,0.0,Nov,2,2,4,1,Returning_Visitor,False,False
4.0,76.65201,0.0,0.0,24.0,661.7044,0.0,0.021064157,0.0,0.0,Dec,2,2,1,13,Returning_Visitor,False,False
0.0,0.0,0.0,0.0,19.0,608.5812,0.015532716,0.045123823,0.0,0.0,Dec,2,2,4,3,Returning_Visitor,False,False
3.0,70.43359,0.0,0.0,56.0,1662.816,0.003963979,0.019015718,0.0,0.0,Dec,2,2,1,1,Returning_Visitor,False,False
2.0,49.68401,0.0,0.0,18.815136,515.50574,0.0,0.017606616,0.0,0.0,Dec,2,2,4,2,Returning_Visitor,False,False
0.0,0.0,0.0,0.0,23.903843,574.5724,0.017402528,0.04,0.0,0.0,Jul,2,2,1,2,Returning_Visitor,False,False
0.0,0.0,0.0,0.0,23.0,618.9205,0.0,0.030580834,0.0,0.0,Dec,2,2,1,1,Returning_Visitor,False,False
4.0,63.178905,0.0,0.0,39.0,1365.3054,0.0,0.015623512,361.45145,0.0,Nov,2,2,1,2,Returning_Visitor,False,False
0.0,0.0,0.0,0.0,8.0,168.8009,0.0,0.02692277,0.0,0.0,Nov,2,2,7,2,Returning_Visitor,False,False
0.0,0.0,0.0,0.0,22.0,588.9532,0.013333333,0.030722547,0.0,0.0,Nov,2,4,3,3,Returning_Visitor,False,False
0.0,0.0,0.0,0.0,24.0,504.4865,0.005382923,0.022222223,0.0,0.0,Dec,1,1,3,2,Returning_Visitor,False,False
0.0,0.0,0.0,0.0,13.83072,391.0753,0.0,0.03333333,0.0,0.0,Nov,2,2,9,2,Returning_Visitor,False,False
0.0,0.0,0.0,0.0,13.0,381.2599,0.0,0.036464203,0.0,0.0,Nov,1,2,1,3,Returning_Visitor,False,False
0.0,0.0,0.0,0.0,19.531496,552.36774,0.0,0.025828637,0.0,0.0,Nov,2,2,1,2,Returning_Visitor,False,False
2.0,46.538418,0.0,0.0,19.0,412.04218,0.0,0.009240685,0.0,0.0,Dec,1,2,1,2,New_Visitor,False,False
2.0,27.069677,0.0,0.0,13.0,418.30734,0.0,0.016988637,0.0,0.0,Nov,2,2,1,3,Returning_Visitor,False,False
3.0,36.57818,0.0,0.0,19.0,363.18216,0.0,0.011549906,0.0,0.0,Aug,2,2,1,2,Returning_Visitor,False,False
2.0,35.61191,0.0,0.0,21.0,327.58145,0.0,0.023809774,0.0,0.0,May,4,2,9,2,Returning_Visitor,False,False
0.0,0.0,0.0,0.0,22.0,415.81213,0.0,0.015694786,0.0,0.0,Nov,2,4,7,3,Returning_Visitor,False,False
0.0,0.0,0.0,0.0,28.54226,594.59705,0.012612749,0.02807095,0.0,0.0,Dec,3,2,6,2,Returning_Visitor,False,False
0.0,0.0,0.0,0.0,6.678593,86.49245,0.0,0.027313545,0.0,0.0,Dec,2,2,6,2,Returning_Visitor,False,False
2.0,39.761623,0.0,0.0,43.0,1569.66,0.0,0.014316728,0.0,0.0,Feb,2,2,3,2,Returning_Visitor,False,False
2.0,20.337606,0.0,0.0,26.0,420.20422,0.0,0.028996726,0.0,0.0,Dec,2,2,1,2,Returning_Visitor,False,False
2.0,33.28362,0.0,0.0,36.43752,1372.7137,0.021266008,0.037907407,0.0,0.0,Dec,3,2,1,1,Returning_Visitor,True,False
0.0,0.0,0.0,0.0,14.416203,179.48854,0.0,0.03998919,0.0,0.0,Aug,2,2,9,8,Returning_Visitor,False,False
0.0,0.0,0.0,0.0,18.0,532.76013,0.0,0.023801036,0.0,0.0,Dec,2,2,4,13,Returning_Visitor,False,False
0.0,0.0,0.0,0.0,11.34916,211.13846,0.0,0.04,0.0,0.0,Dec,2,2,1,1,Returning_Visitor,False,False
2.0,55.94812,0.0,0.0,40.869728,1215.3464,0.005195828,0.025014702,0.0,0.0,Nov,2,2,7,13,Returning_Visitor,False,False
0.0,0.0,0.0,0.0,30.0,610.7312,0.0034641817,0.023256496,0.0,0.0,Aug,4,1,2,8,Returning_Visitor,False,False
0.0,0.0,0.0,0.0,15.452083,374.89252,0.0,0.023917103,0.0,0.0,Aug,2,2,1,2,Returning_Visitor,False,False
0.0,0.0,0.0,0.0,20.0,396.21265,0.024437143,0.05,0.0,0.0,Dec,1,4,7,3,Returning_Visitor,False,False
2.0,71.431114,0.0,0.0,46.314365,2166.6094,0.011111111,0.033591352,0.0,0.0,Dec,2,4,1,13,Returning_Visitor,False,False
0.0,0.0,0.0,0.0,24.0,544.2583,0.0,0.018933637,0.0,0.0,Jul,2,2,1,13,Returning_Visitor,False,False
6.0,109.74497,1.0,0.0,40.717144,1533.3579,0.0,0.016666668,23.96304,0.0,Nov,2,2,4,2,Returning_Visitor,False,False
0.0,0.0,0.0,0.0,26.963627,476.26962,0.0070069847,0.029264752,0.0,0.8,May,2,2,1,1,Returning_Visitor,False,False
0.0,0.0,0.0,0.0,15.0,646.89355,0.0,0.009486313,0.0,0.0,Nov,3,2,1,2,Returning_Visitor,False,False
0.0,0.0,0.0,0.0,42.0,1188.1643,0.010537173,0.026118703,1.7741498,0.0,Dec,3,2,1,1,Returning_Visitor,False,False
3.0,48.8943,0.0,0.0,35.0,734.908,0.0,0.017368989,9.426659,0.0,Jul,2,2,1,2,Returning_Visitor,False,False
0.0,0.0,0.0,0.0,27.0,595.29626,0.0,0.011917072,12.757073,0.0,Dec,4,2,1,2,New_Visitor,False,False
1.0,11.384837,0.0,0.0,17.0,536.52216,0.0,0.025612231,0.0,0.0,Dec,2,2,9,2,Returning_Visitor,False,False
0.0,0.0,0.0,0.0,8.0,278.06418,0.0,0.024520764,0.0,0.0,Nov,2,4,4,2,Returning_Visitor,False,False
5.0,85.19626,0.0,0.0,41.0,1113.4484,0.004242016,0.015395189,22.736689,0.0,May,2,2,1,2,Returning_Visitor,False,True
3.0,72.42963,0.0,0.0,36.0,1523.7283,0.009090909,0.018177262,14.539849,0.0,Nov,4,2,1,13,Returning_Visitor,False,True
0.0,0.0,0.0,0.0,28.0,783.58356,0.0,0.027246037,0.0,0.0,Dec,2,2,1,9,Returning_Visitor,False,False
0.0,0.0,0.0,0.0,11.0,191.87631,0.0,0.026767766,0.0,0.0,Dec,2,2,3,8,Returning_Visitor,False,False
0.0,0.0,0.0,0.0,26.0,707.343,0.0,0.015465632,0.0,0.0,Nov,2,2,1,20,Returning_Visitor,False,False
0.0,0.0,0.0,0.0,30.0,669.8166,0.0,0.024930991,0.0,0.0,Aug,2,2,1,8,Returning_Visitor,False,False
2.0,64.32057,0.0,0.0,23.0,527.21106,0.0,0.011666754,0.0,0.0,Nov,2,2,4,2,Returning_Visitor,False,False
0.0,0.0,0.0,0.0,14.0,334.94687,0.027796065,0.0645798,0.0,0.0,Dec,1,2,4,1,Returning_Visitor,True,False
3.0,47.609715,0.0,0.0,10.794719,198.68224,0.0,0.012022135,0.0,0.0,Nov,2,2,4,2,Returning_Visitor,False,False
0.0,0.0,0.0,0.0,8.0,200.22517,0.0,0.037239976,0.0,0.0,Nov,2,2,4,2,Returning_Visitor,False,False
2.0,35.61533,0.0,0.0,24.0,672.66876,0.0,0.023016531,0.0,0.0,Dec,2,2,2,1,Returning_Visitor,False,False
0.0,0.0,0.0,0.0,16.0,392.49402,0.0,0.03188965,0.0,0.0,Aug,1,1,3,2,Returning_Visitor,False,False
0.0,0.0,0.0,0.0,31.0,799.08215,0.018872386,0.037746545,0.0,0.0,Aug,2,2,1,1,Returning_Visitor,False,False
3.0,45.95429,0.0,0.0,23.0,565.51733,0.0,0.019192634,0.0,0.0,Aug,2,2,1,2,Returning_Visitor,False,False
0.0,0.0,0.0,0.0,41.0,1248.797,0.0057016313,0.020865958,0.0,0.0,Nov,3,2,1,3,Returning_Visitor,False,False
0.0,0.0,0.0,0.0,11.0,196.23932,0.0,0.04,0.0,0.0,Nov,1,1,3,13,Returning_Visitor,False,False
0.0,0.0,0.0,0.0,20.0,519.9405,0.0,0.018750157,0.0,0.0,Nov,2,2,9,2,Returning_Visitor,False,False
2.0,68.34187,0.0,0.0,21.048283,582.5793,0.014942856,0.022222223,0.0,0.0,Nov,1,2,1,10,Returning_Visitor,False,False
0.0,0.0,0.0,0.0,26.0,670.43823,0.006848128,0.02145302,0.0,0.0,Nov,1,2,1,9,Returning_Visitor,False,False
0.0,0.0,0.0,0.0,12.0,503.0548,0.0,0.025508456,0.0,0.0,Dec,2,4,7,2,Returning_Visitor,False,False
0.0,0.0,0.0,0.0,23.163675,334.17297,0.0,0.027755741,0.0,0.0,Nov,2,2,1,2,Returning_Visitor,False,False
2.0,27.532856,0.0,0.0,40.925236,1360.0071,0.007692308,0.02050218,0.0,0.0,Dec,2,2,1,1,Returning_Visitor,False,False
0.0,0.0,0.0,0.0,8.0,187.61534,0.05,0.1,0.0,0.0,Dec,1,1,3,3,Returning_Visitor,False,False
0.0,0.0,0.0,0.0,29.992537,625.0424,0.0,0.023529349,0.0,0.0,Dec,2,2,1,3,Returning_Visitor,False,False
0.0,0.0,0.0,0.0,15.0,470.21365,0.028581273,0.06405727,0.0,0.0,Aug,2,2,1,2,Returning_Visitor,False,False
6.0,147.30725,0.0,0.0,43.0,1715.2087,0.005998683,0.016666668,12.547646,0.0,Dec,2,2,4,13,Returning_Visitor,False,True
0.0,0.0,0.0,0.0,38.567394,1032.4857,0.0,0.024363266,0.0,0.0,Dec,4,2,1,1,Returning_Visitor,False,False
0.0,0.0,0.0,0.0,17.0,479.12762,0.017989608,0.043149997,0.0,0.0,Dec,2,2,1,10,Returning_Visitor,False,False
0.0,0.0,0.0,0.0,18.0,309.1639,0.022210974,0.04554447,0.0,0.0,Dec,1,1,1,1,Returning_Visitor,False,False
0.0,0.0,0.0,0.0,20.0,613.4602,0.0,0.022197995,0.0,0.0,Nov,2,2,1,3,Returning_Visitor,False,False
0.0,0.0,0.0,0.0,11.0,255.42503,0.0,0.058368012,0.0,0.0,Sep,1,1,1,1,Returning_Visitor,False,False
0.0,0.0,0.0,0.0,24.0,718.12,0.0,0.032307748,0.0,0.0,Aug,2,4,1,1,Returning_Visitor,False,False
1.0,0.0,0.0,0.0,19.0,564.22375,0.0,0.017138965,0.0,0.0,Nov,4,2,1,3,Returning_Visitor,False,False
3.0,36.244507,0.0,0.0,20.0,317.08038,0.0,0.025,0.0,0.0,Nov,2,2,9,13,Returning_Visitor,False,False
2.0,52.56446,0.0,0.0,41.0,1307.0142,0.0,0.016666668,10.668964,0.0,Sep,1,1,1,13,Returning_Visitor,False,True
0.0,0.0,0.0,0.0,25.0,589.5698,0.0,0.026561908,0.0,0.0,Dec,3,2,1,2,Returning_Visitor,False,False
2.0,44.714058,0.0,0.0,42.0,1169.7745,0.004253654,0.025,0.0,0.0,Nov,2,2,1,2,Returning_Visitor,False,False
1.0,12.066221,0.0,0.0,39.14979,796.1005,0.0,0.010220547,0.0,0.0,Nov,2,2,3,13,Returning_Visitor,False,False
5.0,96.51976,0.0,0.0,45.0,1974.8895,0.0,0.016199062,0.0,0.0,Nov,2,2,4,2,Returning_Visitor,False,False
3.0,110.68245,0.0,0.0,20.39931,560.5442,0.0,0.022222223,0.0,0.0,Dec,1,1,1,2,Returning_Visitor,False,False
1.0,0.0,0.0,0.0,44.0,1605.0642,0.0076594786,0.02650524,0.0,0.0,Nov,1,2,1,2,Returning_Visitor,False,False
0.0,0.0,0.0,0.0,12.0,307.89478,0.0,0.024283526,0.0,0.0,Dec,2,2,3,9,Returning_Visitor,False,False
1.0,20.970556,0.0,0.0,45.175144,1258.6051,0.0023787331,0.020387743,0.0,0.0,Dec,2,2,6,1,Returning_Visitor,False,False
0.0,0.0,0.0,0.0,27.0,743.37286,0.0,0.009103534,0.0,0.0,Nov,2,2,1,2,Returning_Visitor,False,False
0.0,0.0,0.0,0.0,22.0,319.97995,0.006267951,0.036846697,0.0,0.0,Dec,2,2,1,2,Returning_Visitor,False,False
0.0,0.0,0.0,0.0,10.492094,410.77234,0.057946958,0.07145933,0.0,0.0,Mar,3,2,1,1,Returning_Visitor,False,False
0.0,0.0,0.0,0.0,26.0,539.6944,0.0,0.022222223,0.0,0.0,Aug,1,2,1,8,Returning_Visitor,False,False
2.0,14.050679,0.0,0.0,32.0,641.64764,0.0040047225,0.026268123,0.0,0.0,Dec,4,2,9,2,Returning_Visitor,False,False
4.0,76.87099,0.0,0.0,41.564278,1141.947,0.0019935917,0.017667122,0.0,0.0,Aug,2,2,7,2,Returning_Visitor,False,False
0.0,0.0,0.0,0.0,45.0,1100.929,0.0061289566,0.022222223,0.0,0.0,Nov,2,2,1,2,Returning_Visitor,False,False
0.0,0.0,0.0,0.0,13.0,591.3517,0.0,0.03818868,0.0,0.0,Nov,2,2,1,13,Returning_Visitor,False,False
0.0,0.0,0.0,0.0,22.0,659.28284,0.0,0.025096105,0.0,0.0,Nov,2,2,3,1,Returning_Visitor,False,False
3.0,71.37972,0.0,0.0,41.329834,1584.0304,0.012006094,0.027577005,0.0,0.0,Nov,1,1,4,2,Returning_Visitor,False,False
0.0,0.0,0.0,0.0,6.3419347,191.29454,0.0,0.05,0.0,0.0,May,2,2,7,1,Returning_Visitor,False,False
0.0,0.0,0.0,0.0,21.0,378.16696,0.0040548565,0.031238092,0.0,0.0,Nov,4,1,1,3,Returning_Visitor,True,False
0.0,0.0,0.0,0.0,24.0,619.42175,0.0,0.017594604,0.0,0.0,Dec,2,2,4,2,Returning_Visitor,False,True
0.0,0.0,0.0,0.0,16.0,355.15955,0.026461806,0.061732125,0.0,0.0,Aug,1,1,1,1,Returning_Visitor,False,False
0.0,0.0,0.0,0.0,24.0,324.0113,0.0023373635,0.028556934,0.0,0.0,Dec,2,2,1,1,Returning_Visitor,False,False
0.0,0.0,0.0,0.0,9.0,184.92207,0.0,0.037042134,0.0,0.0,Aug,2,2,3,2,Returning_Visitor,True,False
0.0,0.0,0.0,0.0,22.0,586.3025,0.0,0.020776717,0.0,0.0,Aug,1,2,1,2,Returning_Visitor,False,False
0.0,0.0,0.0,0.0,43.0,1296.9558,0.0,0.017535945,0.0,0.0,Dec,2,2,3,2,Returning_Visitor,False,False
3.0,38.959602,0.0,0.0,24.0,657.899,0.0,0.013449653,0.0,0.0,Nov,2,2,6,2,Returning_Visitor,False,False
0.0,0.0,0.0,0.0,16.0,299.66364,0.016666668,0.03998376,0.0,0.0,Dec,2,2,9,1,Returning_Visitor,False,False
0.0,0.0,0.0,0.0,25.0,696.601,0.016666668,0.04,0.0,0.0,Dec,2,2,7,8,Returning_Visitor,False,False
2.0,28.627024,0.0,0.0,20.0,337.9746,0.008518542,0.020718154,0.0,0.0,Nov,1,1,3,2,Returning_Visitor,False,False
3.0,54.05914,0.0,0.0,24.0,607.99164,0.004387739,0.024489326,0.0,0.0,Aug,2,4,1,1,Returning_Visitor,True,False
0.0,0.0,0.0,0.0,48.0,1064.7695,0.0043004462,0.01953547,0.0,0.0,Dec,2,2,1,2,Returning_Visitor,False,False
3.0,65.20073,0.0,0.0,16.0,620.3306,0.0,0.015335769,0.0,0.0,Dec,2,2,4,2,New_Visitor,False,False
0.0,0.0,0.0,0.0,22.0,661.8543,0.0096634375,0.03333333,0.0,0.0,Aug,2,2,1,2,Returning_Visitor,False,False
0.0,0.0,0.0,0.0,24.161818,573.7356,0.005628702,0.028841946,0.0,0.0,Dec,3,2,1,2,Returning_Visitor,False,False
0.0,0.0,0.0,0.0,12.0,207.17224,0.0,0.03333333,0.0,0.0,Jul,2,2,2,1,Returning_Visitor,False,False
0.0,0.0,0.0,0.0,31.0,658.2431,0.0,0.016666668,0.0,0.0,Dec,1,1,1,2,Returning_Visitor,False,False
0.0,0.0,0.0,0.0,30.0,853.9548,0.008947758,0.024731603,0.0,0.0,Nov,2,4,1,4,Returning_Visitor,False,False
3.0,80.77968,0.0,0.0,42.38931,1590.6938,0.0067545576,0.020276481,10.924218,0.0,Aug,1,4,1,13,Returning_Visitor,False,True
4.0,69.619965,0.0,0.0,29.281038,599.0814,0.0,0.018175354,0.0,0.0,Aug,1,1,1,2,Returning_Visitor,False,False
0.0,0.0,0.0,0.0,40.0,938.42126,0.0,0.018834062,10.397198,0.0,Dec,2,2,1,1,Returning_Visitor,False,False
0.0,0.0,0.0,0.0,25.0,1034.5862,0.022384876,0.04334289,0.0,0.0,Aug,2,2,1,1,Returning_Visitor,False,False
2.0,58.832104,0.0,0.0,20.0,704.7454,0.0,0.016666668,0.0,0.0,Dec,2,4,8,2,Returning_Visitor,False,False
3.0,33.7923,0.0,0.0,26.0,604.22015,0.0,0.016736181,0.0,0.0,Aug,2,2,1,2,Returning_Visitor,False,False
0.0,0.0,0.0,0.0,18.0,673.82214,0.0,0.022867648,0.0,0.0,Dec,2,2,1,2,Returning_Visitor,False,False
0.0,0.0,0.0,0.0,28.0,815.8694,0.014231866,0.037263867,0.0,0.0,Dec,4,2,1,3,Returning_Visitor,False,False
0.0,0.0,0.0,0.0,35.0,610.79443,0.0,0.015548192,0.0,0.0,Aug,2,2,1,2,Returning_Visitor,False,False
0.0,0.0,0.0,0.0,7.0,140.94814,0.0,0.046666633,0.0,0.0,Dec,1,1,9,1,Returning_Visitor,False,False
0.0,0.0,0.0,0.0,41.0,723.7765,0.0,0.016643954,0.0,0.0,Dec,4,2,9,2,Returning_Visitor,False,False
0.0,0.0,0.0,0.0,16.0,355.57916,0.0,0.036918964,0.0,0.0,Dec,2,2,1,10,Returning_Visitor,False,False
0.0,0.0,0.0,0.0,11.0,476.39133,0.03206236,0.056481138,0.0,0.0,Aug,2,2,7,2,Returning_Visitor,False,False
3.0,58.027058,0.0,0.0,22.0,652.8362,0.0,0.013554805,0.0,0.0,Nov,2,2,4,2,Returning_Visitor,False,False
0.0,0.0,0.0,0.0,45.0,1686.7937,0.0017443256,0.016666668,0.0,0.0,Nov,2,2,9,2,Returning_Visitor,False,False
0.0,0.0,0.0,0.0,16.0,343.01144,0.0,0.034051348,0.0,0.0,Dec,1,1,1,3,Returning_Visitor,False,False
4.0,85.7814,0.0,0.0,28.0,655.9594,0.008562135,0.023494842,0.0,0.0,Sep,2,8,1,2,Returning_Visitor,False,False
0.0,0.0,0.0,0.0,40.0,1035.7515,0.0,0.018152088,0.0,0.0,Sep,2,4,1,1,Returning_Visitor,False,True
0.0,0.0,0.0,0.0,26.0,629.00574,0.0,0.020024132,0.0,0.0,Dec,4,2,1,3,Returning_Visitor,False,False
3.0,47.042137,0.0,0.0,22.0,615.48645,0.0,0.013402029,0.0,0.0,Mar,2,2,1,13,Returning_Visitor,False,False
2.0,15.990273,0.0,0.0,21.0,431.41223,0.0,0.023018952,0.0,0.0,Mar,2,2,3,2,Returning_Visitor,False,False
3.0,57.304844,0.0,0.0,14.0,454.1224,0.0,0.02448212,0.0,0.0,Nov,2,2,2,2,Returning_Visitor,False,False
0.0,0.0,0.0,0.0,21.0,597.13,0.0,0.02182652,0.0,0.0,Dec,2,2,1,1,Returning_Visitor,False,False
0.0,0.0,0.0,0.0,24.0,566.90356,0.017708339,0.04488748,0.0,0.0,Jul,4,2,1,2,Returning_Visitor,False,False
2.0,27.254627,0.0,0.0,9.0,219.48758,0.0,0.0270883,0.0,0.0,Nov,2,4,4,1,Returning_Visitor,False,False
0.0,0.0,0.0,0.0,26.0,460.79987,0.0,0.03333333,0.0,0.0,Dec,2,2,1,3,Returning_Visitor,False,False
0.0,0.0,0.0,0.0,38.54373,961.3445,0.0,0.018181818,0.0,0.0,Nov,2,2,9,2,Returning_Visitor,False,False
3.0,45.448776,0.0,0.0,17.0,471.1028,0.0,0.015652975,0.0,0.0,Dec,2,2,1,2,Returning_Visitor,False,False
4.0,54.590897,0.0,0.0,25.0,625.1183,0.013651654,0.022690028,0.0,0.0,Nov,2,2,7,2,Returning_Visitor,False,False
0.0,0.0,0.0,0.0,16.0,533.4657,0.0,0.013448483,0.0,0.0,Dec,2,2,7,2,Returning_Visitor,False,False
6.0,140.50735,0.0,0.0,34.0,680.2842,0.0,0.011111111,0.0,0.0,Dec,1,2,1,2,New_Visitor,False,False
0.0,0.0,0.0,0.0,29.0,705.7517,0.0,0.017502109,0.0,0.0,Nov,2,2,1,2,Returning_Visitor,False,False
3.0,85.53461,0.0,0.0,45.0626,1526.5536,0.0,0.021437159,0.0,0.0,Jul,2,2,4,1,Returning_Visitor,False,False
0.0,0.0,0.0,0.0,24.0,714.605,0.0056719356,0.017824266,0.0,0.0,Dec,1,4,3,2,Returning_Visitor,False,False
4.0,84.76565,1.0,0.0,29.0,600.57184,0.015920913,0.02621888,10.89405,0.0,May,1,1,1,4,Returning_Visitor,False,True
0.0,0.0,0.0,0.0,10.0,457.61908,0.0,0.030729342,0.0,0.0,Nov,2,2,1,2,Returning_Visitor,False,False
0.0,0.0,0.0,0.0,28.0,472.651,0.0,0.023622414,0.0,0.0,Jul,2,2,1,3,Returning_Visitor,False,False
0.0,0.0,0.0,0.0,23.0,561.91284,0.0,0.022727167,0.0,0.0,Dec,2,2,9,2,Returning_Visitor,False,False
3.0,81.62735,0.0,0.0,16.0,332.12546,0.0,0.017440913,0.0,0.0,Aug,1,2,1,2,Returning_Visitor,False,False
0.0,0.0,0.0,0.0,20.0,450.86264,0.0,0.029647633,0.0,0.0,Nov,4,1,1,3,Returning_Visitor,False,False
0.0,0.0,0.0,0.0,16.0,454.9892,0.0,0.034633286,0.0,0.0,Dec,4,4,1,2,Returning_Visitor,False,False
2.0,32.914593,0.0,0.0,19.0,441.87988,0.0,0.033947878,0.0,0.0,Dec,2,2,1,1,Returning_Visitor,False,False
3.0,65.871376,0.0,0.0,44.607365,1871.6046,0.0074172784,0.024999617,0.0,0.0,Dec,1,1,7,2,Returning_Visitor,False,False
0.0,0.0,0.0,0.0,11.0,275.82236,0.0,0.035628643,0.0,0.0,Nov,4,2,2,2,Returning_Visitor,False,False
0.0,0.0,0.0,0.0,26.0,803.3985,0.014068718,0.036229882,0.0,0.0,Nov,2,2,1,1,Returning_Visitor,False,False
4.0,79.42164,0.0,0.0,42.0,1083.4832,0.0004496083,0.018576007,0.0,0.0,Sep,2,2,4,13,Returning_Visitor,False,False
4.0,64.4889,0.0,0.0,78.27137,2700.3708,0.0,0.015341576,0.0,0.0,Nov,2,2,1,1,Returning_Visitor,False,False
4.0,75.48948,0.0,0.0,23.0,666.7507,0.0,0.01,0.0,0.0,Nov,2,2,4,2,Returning_Visitor,False,False
0.0,0.0,0.0,0.0,14.0,576.22034,0.0,0.018181818,0.0,0.0,Nov,1,2,1,8,Returning_Visitor,False,False
0.0,0.0,0.0,0.0,27.393112,645.97064,0.0,0.011525472,0.0,0.0,Aug,2,2,2,1,Returning_Visitor,False,False
0.0,0.0,0.0,0.0,29.564371,723.27026,0.0,0.014883155,0.0,0.0,Dec,2,2,1,1,Returning_Visitor,False,False
6.0,129.8627,0.0,0.0,23.0,667.474,0.002486285,0.018691,0.0,0.0,Dec,4,2,1,8,Returning_Visitor,False,False
0.0,0.0,0.0,0.0,16.0,745.8199,0.0,0.03747954,0.0,0.0,Dec,2,2,4,1,Returning_Visitor,False,False
0.47342318,0.0,0.0,0.0,30.0,515.99445,0.0,0.016666668,0.0,0.0,Aug,2,2,1,1,Returning_Visitor,False,False
0.0,0.0,0.0,0.0,22.0,608.9219,0.02,0.030839596,0.0,0.0,Nov,4,2,1,1,Returning_Visitor,False,False
2.0,35.999737,0.0,0.0,19.0,545.75543,0.0,0.016666668,0.0,0.0,Nov,3,2,1,2,Returning_Visitor,False,False
0.0,0.0,0.0,0.0,14.0,453.9275,0.0,0.032898497,0.0,0.0,Nov,2,2,1,13,Returning_Visitor,False,False
4.0,139.94226,0.0,0.0,39.0,1655.58,0.010253542,0.025,0.0,0.0,Dec,3,2,3,2,Returning_Visitor,False,False
1.0,11.554817,0.0,0.0,25.0,559.39624,0.004429836,0.025,0.0,0.0,Aug,4,2,1,3,Returning_Visitor,False,False
0.0,0.0,0.0,0.0,31.123714,627.08655,0.0,0.016666668,0.0,0.0,Dec,2,2,4,1,Returning_Visitor,False,False
0.0,0.0,0.0,0.0,6.0,425.80365,0.0,0.04,0.0,0.0,Dec,2,4,1,1,Returning_Visitor,False,False
0.0,0.0,0.0,0.0,2.0,0.0,0.2,0.2,0.0,0.0,Nov,2,2,1,3,Returning_Visitor,False,False
5.0,120.653915,0.0,0.0,37.0,818.0021,0.0066355234,0.017055618,0.0,0.0,Nov,1,2,3,2,Returning_Visitor,False,False
0.0,0.0,0.0,0.0,8.0,181.07501,0.0,0.025888458,0.0,0.0,Mar,1,2,1,3,Returning_Visitor,False,False
0.0,0.0,0.0,0.0,16.0,324.68918,0.0,0.03579608,0.0,0.0,Nov,1,1,1,1,Returning_Visitor,False,False
0.0,0.0,0.0,0.0,16.0,269.96057,0.0,0.02548937,0.0,0.0,Aug,2,2,7,1,Returning_Visitor,False,False
0.0,0.0,0.0,0.0,36.07506,1543.2653,0.009090909,0.023529148,0.0,0.0,Jul,2,2,1,2,Returning_Visitor,False,False
0.0,0.0,0.0,0.0,14.0,295.18826,0.0,0.018168567,0.0,0.0,Dec,1,2,1,4,Returning_Visitor,False,False
0.0,0.0,0.0,0.0,21.0,649.5882,0.016654102,0.03226029,0.0,0.0,Aug,3,2,7,1,Returning_Visitor,False,False
3.7185407,51.868393,0.0,0.0,24.0,819.87836,0.0,0.018207079,0.0,0.0,Aug,2,2,1,3,Returning_Visitor,False,False
0.0,0.0,0.0,0.0,46.0,1450.9419,0.0,0.020594899,0.0,0.0,Dec,2,2,1,1,Returning_Visitor,False,False
0.0,0.0,0.0,0.0,26.0,813.4856,0.0,0.017721733,0.0,0.0,Nov,4,2,4,2,Returning_Visitor,False,False
2.0,78.414246,0.0,0.0,15.409065,515.0998,0.0,0.010384492,0.0,0.0,Dec,1,2,1,2,Returning_Visitor,False,False
0.0,0.0,0.0,0.0,36.73781,847.7832,0.0048850253,0.017452538,0.0,0.0,Aug,1,2,1,2,Returning_Visitor,False,False
4.0,84.046,0.0,0.0,30.0,1344.1409,0.0,0.018246368,0.0,0.0,Nov,2,2,1,2,Returning_Visitor,False,False
0.0,0.0,0.0,0.0,2.0,0.0,0.2,0.2,0.0,0.0,Jul,2,2,6,3,Returning_Visitor,False,False
0.0,0.0,0.0,0.0,20.0,444.40036,0.0,0.029739738,0.0,0.0,Nov,2,2,1,1,Returning_Visitor,False,False
0.0,0.0,0.0,0.0,16.0,693.3726,0.0,0.02553141,0.0,0.0,Dec,2,2,4,2,Returning_Visitor,False,False
0.0,0.0,0.0,0.0,31.423464,725.04755,0.0,0.013419396,0.0,0.0,Jul,2,2,4,13,Returning_Visitor,False,False
0.0,0.0,0.0,0.0,29.0,798.23126,0.0,0.018760247,0.0,0.0,Jul,2,2,3,2,Returning_Visitor,False,False
0.0,0.0,0.0,0.0,17.821938,695.58875,0.0,0.016881784,0.0,0.0,Nov,1,1,3,20,Returning_Visitor,False,False
0.0,0.0,0.0,0.0,45.0,1388.786,0.0,0.017269116,0.0,0.0,Nov,2,2,1,2,Returning_Visitor,False,False
0.0,0.0,0.0,0.0,25.0,726.2335,0.004796292,0.025113374,0.0,0.0,Aug,1,2,1,13,Returning_Visitor,False,False
0.0,0.0,0.0,0.0,19.0,455.65555,0.0,0.03333333,0.0,0.0,Dec,2,2,9,1,Returning_Visitor,False,False
0.0,0.0,0.0,0.0,33.0,1079.1196,0.0,0.027643606,0.0,0.0,Dec,2,2,9,1,Returning_Visitor,False,False
3.0,40.23701,0.0,0.0,42.0,1591.4755,0.0,0.011437303,0.0,0.0,Dec,2,2,1,1,Returning_Visitor,False,False
5.0,136.48766,0.0,0.0,13.0,571.08167,0.0,0.012590311,0.0,0.0,Nov,4,1,1,2,Returning_Visitor,False,False
0.0,0.0,0.0,0.0,15.0,382.83524,0.028268293,0.044339553,0.0,0.0,Dec,1,1,1,13,Returning_Visitor,False,False
0.0,0.0,0.0,0.0,11.0,340.61865,0.0,0.03333333,0.0,0.0,Aug,2,5,1,1,Returning_Visitor,False,False
0.0,0.0,0.0,0.0,10.0,630.5199,0.0,0.025,0.0,0.0,Nov,2,2,3,2,Returning_Visitor,False,False
0.0,0.0,0.0,0.0,13.0,209.63857,0.0125,0.05315524,0.0,0.0,Aug,2,4,1,3,Returning_Visitor,False,False
0.0,0.0,0.0,0.0,10.150876,837.2118,0.0,0.027249545,0.0,0.0,Dec,2,2,4,2,Returning_Visitor,False,False
0.0,0.0,0.0,0.0,19.0,539.861,0.015886834,0.03400076,0.0,0.0,Dec,3,2,7,1,Returning_Visitor,False,False
3.0,56.300938,0.0,0.0,27.0,646.68524,0.00504903,0.027255291,0.0,0.0,Dec,2,2,1,2,Returning_Visitor,False,False
0.0,0.0,0.0,0.0,29.0,1091.9598,0.004265006,0.02016387,0.0,0.0,Dec,2,2,6,8,Returning_Visitor,False,False
0.0,0.0,0.0,0.0,30.0,915.67456,0.0,0.0140620945,0.0,0.0,Mar,4,4,1,2,Returning_Visitor,False,True
0.0,0.0,0.0,0.0,26.0,773.4598,0.016344903,0.035858866,0.0,0.0,May,2,2,6,1,Returning_Visitor,False,False
2.0,38.206512,0.0,0.0,25.0,578.05994,0.0,0.011679546,0.0,0.0,Aug,2,2,1,2,Returning_Visitor,False,True
4.0,53.90032,0.0,0.0,38.0,762.48956,0.0,0.016666668,20.777813,0.0,Nov,2,2,7,2,Returning_Visitor,False,True
0.0,0.0,0.0,0.0,11.0,219.86678,0.007976458,0.04523278,0.0,0.0,Nov,2,2,1,1,Returning_Visitor,False,False
0.0,0.0,0.0,0.0,13.186434,398.0805,0.025,0.05,0.0,0.0,Nov,2,2,1,1,Returning_Visitor,False,False
0.0,0.0,0.0,0.0,20.0,654.57007,0.0,0.02168419,0.0,0.0,Nov,2,4,7,20,Returning_Visitor,False,False
0.0,0.0,0.0,0.0,14.0,255.32063,0.0,0.021797933,0.0,0.0,Dec,1,1,9,2,Returning_Visitor,False,False
0.0,0.0,0.0,0.0,18.0,291.35797,0.022222223,0.035521884,0.0,0.0,Dec,4,2,1,9,Returning_Visitor,False,False
4.0,56.321335,0.0,0.0,32.0,719.4765,0.0,0.01651915,0.0,0.0,Nov,2,2,1,13,Returning_Visitor,False,False
0.0,0.0,0.0,0.0,20.0,815.7561,0.0,0.019032884,0.0,0.0,Dec,4,2,1,2,Returning_Visitor,False,False
0.0,0.0,0.0,0.0,27.0,1170.4851,0.022222223,0.035049483,0.0,0.0,Nov,3,2,4,3,Returning_Visitor,False,False
0.0,0.0,0.0,0.0,10.0,180.17416,0.04084534,0.06666667,0.0,0.0,Dec,1,1,8,3,Returning_Visitor,False,False
4.0,143.71033,0.0,0.0,29.0,903.73364,0.0,0.013867067,0.0,0.0,Dec,1,1,1,2,Returning_Visitor,False,False
0.0,0.0,0.0,0.0,30.0,1174.2162,0.008162139,0.027218232,0.0,0.0,Dec,2,2,6,3,Returning_Visitor,False,False
0.0,0.0,0.0,0.0,26.0,678.64734,0.0,0.031162973,0.0,0.0,Dec,2,2,1,1,Returning_Visitor,False,False
5.0,116.22193,0.0,0.0,27.0,593.40814,0.010089839,0.024088096,0.0,0.0,Sep,3,2,1,1,Returning_Visitor,False,False
2.0,65.453766,0.0,0.0,24.0,449.98126,0.0,0.011099067,0.0,0.0,Dec,1,1,7,8,New_Visitor,False,False
0.0,0.0,0.0,0.0,11.0,255.69315,0.015384615,0.05,0.0,0.0,Dec,2,2,9,3,Returning_Visitor,True,False
0.0,0.0,0.0,0.0,19.0,477.7652,0.011146646,0.03444234,0.0,0.0,Dec,2,2,2,2,Returning_Visitor,False,False
1.0,0.0,0.0,0.0,16.0,473.3999,0.0,0.023046842,0.0,0.0,Dec,2,2,4,3,Returning_Visitor,False,False
2.0,21.993765,0.0,0.0,13.0,242.44908,0.0,0.0363676,0.0,0.0,May,2,4,4,9,Returning_Visitor,False,False
3.0,47.40175,0.0,0.0,26.0,585.0426,0.0,0.022222223,0.0,0.0,Dec,2,2,2,1,Returning_Visitor,False,True
0.0,0.0,0.0,0.0,33.0,1054.2279,0.028571429,0.05,0.0,0.0,Dec,2,2,1,1,Returning_Visitor,False,False
0.0,0.0,0.0,0.0,39.64712,1236.8701,0.011975137,0.026728692,0.0,0.0,Dec,1,1,4,1,Returning_Visitor,False,False
3.0,45.27977,0.0,0.0,25.0,682.688,0.0,0.023536414,0.0,0.0,Dec,4,1,2,3,Returning_Visitor,False,False
3.0,63.32982,0.0,0.0,33.119183,974.7003,0.0,0.011983371,0.0,0.0,Aug,2,2,1,2,Returning_Visitor,False,False
4.0,99.65007,0.0,0.0,36.0,1782.8647,0.0029984503,0.021156933,10.450893,0.0,Dec,4,1,1,1,Returning_Visitor,False,True
0.0,0.0,0.0,0.0,26.0,636.02094,0.0,0.01809626,0.0,0.0,Aug,2,2,1,2,Returning_Visitor,False,False
0.0,0.0,0.0,0.0,25.0,500.84616,0.008146491,0.03247964,0.0,0.0,Sep,2,2,7,2,Returning_Visitor,False,False
3.0,126.028755,0.0,0.0,23.0,588.45337,0.0,0.011111111,0.0,0.0,Mar,1,4,4,2,Returning_Visitor,False,False
0.0,0.0,0.0,0.0,26.0,719.9103,0.0,0.02,0.0,0.0,Nov,2,4,1,1,Returning_Visitor,False,False
0.0,0.0,0.0,0.0,22.786484,546.06195,0.0031425538,0.034840055,0.0,0.0,Nov,1,1,1,13,Returning_Visitor,False,False
0.0,0.0,0.0,0.0,26.0,576.8102,0.0,0.01992633,0.0,0.0,Dec,2,12,1,3,Returning_Visitor,False,False
4.0,76.416794,0.0,0.0,27.0,618.9626,0.014491678,0.030063279,0.0,0.0,Nov,2,2,1,3,Returning_Visitor,False,False
0.0,0.0,0.0,0.0,40.0,896.6831,0.008115058,0.028490555,0.0,0.0,Dec,2,2,3,2,Returning_Visitor,False,False
3.0,37.41993,0.0,0.0,18.0,611.57367,0.0,0.016248994,0.0,0.0,Aug,2,2,1,2,Returning_Visitor,False,False
0.0,0.0,0.0,0.0,23.0,510.46432,0.0,0.03333333,0.0,0.0,Dec,1,2,9,1,Returning_Visitor,False,False
0.0,0.0,0.0,0.0,13.0,197.92253,0.0,0.016666668,0.0,0.0,Nov,4,2,1,2,Returning_Visitor,False,False
0.0,0.0,0.0,0.0,16.0,764.4504,0.05,0.070229314,0.0,0.0,Aug,3,2,1,3,Returning_Visitor,False,False
2.0,35.187424,0.0,0.0,54.473873,2195.0784,0.0,0.011745988,0.0,0.0,Jul,2,2,1,13,Returning_Visitor,False,False
5.846713,171.60036,0.0,0.0,57.898808,2226.782,0.0048087607,0.015741955,0.0,0.0,Nov,2,2,1,1,Returning_Visitor,False,False
3.0,53.10897,0.0,0.0,27.0,615.0228,0.0,0.009529231,0.0,0.0,Nov,2,4,1,2,Returning_Visitor,False,False
3.0,53.183315,0.0,0.0,28.0,935.6496,0.008277142,0.02331919,0.0,0.0,May,3,2,1,13,Returning_Visitor,False,False
0.0,0.0,0.0,0.0,14.0,290.4615,0.0,0.027262341,0.0,0.0,Nov,2,2,4,2,Returning_Visitor,False,False
5.0,67.31996,0.0,0.0,30.046177,950.085,0.0125,0.03539704,0.0,0.0,Nov,2,2,1,2,Returning_Visitor,False,False
0.0,0.0,0.0,0.0,32.6836,853.8595,0.00900002,0.028942775,0.0,0.0,Dec,2,2,7,3,Returning_Visitor,False,False
0.0,0.0,0.0,0.0,27.0,654.6378,0.0,0.010654401,0.0,0.0,Aug,2,2,1,2,Returning_Visitor,False,False
0.0,0.0,0.0,0.0,20.0,309.47855,0.005041988,0.031232627,0.0,0.0,Aug,2,2,8,1,Returning_Visitor,False,False
0.0,0.0,0.0,0.0,18.983135,797.0523,0.013223285,0.03740801,0.0,0.0,Nov,2,2,9,3,Returning_Visitor,False,False
1.0,0.0,0.0,0.0,29.0,740.9117,0.010004629,0.026300885,0.0,0.0,Sep,2,2,6,1,Returning_Visitor,False,False
0.0,0.0,0.0,0.0,15.0,654.5643,0.0,0.01882334,0.0,0.0,Aug,2,2,1,1,Returning_Visitor,False,False
0.0,0.0,0.0,0.0,16.0,450.0544,0.0,0.03252739,0.0,0.0,Dec,2,2,1,1,Returning_Visitor,False,False
3.0,52.44072,0.0,0.0,27.0,1047.5009,0.0,0.017199518,0.0,0.0,Nov,2,2,1,13,Returning_Visitor,False,False
3.0,87.9684,2.0,0.0,60.727863,2644.5068,0.010002387,0.02755657,6.49921,0.0,Dec,1,1,1,1,Returning_Visitor,False,True
0.0,0.0,0.0,0.0,14.0,278.55978,0.0,0.01916713,0.0,0.0,Aug,2,2,6,2,Returning_Visitor,False,False
0.0,0.0,0.0,0.0,29.0,584.82855,0.0,0.024409745,0.0,0.0,Dec,4,1,1,14,Returning_Visitor,False,False
0.0,0.0,0.0,0.0,25.0,587.01324,0.0,0.009090909,0.0,0.0,Aug,2,2,6,8,Returning_Visitor,False,True
0.0,0.0,0.0,0.0,13.0,644.14166,0.0,0.02696063,0.0,0.0,Dec,1,2,4,3,Returning_Visitor,False,False
0.0,0.0,0.0,0.0,20.0,668.9503,0.0,0.02392855,0.0,0.0,Aug,2,2,1,2,Returning_Visitor,False,False
0.0,0.0,0.0,0.0,21.0,401.29507,0.018320361,0.04,0.0,0.0,Aug,2,2,1,13,Returning_Visitor,True,False
0.0,0.0,0.0,0.0,24.0,451.77002,0.0050935354,0.034598883,0.0,0.0,Dec,2,2,1,1,Returning_Visitor,False,False
3.0,54.976654,0.0,0.0,20.0,626.89636,0.0,0.011874151,0.0,0.0,Dec,2,2,2,2,Returning_Visitor,False,False
0.0,0.0,0.0,0.0,18.0,699.7048,0.0,0.020875614,0.0,0.0,Aug,2,2,9,1,Returning_Visitor,False,False
3.0,44.22155,0.0,0.0,25.0,607.39825,0.0,0.028571429,0.0,0.0,Aug,2,2,4,2,Returning_Visitor,False,False
2.5564,68.470375,0.0,0.0,16.625675,306.8203,0.0,0.022159513,0.0,0.0,Dec,1,4,7,1,Returning_Visitor,False,False
0.0,0.0,0.0,0.0,22.281298,649.4278,0.0125,0.031232653,0.0,0.0,Nov,2,4,7,13,Returning_Visitor,False,False
4.0,89.589516,0.0,0.0,44.0,1259.5011,0.0057071256,0.020031516,11.858015,0.0,May,2,2,1,2,Returning_Visitor,False,False
0.0,0.0,0.0,0.0,20.0,534.78906,0.0142186135,0.028571429,0.0,0.0,Nov,1,2,1,3,Returning_Visitor,False,False
2.0,33.058247,0.0,0.0,28.0,782.4,0.0,0.018509744,0.0,0.0,Nov,2,2,1,2,Returning_Visitor,False,False
2.0,56.7029,0.0,0.0,71.48329,2527.9023,0.0036930873,0.018371528,0.0,0.0,Dec,2,2,1,8,Returning_Visitor,False,False
2.0,23.199451,0.0,0.0,18.0,463.35745,0.0,0.016620815,0.0,0.0,Sep,2,4,4,1,Returning_Visitor,False,False
0.0,0.0,0.0,0.0,25.0,732.1274,0.0,0.025,0.0,0.0,Aug,2,2,1,2,Returning_Visitor,False,False
3.0,39.148052,0.0,0.0,19.0,563.3002,0.0,0.023011165,0.0,0.0,Nov,2,2,1,2,Returning_Visitor,True,False
0.0,0.0,0.0,0.0,31.0,683.8248,0.013215068,0.03333333,0.0,0.0,Dec,2,2,2,1,Returning_Visitor,False,False
0.0,0.0,0.0,0.0,10.0,170.29218,0.0,0.06453955,0.0,0.0,May,2,4,7,3,Returning_Visitor,False,False
3.0,41.136517,0.0,0.0,28.0,786.3255,0.014279864,0.028571429,0.0,0.0,Nov,3,2,6,13,Returning_Visitor,False,False
0.0,0.0,0.0,0.0,20.0,633.71564,0.0,0.029549934,0.0,0.0,Nov,2,2,1,1,Returning_Visitor,False,False
0.0,0.0,0.0,0.0,36.0,746.95575,0.0,0.02346438,0.0,0.0,Dec,2,2,1,1,Returning_Visitor,False,False
0.0,0.0,0.0,0.0,20.0,495.5173,0.0071615917,0.045559008,0.0,0.0,Dec,2,4,1,1,Returning_Visitor,False,False
0.0,0.0,0.0,0.0,22.0,685.3922,0.0,0.029695574,0.0,0.0,Dec,2,2,1,9,Returning_Visitor,False,False
3.0,34.246136,0.0,0.0,28.0,832.6916,0.0,0.017447181,0.0,0.0,Aug,2,2,7,1,Returning_Visitor,False,False
3.0,52.619675,0.0,0.0,26.813776,762.08936,0.0,0.012115382,0.0,0.0,Aug,2,2,6,2,Returning_Visitor,False,False
0.0,0.0,0.0,0.0,24.0,715.19836,0.0,0.027540598,0.0,0.0,Nov,4,4,1,13,Returning_Visitor,False,False
0.0,0.0,0.0,0.0,62.50157,1923.6538,0.014285714,0.036842216,0.0,0.0,Jul,2,2,3,13,Returning_Visitor,False,False
2.0,41.291225,0.0,0.0,19.0,716.3783,0.0,0.0155712245,0.0,0.0,Nov,2,2,1,2,Returning_Visitor,False,False
6.0,136.98363,1.0,0.0,60.608982,2152.1782,0.005570801,0.025852157,0.0,0.0,Nov,2,1,1,19,Returning_Visitor,False,False
0.0,0.0,0.0,0.0,22.0,445.98523,0.0,0.023043012,0.0,0.0,May,3,2,1,2,Returning_Visitor,False,False
3.0,93.14219,0.0,0.0,32.0,737.1603,0.011727584,0.04,0.0,0.0,Dec,2,4,7,1,Returning_Visitor,False,False
4.0,62.791016,0.0,0.0,72.56591,2011.4863,0.007320636,0.018250437,0.0,0.0,Aug,2,2,1,1,Returning_Visitor,False,False
4.0,86.86056,0.0,0.0,37.465855,1162.2349,0.0,0.015995162,0.0,0.0,Aug,2,2,1,13,Returning_Visitor,False,False
0.0,0.0,0.0,0.0,22.0,761.01447,0.021706915,0.03955181,0.0,0.0,Jul,1,2,1,3,Returning_Visitor,True,False
0.0,0.0,0.0,0.0,23.0,697.7461,0.019943986,0.05,0.0,0.0,Nov,2,2,1,13,Returning_Visitor,False,False
0.0,0.0,0.0,0.0,17.0,297.12323,0.0,0.028564328,0.0,0.0,Dec,2,2,1,2,Returning_Visitor,False,False
0.0,0.0,0.0,0.0,41.157173,790.02795,0.0,0.017299082,0.0,0.0,Aug,2,2,1,2,Returning_Visitor,False,False
0.0,0.0,0.0,0.0,27.0,1392.1711,0.0,0.025,0.0,0.0,Nov,2,2,1,3,Returning_Visitor,False,False
0.0,0.0,0.0,0.0,29.0,760.223,0.0,0.021781579,0.0,0.0,Nov,2,2,8,2,Returning_Visitor,False,False
1.0,14.863871,0.0,0.0,32.55895,1353.9537,0.00689405,0.022148674,19.62131,0.0,Dec,2,2,1,13,Returning_Visitor,False,False
0.0,0.0,0.0,0.0,29.0,628.56744,0.0,0.01789976,0.0,0.0,Nov,2,2,1,2,Returning_Visitor,False,False
2.0,62.29945,0.0,0.0,14.0,358.99142,0.024741707,0.054923117,0.0,0.0,Dec,3,1,9,1,Returning_Visitor,False,False
0.0,0.0,0.0,0.0,7.0,181.85286,0.0,0.05,0.0,0.0,Nov,2,4,1,1,Returning_Visitor,False,False
7.0,168.5548,0.0,0.0,53.0,2157.2026,0.0048584184,0.01815967,7.356728,0.0,Dec,2,2,1,2,Returning_Visitor,False,False
0.0,0.0,0.0,0.0,9.0,289.93127,0.0,0.0367523,0.0,0.0,Nov,4,2,8,2,Returning_Visitor,False,False
0.0,0.0,0.0,0.0,26.0,469.24347,0.015572877,0.044472232,0.0,0.0,Dec,4,2,1,1,Returning_Visitor,False,False
3.0,47.05658,0.0,0.0,19.0,465.229,0.0,0.017848896,0.0,0.0,Nov,2,2,1,13,Returning_Visitor,False,False
1.0,0.0,0.0,0.0,30.0,910.3013,0.0,0.018451488,0.0,0.0,Aug,2,2,1,4,Returning_Visitor,False,False
0.0,0.0,0.0,0.0,10.106342,354.70898,0.0,0.035209343,0.0,0.0,Nov,2,2,2,2,Returning_Visitor,False,False
0.0,0.0,0.0,0.0,20.290018,482.78223,0.0055690776,0.032296922,0.0,0.0,Dec,2,2,1,1,Returning_Visitor,False,False
0.0,0.0,0.0,0.0,42.0,1282.6786,0.0051153875,0.019022182,0.0,0.0,Aug,4,4,4,2,Returning_Visitor,False,False
0.0,0.0,0.0,0.0,24.560738,595.7219,0.009506771,0.031469516,0.0,0.0,Sep,7,2,1,1,Returning_Visitor,False,False
0.0,0.0,0.0,0.0,24.0,546.12164,0.0,0.01949319,0.0,0.0,Aug,1,1,1,3,Returning_Visitor,False,False
0.0,0.0,0.0,0.0,18.0,527.9751,0.0,0.03333333,0.0,0.0,Dec,2,2,4,1,Returning_Visitor,False,False
3.0,62.637173,0.0,0.0,24.0,589.38245,0.0,0.016240606,0.0,0.0,Aug,2,4,1,1,Returning_Visitor,False,False
0.0,0.0,0.0,0.0,33.0,655.6837,0.0050826524,0.028007189,0.0,0.0,Dec,4,2,1,1,Returning_Visitor,False,False
0.0,0.0,0.0,0.0,16.0,585.0719,0.0,0.023527052,0.0,0.0,Aug,1,2,4,2,Returning_Visitor,False,False
0.0,0.0,0.0,0.0,26.0,1247.2703,0.0,0.013333333,0.0,0.0,Dec,2,2,1,2,Returning_Visitor,False,False
3.0,52.398304,0.0,0.0,44.0,1777.832,0.008576678,0.032728776,0.0,0.0,Dec,2,2,3,2,Returning_Visitor,False,False
2.0,36.886253,0.0,0.0,22.0,467.6906,0.0,0.01559939,0.0,0.0,Nov,2,2,9,13,New_Visitor,False,False
2.0,49.021538,0.0,0.0,16.0,706.9274,0.0,0.018154163,0.0,0.0,Aug,2,4,1,3,Returning_Visitor,False,False
0.0,0.0,0.0,0.0,18.0,491.10052,0.0,0.02993672,0.0,0.0,Aug,1,1,1,2,Returning_Visitor,False,False
0.0,0.0,0.0,0.0,13.0,333.95752,0.022222223,0.05,0.0,0.0,Nov,4,2,3,2,Returning_Visitor,False,False
3.0,74.74243,0.0,0.0,24.0,447.48676,0.0,0.01902112,0.0,0.0,Dec,1,1,7,2,Returning_Visitor,False,False
6.0,108.78976,3.0,103.773056,56.990376,3025.6826,0.0,0.009566828,6.6223,0.0,Jul,2,2,4,2,Returning_Visitor,False,False
2.0,40.20597,0.0,0.0,43.010174,1941.1248,0.005982454,0.015256342,0.0,0.0,Nov,2,2,1,2,Returning_Visitor,False,False
0.0,0.0,0.0,0.0,31.0,728.01697,0.0,0.022651855,0.0,0.0,Aug,2,2,4,2,Returning_Visitor,False,False
0.0,0.0,0.0,0.0,15.0,306.015,0.0,0.02018916,0.0,0.0,Mar,2,2,2,3,Returning_Visitor,False,False
0.0,0.0,0.0,0.0,37.77418,776.9087,0.0,0.014039434,0.0,0.0,Aug,1,1,1,3,Returning_Visitor,False,False
1.0,36.117687,0.0,0.0,22.0,510.18185,0.0,0.0148838395,0.0,0.0,Nov,3,2,4,2,Returning_Visitor,False,False
0.0,0.0,0.0,0.0,23.0,418.47772,0.015384615,0.04,0.0,0.0,Dec,4,2,1,1,Returning_Visitor,False,False
0.0,0.0,0.0,0.0,25.0,391.65613,0.0,0.026364146,0.0,0.0,Aug,2,2,7,2,Returning_Visitor,False,False
0.0,0.0,0.0,0.0,68.29461,2005.0713,0.0049834177,0.020971041,7.75442,0.0,Nov,2,2,1,3,Returning_Visitor,False,False
0.0,0.0,0.0,0.0,25.0,585.14105,0.013987625,0.03333333,0.0,0.0,Dec,1,2,1,2,Returning_Visitor,False,False
0.0,0.0,0.0,0.0,16.0,340.54648,0.022240337,0.04,0.0,0.0,Nov,3,2,1,2,Returning_Visitor,False,False
2.0,54.385563,0.0,0.0,59.965405,1903.3107,0.0045739464,0.018174583,0.0,0.0,Aug,2,2,7,2,Returning_Visitor,False,False
0.0,0.0,0.0,0.0,11.0,245.73843,0.0,0.028571429,0.0,0.0,Dec,2,2,9,1,Returning_Visitor,False,False
0.0,0.0,0.0,0.0,28.0,868.67883,0.006269967,0.02506345,0.0,0.0,Nov,2,4,6,2,Returning_Visitor,False,False
0.0,0.0,0.0,0.0,45.719707,1573.9248,0.0116658835,0.027069718,0.0,0.0,Nov,2,2,7,15,Returning_Visitor,False,False
0.0,0.0,0.0,0.0,20.0,417.72537,0.0,0.02775961,0.0,0.0,Aug,2,4,3,19,Returning_Visitor,False,False
3.0,74.611206,0.0,0.0,43.259396,820.6046,0.0032892781,0.015701871,0.0,0.0,Dec,2,2,1,2,Returning_Visitor,False,False
0.0,0.0,0.0,0.0,24.0,681.6295,0.0,0.023744408,0.0,0.0,Nov,1,1,1,10,Returning_Visitor,False,False
2.0,32.505493,0.0,0.0,43.533073,1639.7266,0.0,0.016810602,0.0,0.0,Dec,2,2,7,1,Returning_Visitor,False,False
0.0,0.0,0.0,0.0,35.0,993.98157,0.0,0.009226972,25.315865,0.0,Nov,2,2,7,2,Returning_Visitor,False,True
1.0,0.0,0.0,0.0,20.0,719.76434,0.0,0.021444555,0.0,0.0,Nov,2,2,1,1,Returning_Visitor,False,False
0.0,0.0,0.0,0.0,21.0,351.01526,0.0,0.028561493,0.0,0.0,Dec,2,2,4,1,Returning_Visitor,False,False
5.0,111.553856,0.0,0.0,42.052567,1121.408,0.011077488,0.025,0.0,0.0,Aug,2,2,1,2,Returning_Visitor,False,False
4.0,119.44711,0.0,0.0,26.452394,830.6615,0.0,0.014258942,6.8331623,0.0,Nov,2,2,9,2,Returning_Visitor,True,False
0.0,0.0,0.0,0.0,9.987109,172.25528,0.0,0.03997679,0.0,0.0,Nov,2,2,2,2,Returning_Visitor,False,False
0.0,0.0,0.0,0.0,13.0,530.53265,0.0,0.025327388,0.0,0.0,Mar,2,2,6,15,Returning_Visitor,False,False
3.0,36.735332,0.0,0.0,19.0,427.025,0.0,0.016666668,0.0,0.0,Dec,2,2,1,2,Returning_Visitor,False,True
0.0,0.0,0.0,0.0,37.989502,886.3527,0.0,0.022139832,0.0,0.0,Dec,1,1,1,3,Returning_Visitor,False,False
0.0,0.0,0.0,0.0,16.0,421.13196,0.0,0.011441986,0.0,0.0,Aug,2,2,1,13,Returning_Visitor,False,False
0.0,0.0,0.0,0.0,20.0,623.60675,0.025,0.04575198,0.0,0.0,Dec,2,4,1,1,Returning_Visitor,False,False
5.0,144.08472,0.0,0.0,41.113407,1440.4279,0.0,0.016666668,0.0,0.0,Dec,4,2,7,2,Returning_Visitor,False,False
0.0,0.0,0.0,0.0,14.0,347.21225,0.0,0.023889352,0.0,0.0,Dec,2,2,1,1,Returning_Visitor,False,False
0.0,0.0,0.0,0.0,24.0,663.5771,0.0,0.022222223,0.0,0.0,Aug,1,1,1,13,Returning_Visitor,True,False
2.0,20.109175,0.0,0.0,23.0,318.5793,0.0,0.019047078,0.0,0.0,Nov,2,2,3,2,Returning_Visitor,False,False
5.0,114.08343,0.0,0.0,55.316875,2389.9395,0.010407827,0.031611923,0.0,0.0,Dec,2,2,1,1,Returning_Visitor,False,False
0.0,0.0,0.0,0.0,16.0,728.2046,0.025780307,0.0540064,0.0,0.0,Nov,2,2,6,13,Returning_Visitor,False,False
3.0,111.262184,0.0,0.0,28.0,736.89166,0.01615472,0.028941974,0.0,0.0,Aug,2,2,1,3,Returning_Visitor,False,False
0.0,0.0,0.0,0.0,21.0,489.85983,0.013415176,0.037489027,0.0,0.0,Dec,1,1,1,3,Returning_Visitor,False,False
4.0,66.056725,0.0,0.0,25.0,541.5118,0.0,0.013981149,0.0,0.0,Jul,1,1,4,2,Returning_Visitor,True,False
0.0,0.0,0.0,0.0,29.0,780.9314,0.0,0.022222223,0.0,0.0,Aug,2,2,1,2,Returning_Visitor,False,False
1.0,4.145595,0.0,0.0,27.0,1105.3173,0.0,0.017774103,0.0,0.0,Dec,4,2,4,1,Returning_Visitor,False,False
0.0,0.0,0.0,0.0,5.0,59.582684,0.0790015,0.1,0.0,0.0,Aug,3,2,6,1,Returning_Visitor,False,False
0.0,0.0,0.0,0.0,6.0,137.74432,0.0,0.05,0.0,0.0,Aug,4,2,1,2,Returning_Visitor,False,False
3.0,45.898186,0.0,0.0,18.0,430.0059,0.0,0.024626644,0.0,0.0,Dec,2,2,1,13,Returning_Visitor,False,False
0.0,0.0,0.0,0.0,9.0,520.1916,0.0,0.03075915,0.0,0.0,Dec,2,2,2,2,Returning_Visitor,False,False
2.0,51.182674,0.0,0.0,42.070374,1385.0485,0.015384615,0.03512913,18.927195,0.0,Aug,2,2,1,1,Returning_Visitor,False,False
4.0,49.258316,0.0,0.0,18.217882,288.6724,0.009589296,0.029660938,0.0,0.0,Dec,4,2,1,8,Returning_Visitor,False,False
0.0,0.0,0.0,0.0,19.0,334.2652,0.0,0.03401955,0.0,0.0,Dec,2,2,2,1,Returning_Visitor,False,False
0.0,0.0,0.0,0.0,33.0,849.60913,0.013333333,0.036908552,0.0,0.0,Nov,2,2,1,1,Returning_Visitor,False,False
0.0,0.0,0.0,0.0,32.91683,844.05304,0.0056704446,0.029535921,0.0,0.0,Dec,2,2,1,1,Returning_Visitor,False,False
4.0,83.000854,0.0,0.0,25.0,622.5811,0.0,0.012063907,0.0,0.0,Aug,2,2,1,2,Returning_Visitor,False,False
0.0,0.0,0.0,0.0,19.0,442.4778,0.0,0.018760243,0.0,0.0,Nov,2,2,8,10,Returning_Visitor,False,False
3.0,50.078938,0.0,0.0,16.0,597.6248,0.0,0.015744384,0.0,0.0,Dec,4,1,1,1,Returning_Visitor,False,False
2.0,41.53092,0.0,0.0,25.0,707.6032,0.0,0.007964225,0.0,0.0,Mar,2,2,1,9,Returning_Visitor,False,True
0.0,0.0,0.0,0.0,12.0,326.4575,0.0,0.021063358,0.0,0.0,Dec,2,2,4,13,Returning_Visitor,False,False
0.0,0.0,0.0,0.0,19.0,394.64053,0.0,0.02511608,0.0,0.0,Dec,3,2,1,2,Returning_Visitor,False,False
0.0,0.0,0.0,0.0,14.0,541.2044,0.0,0.022264106,0.0,0.0,Dec,2,2,2,2,Returning_Visitor,False,False
0.0,0.0,0.0,0.0,18.0,927.12805,0.016666668,0.04530953,0.0,0.0,Nov,1,2,1,2,Returning_Visitor,False,False
2.4918866,41.153576,0.0,0.0,18.0,498.79886,0.013234798,0.037497874,0.0,0.0,Dec,4,2,7,2,Returning_Visitor,False,False
3.0,50.008698,0.0,0.0,38.760696,1561.7023,0.0,0.010636871,10.784677,0.0,Aug,2,2,3,2,Returning_Visitor,False,False
0.0,0.0,0.0,0.0,20.279411,439.93787,0.004805002,0.030601557,0.0,0.0,Dec,2,2,9,3,Returning_Visitor,False,False
3.0,67.715324,0.0,0.0,37.0,1064.7356,0.0,0.015384615,0.0,0.0,Nov,2,1,1,2,Returning_Visitor,False,False
0.0,0.0,0.0,0.0,18.0,274.71704,0.0,0.019086916,0.0,0.0,Nov,1,4,1,15,Returning_Visitor,False,False
2.0,54.101105,0.0,0.0,33.0,1048.0853,0.0,0.01909062,8.824515,0.0,Dec,2,2,1,2,Returning_Visitor,False,False
0.0,0.0,0.0,0.0,28.0,907.1441,0.002548215,0.01861561,0.0,0.0,Nov,3,2,1,2,Returning_Visitor,False,False
2.0,21.775482,0.0,0.0,20.0,647.46265,0.0,0.012795722,0.0,0.0,Dec,2,2,1,13,Returning_Visitor,False,False
0.0,0.0,0.0,0.0,24.0,438.71494,0.0,0.026877925,0.0,0.0,Dec,4,2,1,3,Returning_Visitor,False,False
0.0,0.0,0.0,0.0,25.376648,623.8483,0.014501906,0.03333333,0.0,0.0,Dec,2,2,1,3,Returning_Visitor,False,False
0.0,0.0,0.0,0.0,28.0,813.13995,0.007542977,0.02941111,0.0,0.0,Aug,3,2,1,8,Returning_Visitor,False,False
5.0,56.578976,0.0,0.0,33.0,749.0952,0.0,0.009443871,88.65218,0.0,Dec,4,1,1,2,Returning_Visitor,False,False
3.0,59.235504,0.0,0.0,38.0,1538.6135,0.0,0.014285714,24.419466,0.0,Dec,2,2,1,1,Returning_Visitor,False,False
3.0,56.937244,1.0,24.502583,34.0,773.74304,0.0,0.02,0.0,0.0,Nov,2,2,7,3,Returning_Visitor,True,False
0.0,0.0,0.0,0.0,13.0,194.07317,0.0,0.025602946,0.0,0.0,Nov,2,4,1,2,Returning_Visitor,False,False
0.0,0.0,0.0,0.0,18.0,384.76855,0.0,0.039420962,0.0,0.0,Nov,2,4,1,1,Returning_Visitor,False,False
0.0,0.0,0.0,0.0,16.0,420.77463,0.029909747,0.045168914,0.0,0.0,Nov,1,4,1,1,Returning_Visitor,False,False
0.0,0.0,0.0,0.0,25.315805,506.8983,0.0,0.02504244,0.0,0.0,Dec,1,2,7,2,Returning_Visitor,False,False
0.0,0.0,0.0,0.0,11.0,331.70596,0.0,0.03333333,0.0,0.0,Dec,2,2,3,1,Returning_Visitor,False,False
3.0,43.77791,0.0,0.0,23.0,639.3052,0.0071745142,0.021598624,7.983823,0.0,Nov,2,2,1,2,Returning_Visitor,False,False
2.0,21.867367,0.0,0.0,26.0,798.1261,0.0,0.016666668,0.0,0.0,Dec,2,2,1,1,Returning_Visitor,False,False
3.0,46.823517,0.0,0.0,31.0,729.7217,0.0,0.013399481,0.0,0.0,Dec,2,2,7,2,Returning_Visitor,False,False
4.0,80.40398,0.0,0.0,51.597057,1775.701,0.009780575,0.019914094,10.978059,0.0,Nov,3,2,1,2,Returning_Visitor,False,True
2.0,31.885723,0.0,0.0,46.0,1579.4976,0.012799158,0.022343947,11.881567,0.0,Nov,1,2,1,2,Returning_Visitor,False,True
4.0,57.56739,0.0,0.0,52.59296,1815.9589,0.0021314605,0.020823061,0.0,0.0,Dec,2,2,1,2,Returning_Visitor,False,False
3.0,60.19665,0.0,0.0,29.0,552.6076,0.008879644,0.028571429,0.0,0.0,Dec,1,2,1,13,Returning_Visitor,False,False
0.0,0.0,0.0,0.0,14.0,559.0026,0.0,0.030966002,0.0,0.0,Nov,2,2,1,2,Returning_Visitor,False,False
2.0,56.752556,0.0,0.0,26.202122,1194.2524,0.0,0.022222223,0.0,0.0,Nov,2,2,1,1,Returning_Visitor,False,False
4.0,47.260464,0.0,0.0,26.0,571.23846,0.0,0.0125,0.0,0.0,Nov,2,2,1,2,Returning_Visitor,False,False
0.0,0.0,0.0,0.0,44.0,1687.4047,0.013333333,0.027270617,5.4046235,0.0,Dec,2,2,1,13,Returning_Visitor,False,False
0.0,0.0,0.0,0.0,21.0,600.9041,0.025,0.04722548,0.0,0.0,Aug,1,1,2,1,Returning_Visitor,False,False
0.0,0.0,0.0,0.0,27.0,643.5466,0.014285714,0.05,0.0,0.0,Aug,2,2,1,1,Returning_Visitor,False,False
0.0,0.0,0.0,0.0,5.0,148.82921,0.057172425,0.08966829,0.0,0.0,Nov,4,2,1,3,Returning_Visitor,False,False
4.0,46.052322,0.0,0.0,18.186169,523.9929,0.0,0.011321843,0.0,0.0,Dec,2,2,1,2,Returning_Visitor,False,False
4.0,102.981964,0.0,0.0,24.0,530.8602,0.0,0.014285714,0.0,0.0,Aug,1,2,1,2,Returning_Visitor,False,False
3.2453885,75.71983,0.0,0.0,37.0,1394.1705,0.006947028,0.024905732,13.281246,0.0,Dec,2,2,4,1,Returning_Visitor,False,False
2.0,59.2735,0.0,0.0,65.007965,2412.6035,0.003630955,0.019326905,8.897384,0.0,Nov,2,2,1,1,Returning_Visitor,True,True
1.0,0.0,0.0,0.0,39.0,761.715,0.007947022,0.02780299,0.0,0.0,Nov,2,2,6,2,Returning_Visitor,False,False
2.0,30.501665,0.0,0.0,32.0,762.8219,0.007177745,0.03333333,0.0,0.0,Nov,4,2,4,3,Returning_Visitor,True,False
3.0,69.73006,0.0,0.0,20.0,609.4669,0.010591301,0.028483102,0.0,0.0,Nov,2,2,1,1,Returning_Visitor,False,False
5.0,135.07324,0.0,0.0,29.345133,699.25256,0.004043442,0.02058927,0.0,0.0,Dec,1,1,1,2,Returning_Visitor,False,False
3.0,59.44633,0.0,0.0,32.0,717.36957,0.0022668766,0.016666668,0.0,0.0,Jul,2,4,4,1,Returning_Visitor,False,False
2.0,37.390045,0.0,0.0,9.0,175.50917,0.027873466,0.05,0.0,0.0,Nov,1,2,1,1,Returning_Visitor,False,False
4.0,122.9092,0.0,0.0,32.524563,826.06757,0.0,0.016666668,0.0,0.0,Aug,1,2,1,2,Returning_Visitor,False,False
3.0,95.77994,1.0,0.0,48.0,2062.0586,0.008686752,0.021173026,0.0,0.0,Nov,1,1,1,2,Returning_Visitor,False,False
0.0,0.0,0.0,0.0,42.0,847.9291,0.011442192,0.027253293,0.0,0.0,Dec,2,2,1,1,Returning_Visitor,False,False
0.0,0.0,0.0,0.0,6.0,190.26553,0.03972071,0.061154593,0.0,0.0,Nov,3,2,6,2,Returning_Visitor,False,False
0.0,0.0,0.0,0.0,17.0,348.4867,0.0,0.02928522,0.0,0.0,Nov,2,2,4,3,Returning_Visitor,True,False
3.0,46.84904,0.0,0.0,31.0,754.68195,0.0,0.016666668,0.0,0.0,Jul,2,2,1,2,Returning_Visitor,False,True
0.0,0.0,0.0,0.0,13.0,439.09668,0.01654406,0.040043082,0.0,0.0,Aug,2,2,7,1,Returning_Visitor,False,False
2.0,34.147247,0.0,0.0,34.0,814.5619,0.0,0.022222223,0.0,0.0,Nov,2,2,1,3,Returning_Visitor,False,False
0.0,0.0,0.0,0.0,16.0,489.093,0.0,0.032222655,0.0,0.0,Nov,2,2,1,2,Returning_Visitor,False,False
0.0,0.0,0.0,0.0,24.0,672.24634,0.0,0.022079894,0.0,0.0,Dec,2,2,1,3,Returning_Visitor,False,False
0.0,0.0,0.0,0.0,26.039476,685.213,0.0056201494,0.03333333,0.0,0.0,Jul,2,2,2,3,Returning_Visitor,False,False
0.0,0.0,0.0,0.0,6.1993017,97.82186,0.0,0.04866594,0.0,0.0,Nov,2,2,1,3,Returning_Visitor,False,False
1.0,0.0,0.0,0.0,31.308638,704.0392,0.0,0.016666668,0.0,0.0,Mar,1,2,1,3,Returning_Visitor,False,False
0.0,0.0,0.0,0.0,7.0,115.64855,0.06666667,0.07911735,0.0,0.0,Nov,3,2,7,1,Returning_Visitor,False,False
0.0,0.0,0.0,0.0,43.0,1198.3849,0.0,0.014378776,0.0,0.0,Dec,2,2,1,2,Returning_Visitor,False,False
0.0,0.0,0.0,0.0,10.0,265.31604,0.031115264,0.04829663,0.0,0.0,Dec,3,2,3,1,Returning_Visitor,False,False
1.0,0.0,0.0,0.0,18.0,816.7626,0.0,0.01656266,0.0,0.0,Dec,2,2,1,1,Returning_Visitor,False,False
4.0,98.72181,0.0,0.0,39.399345,911.4119,0.0,0.017699163,0.0,0.0,Jul,4,2,1,1,Returning_Visitor,False,False
3.0,66.5134,0.0,0.0,29.0,581.17944,0.0056809797,0.017509345,0.0,0.0,Dec,1,1,1,13,Returning_Visitor,True,False
0.0,0.0,0.0,0.0,9.0,285.64276,0.0,0.04,0.0,0.0,Aug,2,2,4,2,Returning_Visitor,False,False
4.0,97.10541,0.0,0.0,31.0,904.12604,0.0,0.016666668,0.0,0.0,Nov,2,4,7,13,Returning_Visitor,False,False
3.0,59.19844,0.0,0.0,60.0,2219.3188,0.010007104,0.018762859,5.758374,0.0,Dec,3,2,1,1,Returning_Visitor,False,True
0.0,0.0,0.0,0.0,24.0,605.74445,0.0,0.030744677,0.0,0.0,Dec,2,2,1,3,Returning_Visitor,False,False
0.0,0.0,0.0,0.0,14.0,330.7421,0.016666256,0.041418687,0.0,0.0,Nov,2,4,7,3,Returning_Visitor,False,False
0.0,0.0,0.0,0.0,23.947626,531.98975,0.013370563,0.029992148,0.0,0.0,Aug,2,2,4,3,Returning_Visitor,False,False
3.0,65.84649,0.0,0.0,33.092003,1098.0586,0.010000324,0.027075958,0.0,0.0,Dec,2,2,1,2,Returning_Visitor,False,False
0.0,0.0,0.0,0.0,31.0,745.2244,0.0056249034,0.029621132,0.0,0.0,Nov,2,4,3,1,Returning_Visitor,False,False
2.0,81.41767,0.0,0.0,14.0,384.9853,0.0,0.01779381,0.0,0.0,Nov,1,1,9,9,New_Visitor,False,False
0.0,0.0,0.0,0.0,10.0,223.11702,0.0,0.026731772,0.0,0.0,Dec,2,2,7,13,Returning_Visitor,False,False
0.0,0.0,0.0,0.0,21.3907,520.3021,0.011111111,0.03333333,0.0,0.0,May,2,2,9,3,Returning_Visitor,False,False
6.0,146.4218,0.0,0.0,45.127197,1435.2,0.0,0.013238536,14.647933,0.0,Dec,2,2,1,2,Returning_Visitor,False,False
3.0,78.71104,0.0,0.0,34.0,668.3375,0.0,0.009559925,0.0,0.0,Nov,1,2,1,2,Returning_Visitor,True,False
2.0,39.098347,0.0,0.0,26.0,599.8885,0.0,0.024893865,0.0,0.0,Nov,1,1,1,2,Returning_Visitor,False,False
0.0,0.0,0.0,0.0,14.0,279.77573,0.025589032,0.06191794,0.0,0.0,Nov,2,2,1,1,Returning_Visitor,False,False
4.0,87.10276,0.0,0.0,26.0,865.04584,0.011841218,0.026684016,0.0,0.0,Nov,3,2,1,2,Returning_Visitor,False,False
0.0,0.0,0.0,0.0,26.0,932.8033,0.0,0.015603518,0.0,0.0,Dec,2,2,1,3,Returning_Visitor,True,False
4.3560724,99.93101,0.0,0.0,33.772793,1207.722,0.009563883,0.024469428,0.0,0.0,Aug,1,2,7,2,Returning_Visitor,False,False
0.0,0.0,0.0,0.0,19.0,330.88556,0.019804912,0.037479155,0.0,0.0,Dec,2,2,2,2,Returning_Visitor,False,False
0.0,0.0,0.0,0.0,21.0,695.50305,0.0,0.022222223,0.0,0.0,Dec,2,4,1,2,Returning_Visitor,False,False
2.0,35.559772,0.0,0.0,39.0,859.1341,0.0,0.012005375,0.0,0.0,Nov,2,2,1,2,Returning_Visitor,False,False
4.0,81.402405,0.0,0.0,33.0,1265.864,0.0,0.01579064,0.0,0.0,Dec,2,2,7,2,Returning_Visitor,False,False
0.0,0.0,0.0,0.0,22.0,491.17697,0.042612072,0.05744464,0.0,0.0,Nov,3,2,1,3,Returning_Visitor,False,False
0.0,0.0,0.0,0.0,12.0,265.79395,0.014285714,0.04399174,0.0,0.0,Nov,1,1,1,3,Returning_Visitor,False,False
0.0,0.0,0.0,0.0,13.0,479.8415,0.0,0.02375915,0.0,0.0,Dec,2,4,7,9,Returning_Visitor,False,False
0.0,0.0,0.0,0.0,16.0,653.42114,0.0,0.025,0.0,0.0,Nov,2,2,2,13,Returning_Visitor,False,False
0.0,0.0,0.0,0.0,18.0,385.55942,0.0,0.016554456,0.0,0.0,Dec,2,2,7,1,Returning_Visitor,False,False
0.0,0.0,0.0,0.0,16.0,252.04144,0.021228082,0.05,0.0,0.0,Aug,2,2,1,3,Returning_Visitor,False,False
0.0,0.0,0.0,0.0,12.0,537.6198,0.030464565,0.056752898,0.0,0.0,Aug,2,2,3,1,Returning_Visitor,False,False
3.0,62.260048,0.0,0.0,39.0,1152.9644,0.011624979,0.03011225,0.0,0.0,Dec,1,1,1,2,Returning_Visitor,False,False
6.0,124.90196,0.0,0.0,39.0,1685.7452,0.0,0.015386185,15.195705,0.0,Dec,2,2,1,2,Returning_Visitor,False,False
3.0,46.040054,0.0,0.0,41.0,1127.8237,0.0050790613,0.01722273,0.0,0.0,Nov,2,2,7,2,Returning_Visitor,False,False
2.0,51.13321,0.0,0.0,25.0,582.79297,0.010901075,0.0211635,0.0,0.0,Nov,1,1,4,3,Returning_Visitor,False,False
0.0,0.0,0.0,0.0,18.0,246.20662,0.005948143,0.035448294,0.0,0.0,Dec,1,2,4,2,Returning_Visitor,False,False
4.0,55.52506,0.0,0.0,46.929203,1741.3191,0.0,0.016174056,0.0,0.0,Nov,2,2,1,1,Returning_Visitor,False,False
0.0,0.0,0.0,0.0,16.0,323.9617,0.0,0.022222223,0.0,0.0,Dec,1,2,1,3,Returning_Visitor,False,False
4.0,47.432304,0.0,0.0,37.616,907.3983,0.0,0.019139292,0.0,0.0,Aug,2,2,7,1,Returning_Visitor,False,True
0.0,0.0,0.0,0.0,12.0,134.98692,0.031235578,0.06666667,0.0,0.0,Dec,4,1,1,1,Returning_Visitor,False,False
0.0,0.0,0.0,0.0,42.0392,959.43054,0.0,0.016666668,0.0,0.0,Dec,4,2,1,1,Returning_Visitor,False,False
0.0,0.0,0.0,0.0,8.982892,178.97652,0.0,0.03458725,0.0,0.0,Dec,2,2,3,2,Returning_Visitor,False,False
0.0,0.0,0.0,0.0,38.0,2015.4292,0.0,0.013738438,32.273018,0.0,Aug,2,2,4,1,Returning_Visitor,False,True
4.0,75.08972,0.0,0.0,22.0,767.624,0.0,0.01818245,0.0,0.0,Dec,2,2,7,2,Returning_Visitor,False,False
4.0,96.94403,0.0,0.0,76.63392,3363.3289,0.0054179206,0.025211208,0.0,0.0,Dec,2,2,1,1,Returning_Visitor,False,True
0.0,0.0,0.0,0.0,16.0,354.96994,0.0,0.015595807,0.0,0.0,Nov,2,2,4,1,Returning_Visitor,False,False
0.0,0.0,0.0,0.0,21.0,340.83514,0.014851087,0.037494734,0.0,0.0,Nov,4,4,1,3,Returning_Visitor,False,False
0.0,0.0,0.0,0.0,39.0,1150.9081,0.007772384,0.02145583,0.0,0.0,Nov,3,2,4,3,Returning_Visitor,False,False
0.0,0.0,0.0,0.0,4.0,0.0,0.2,0.2,0.0,0.0,Dec,3,2,2,1,Returning_Visitor,False,False
1.0,23.322504,0.0,0.0,44.0,1329.4932,0.00529565,0.019299543,0.0,0.0,Aug,2,2,1,13,Returning_Visitor,False,False
0.0,0.0,0.0,0.0,15.0,506.7172,0.0,0.028571429,0.0,0.0,Nov,4,2,9,3,Returning_Visitor,True,False
3.0,48.756336,0.0,0.0,16.0,556.9994,0.0,0.01877412,0.0,0.0,Nov,2,12,1,2,Returning_Visitor,False,False
7.0,86.68404,2.0,51.86245,42.292595,1424.0189,0.0,0.01630638,61.8157,0.0,Aug,2,2,4,19,Returning_Visitor,False,False
0.0,0.0,0.0,0.0,26.0,651.24274,0.015423575,0.03554105,0.0,0.0,Aug,2,2,1,3,Returning_Visitor,False,False
0.0,0.0,0.0,0.0,12.116297,273.41986,0.0,0.010796063,0.0,0.0,Dec,2,2,9,2,New_Visitor,False,False
0.0,0.0,0.0,0.0,25.392643,670.1342,0.0,0.023761319,0.0,0.0,Nov,2,2,9,2,Returning_Visitor,False,False
0.0,0.0,0.0,0.0,15.0,642.5076,0.0,0.019003643,0.0,0.0,Nov,3,2,9,2,Returning_Visitor,False,False
0.0,0.0,0.0,0.0,14.0,639.822,0.0,0.025149154,0.0,0.0,Dec,2,2,1,2,Returning_Visitor,False,False
0.0,0.0,0.0,0.0,16.0,645.4159,0.0,0.028571429,0.0,0.0,Dec,2,2,1,1,Returning_Visitor,False,False
0.0,0.0,0.0,0.0,30.290974,875.1932,0.0,0.018433511,0.0,0.0,Nov,4,1,1,3,Returning_Visitor,False,False
6.0,104.55781,0.0,0.0,43.0,1073.1903,0.0,0.013333333,0.0,0.0,Nov,4,2,1,2,Returning_Visitor,False,False
0.0,0.0,0.0,0.0,13.8709345,296.705,0.0,0.03726935,0.0,0.0,Aug,2,2,1,2,Returning_Visitor,False,False
0.0,0.0,0.0,0.0,12.0,247.0615,0.0,0.028571429,0.0,0.0,Dec,2,2,7,1,Returning_Visitor,False,False
4.0,118.19612,0.0,0.0,17.0,556.9147,0.008022864,0.028571429,0.0,0.0,Dec,1,1,9,14,Returning_Visitor,False,False
0.0,0.0,0.0,0.0,40.0,1224.9728,0.009252563,0.035314377,0.0,0.0,Dec,2,2,3,8,Returning_Visitor,False,False
0.0,0.0,0.0,0.0,24.0,502.68338,0.0,0.020846963,0.0,0.0,Dec,1,2,1,10,Returning_Visitor,False,False
0.0,0.0,0.0,0.0,49.841335,1749.5393,0.00814612,0.030460551,0.0,0.0,Dec,2,2,4,13,Returning_Visitor,False,False
0.0,0.0,0.0,0.0,23.0,632.52747,0.0,0.022178998,0.0,0.0,Dec,2,2,9,1,Returning_Visitor,False,False
0.0,0.0,0.0,0.0,33.0,616.79675,0.018075584,0.039713718,0.0,0.0,Dec,1,1,1,3,Returning_Visitor,False,False
3.0,32.02173,0.0,0.0,16.0,299.53894,0.0,0.017049082,0.0,0.0,Dec,2,2,4,1,Returning_Visitor,False,False
3.0,37.94976,0.0,0.0,23.0,580.18304,0.0,0.011527531,0.0,0.0,Dec,2,2,1,13,Returning_Visitor,False,False
0.0,0.0,0.0,0.0,21.0,302.14655,0.0050688074,0.028191194,0.0,0.0,Aug,1,2,1,13,Returning_Visitor,False,True
0.0,0.0,0.0,0.0,29.0,643.5487,0.007692308,0.02510033,0.0,0.0,Dec,1,2,1,2,Returning_Visitor,False,False
0.0,0.0,0.0,0.0,22.0,611.0446,0.0,0.015919525,0.0,0.0,Dec,2,2,1,13,Returning_Visitor,False,False
0.0,0.0,0.0,0.0,22.0,566.3229,0.0,0.016666668,0.0,0.0,Dec,2,2,1,2,Returning_Visitor,False,False
0.0,0.0,0.0,0.0,24.0,608.1283,0.0,0.025,0.0,0.0,Dec,2,2,4,5,Returning_Visitor,False,False
3.458486,52.19276,0.0,0.0,33.0,873.4139,0.0,0.018163143,0.0,0.0,Aug,2,2,1,2,Returning_Visitor,False,False
0.0,0.0,0.0,0.0,21.0,476.3529,0.011387825,0.029123832,0.0,0.0,Dec,4,2,4,1,Returning_Visitor,False,False
3.0,48.09428,0.0,0.0,25.0,658.41223,0.0,0.025,0.0,0.0,Nov,2,2,1,3,Returning_Visitor,False,False
0.0,0.0,0.0,0.0,32.0,858.7134,0.0,0.023113541,0.0,0.0,Dec,2,2,1,2,Returning_Visitor,False,False
3.0,76.95871,0.0,0.0,42.0,1086.6285,0.004081184,0.014285714,7.9170427,0.0,Sep,2,2,1,1,Returning_Visitor,False,False
4.0,134.18015,0.0,0.0,24.0,784.9263,0.0,0.015912909,15.4059725,0.0,Aug,1,1,4,2,New_Visitor,False,False
0.0,0.0,0.0,0.0,15.0,339.56146,0.0,0.028561812,0.0,0.0,Dec,3,2,3,13,Returning_Visitor,True,False
0.0,0.0,0.0,0.0,27.0,416.26337,0.0,0.025,0.0,0.0,Dec,2,2,1,2,Returning_Visitor,False,False
0.0,0.0,0.0,0.0,22.0,559.0522,0.0,0.022222223,0.0,0.0,Dec,2,2,1,13,Returning_Visitor,False,False
0.0,0.0,0.0,0.0,13.0,255.55959,0.0,0.03333333,0.0,0.0,Nov,2,4,9,9,New_Visitor,False,False
4.512621,120.37813,0.0,0.0,20.0,641.7731,0.0056968066,0.018459514,0.0,0.0,Dec,3,2,4,2,Returning_Visitor,False,False
2.0,31.402168,0.0,0.0,39.287407,821.3074,0.013708205,0.032696925,0.0,0.0,Nov,2,2,1,2,Returning_Visitor,False,False
0.0,0.0,0.0,0.0,16.49874,366.917,0.0,0.025934242,0.0,0.0,Aug,2,2,7,1,Returning_Visitor,False,False
0.0,0.0,0.0,0.0,39.0,660.35223,0.008168818,0.025,0.0,0.0,Aug,2,2,4,2,Returning_Visitor,False,False
0.0,0.0,0.0,0.0,31.0,681.0148,0.0,0.011111111,0.0,0.0,Dec,2,2,4,13,Returning_Visitor,False,False
0.0,0.0,0.0,0.0,23.0,590.42017,0.027855765,0.05,0.0,0.0,Dec,2,2,1,1,Returning_Visitor,False,False
0.0,0.0,0.0,0.0,14.0,633.5987,0.0,0.028568303,0.0,0.0,Dec,2,2,8,1,Returning_Visitor,False,False
0.0,0.0,0.0,0.0,36.0,654.9619,0.0,0.018185958,0.0,0.0,Dec,7,2,1,1,Returning_Visitor,False,False
4.0,56.952656,0.0,0.0,30.0,913.3155,0.0,0.01642634,13.88389,0.0,Dec,2,2,1,1,Returning_Visitor,False,False
3.0,58.301777,0.0,0.0,34.0,818.02405,0.0,0.02,0.0,0.0,Dec,2,2,7,2,Returning_Visitor,False,False
0.0,0.0,0.0,0.0,18.0,543.43536,0.007963468,0.03333333,0.0,0.0,Nov,2,4,1,13,Returning_Visitor,False,False
2.0,33.12312,0.0,0.0,28.0,556.3933,0.0,0.023379404,0.0,0.0,Dec,2,2,1,1,Returning_Visitor,False,True
0.0,0.0,0.0,0.0,27.0,729.20264,0.010597189,0.027835017,0.0,0.0,Dec,2,2,7,1,Returning_Visitor,False,False
1.0,15.315913,0.0,0.0,28.0,795.4216,0.0,0.015168029,6.228441,0.0,Dec,2,2,2,2,Returning_Visitor,False,True
0.0,0.0,0.0,0.0,46.822895,1410.7175,0.005134731,0.0212607,0.0,0.0,Mar,2,12,7,1,Returning_Visitor,False,False
4.0,157.37814,1.0,0.0,52.0558,1820.2922,0.014953706,0.03182853,0.0,0.0,Dec,3,2,3,2,Returning_Visitor,False,False
0.0,0.0,0.0,0.0,15.0,474.1915,0.0,0.032745313,0.0,0.0,Aug,2,2,1,13,Returning_Visitor,False,False
0.0,0.0,0.0,0.0,17.0,550.23694,0.0,0.02900603,0.0,0.0,Dec,2,2,7,13,Returning_Visitor,False,False
2.0,46.366543,0.0,0.0,22.712427,713.6582,0.0,0.015384615,0.0,0.0,Nov,2,2,7,2,Returning_Visitor,False,False
4.0,88.12352,0.0,0.0,39.0,904.78204,0.0,0.016666668,0.0,0.0,Nov,1,4,1,2,Returning_Visitor,False,False
0.0,0.0,0.0,0.0,10.0,270.01712,0.0,0.03144923,0.0,0.0,Aug,2,2,6,2,Returning_Visitor,False,False
1.0,10.411763,0.0,0.0,26.0,596.24426,0.0109570725,0.025927408,0.0,0.0,Nov,3,2,4,13,Returning_Visitor,False,False
0.0,0.0,0.0,0.0,10.0,166.76996,0.0075975233,0.036118258,0.0,0.0,Dec,1,1,3,2,Returning_Visitor,False,False
0.0,0.0,0.0,0.0,26.781778,578.55896,0.006714694,0.030058093,0.0,0.0,Aug,2,2,1,2,Returning_Visitor,False,False
0.0,0.0,0.0,0.0,45.0,1306.4349,0.0053252056,0.019605009,0.0,0.0,Aug,2,2,9,2,Returning_Visitor,False,False
0.0,0.0,0.0,0.0,22.0,716.24097,0.0012392983,0.029028388,0.0,0.0,Nov,2,2,1,13,Returning_Visitor,False,False
0.0,0.0,0.0,0.0,12.0,281.93018,0.042460356,0.07105691,0.0,0.0,Dec,1,1,1,1,Returning_Visitor,False,False
2.0,26.585135,0.0,0.0,23.0,547.8344,0.0,0.007975165,0.0,0.0,Dec,2,2,7,1,Returning_Visitor,False,False
0.0,0.0,0.0,0.0,21.0,699.82806,0.0,0.024606774,0.0,0.0,Mar,2,4,1,10,Returning_Visitor,False,False
2.0,55.794777,0.0,0.0,15.0,578.5895,0.0,0.017434819,0.0,0.0,Dec,4,2,4,8,Returning_Visitor,False,False
3.0,58.25401,0.0,0.0,80.7048,2375.8064,0.0041604172,0.02,0.0,0.0,Dec,2,2,1,2,Returning_Visitor,False,False
2.0,52.59235,0.0,0.0,30.0,1139.5802,0.0,0.011111111,0.0,0.0,Dec,2,2,1,2,New_Visitor,False,False
0.0,0.0,0.0,0.0,18.0,494.6128,0.022916919,0.043185614,0.0,0.0,Dec,3,2,9,13,Returning_Visitor,False,False
5.0,74.026344,0.0,0.0,56.746983,2976.8088,0.006839563,0.025942894,14.685244,0.0,Nov,2,2,1,9,Returning_Visitor,False,True
0.0,0.0,0.0,0.0,40.11608,756.5341,0.0,0.016056893,0.0,0.0,Dec,2,2,3,2,Returning_Visitor,False,False
0.0,0.0,0.0,0.0,13.0,220.3876,0.0,0.04292406,0.0,0.0,Aug,1,1,6,3,Returning_Visitor,False,False
0.0,0.0,0.0,0.0,26.0,725.34753,0.004609624,0.03333333,0.0,0.0,Aug,2,2,1,1,Returning_Visitor,False,False
2.0,20.213474,0.0,0.0,16.0,534.0811,0.0,0.025729798,0.0,0.0,Jul,2,2,1,3,Returning_Visitor,False,False
0.0,0.0,0.0,0.0,22.0,447.3539,0.0050059827,0.02532359,0.0,0.0,Nov,1,2,7,13,Returning_Visitor,False,False
1.0,0.0,0.0,0.0,32.0,1048.4078,0.0,0.021283356,0.0,0.0,Nov,2,2,1,1,Returning_Visitor,False,False
4.0,81.314575,0.0,0.0,39.0,1007.5004,0.0,0.012845489,0.0,0.0,Nov,2,2,1,2,Returning_Visitor,True,False
0.0,0.0,0.0,0.0,14.0,357.57278,0.0,0.018716553,0.0,0.0,Nov,4,2,9,2,Returning_Visitor,False,False
0.0,0.0,0.0,0.0,19.0,304.59903,0.02284726,0.05,0.0,0.0,Dec,2,2,7,1,Returning_Visitor,False,False
0.0,0.0,0.0,0.0,18.0,291.96896,0.0,0.02629622,0.0,0.0,Dec,1,2,1,2,Returning_Visitor,False,False
4.0,81.76183,0.0,0.0,24.0,542.32196,0.0,0.019234836,0.0,0.0,Nov,1,1,3,1,Returning_Visitor,False,False
4.0,48.156673,0.0,0.0,40.83433,675.1193,0.0008249284,0.01255209,0.0,0.0,Nov,2,2,1,2,Returning_Visitor,False,False
5.0,65.23516,0.0,0.0,38.0,1086.2653,0.0,0.017588012,0.0,0.0,Jul,2,2,3,1,Returning_Visitor,False,False
3.0,46.278053,0.0,0.0,43.013443,1231.3539,0.0,0.010106187,0.0,0.0,Nov,2,2,1,2,Returning_Visitor,False,False
1.0,0.0,0.0,0.0,24.0,413.5511,0.0,0.0095274765,0.0,0.0,Dec,1,1,1,2,Returning_Visitor,False,False
3.0,76.65647,0.0,0.0,19.0,481.54572,0.0,0.030350594,0.0,0.0,Dec,2,2,3,3,Returning_Visitor,False,False
0.0,0.0,0.0,0.0,27.0,838.5032,0.0,0.025552073,0.0,0.0,Dec,2,2,7,1,Returning_Visitor,False,False
0.0,0.0,0.0,0.0,27.0,1065.7551,0.0,0.025039863,0.0,0.0,Dec,2,2,1,13,Returning_Visitor,False,True
0.0,0.0,0.0,0.0,23.620136,438.51657,0.0,0.027862284,0.0,0.0,Dec,2,2,1,1,Returning_Visitor,False,False
0.0,0.0,0.0,0.0,8.0,229.68596,0.024926897,0.052608006,0.0,0.0,May,2,2,6,1,Returning_Visitor,False,False
0.0,0.0,0.0,0.0,15.0,317.14532,0.0,0.015744902,0.0,0.0,Dec,1,2,1,2,Returning_Visitor,False,False
2.0,62.399586,0.0,0.0,19.0,414.32568,0.0,0.0183293,0.0,0.0,Dec,4,1,1,8,Returning_Visitor,False,False
2.0,44.681164,0.0,0.0,25.0,530.1583,0.009892718,0.01934263,0.0,0.0,Dec,2,2,1,1,Returning_Visitor,False,False
2.0,32.105183,0.0,0.0,18.0,578.7801,0.0,0.016617456,0.0,0.0,Dec,2,2,3,2,Returning_Visitor,False,False
0.0,0.0,0.0,0.0,20.0,657.5316,0.022337317,0.05,0.0,0.0,Dec,2,2,1,1,Returning_Visitor,False,False
0.0,0.0,0.0,0.0,15.0,403.82864,0.0,0.032169398,0.0,0.0,Dec,2,2,1,2,Returning_Visitor,False,False
0.0,0.0,0.0,0.0,11.0,313.70026,0.04,0.07299199,0.0,0.0,Nov,2,2,1,1,Returning_Visitor,False,False
0.0,0.0,0.0,0.0,11.0,538.90265,0.0,0.03627477,0.0,0.0,Nov,3,2,1,10,Returning_Visitor,False,False
0.0,0.0,0.0,0.0,26.135777,695.3385,0.0,0.016841458,0.0,0.0,Aug,2,2,7,2,Returning_Visitor,False,False
0.0,0.0,0.0,0.0,33.287315,782.9975,0.0,0.02247152,0.0,0.0,Dec,2,2,1,2,Returning_Visitor,False,False
0.0,0.0,0.0,0.0,6.0,96.499626,0.08227173,0.1,0.0,0.0,Aug,1,2,1,1,Returning_Visitor,False,False
0.0,0.0,0.0,0.0,15.0,237.26689,0.0,0.02550257,0.0,0.0,Dec,2,2,9,1,Returning_Visitor,False,False
0.0,0.0,0.0,0.0,31.0,845.3519,0.0021032123,0.02240732,0.0,0.0,Aug,4,1,2,3,Returning_Visitor,False,False
3.0,58.490677,0.0,0.0,27.0,549.22906,0.0,0.018157471,0.0,0.0,Dec,3,2,7,13,Returning_Visitor,False,False
0.0,0.0,0.0,0.0,32.0,689.37646,0.0,0.021013234,0.0,0.0,Nov,7,2,1,13,Returning_Visitor,False,False
2.0,30.553402,0.0,0.0,16.0,544.45703,0.0048628817,0.022443289,0.0,0.0,Nov,3,2,6,2,Returning_Visitor,False,False
0.0,0.0,0.0,0.0,11.0,190.51025,0.0,0.029031856,0.0,0.0,Dec,1,4,1,8,Returning_Visitor,False,False
5.0,171.87556,0.0,0.0,52.289185,1726.287,0.0045702267,0.01816373,0.0,0.0,Aug,2,2,3,1,Returning_Visitor,False,False
0.0,0.0,0.0,0.0,9.032633,181.98698,0.0,0.03281833,0.0,0.0,Dec,2,2,1,1,Returning_Visitor,False,False
0.0,0.0,0.0,0.0,2.0,0.0,0.2,0.2,0.0,0.0,Nov,1,2,4,8,Returning_Visitor,False,False
3.0,53.534042,0.0,0.0,14.0,309.2042,0.0,0.02087198,0.0,0.0,Dec,2,2,7,2,Returning_Visitor,False,False
0.0,0.0,0.0,0.0,35.98392,850.5752,0.0,0.020791898,0.0,0.0,Dec,2,4,8,1,Returning_Visitor,False,False
2.0,37.381966,0.0,0.0,26.0,819.02185,0.0,0.01980838,0.0,0.0,Dec,2,2,9,2,Returning_Visitor,False,False
4.0,66.89058,0.0,0.0,55.748203,2511.0588,0.009596596,0.03392787,0.0,0.0,Dec,4,1,3,1,Returning_Visitor,False,False
0.0,0.0,0.0,0.0,20.969784,242.25716,0.0,0.029830292,0.0,0.0,Aug,4,2,1,1,Returning_Visitor,False,False
0.0,0.0,0.0,0.0,9.0,295.09134,0.0,0.028571429,0.0,0.0,Aug,4,2,7,2,Returning_Visitor,False,False
0.0,0.0,0.0,0.0,29.0,724.2837,0.0,0.021715038,0.0,0.0,Mar,2,2,7,13,Returning_Visitor,False,False
3.0,55.888805,0.0,0.0,45.0,1893.6897,0.0034544182,0.015497196,0.0,0.0,Jul,2,2,3,3,Returning_Visitor,False,False
5.0,74.262535,0.0,0.0,82.78239,2651.9849,0.0,0.011042016,5.913254,0.0,Nov,2,2,1,13,Returning_Visitor,False,True
0.0,0.0,0.0,0.0,16.0,264.1241,0.018483914,0.04,0.0,0.0,Dec,2,2,1,3,Returning_Visitor,False,False
0.0,0.0,0.0,0.0,40.264347,1034.8054,0.0,0.011562549,0.0,0.0,Nov,2,2,1,2,Returning_Visitor,False,False
0.0,0.0,0.0,0.0,10.0,201.70674,0.05,0.071517825,0.0,0.0,Nov,3,2,1,1,Returning_Visitor,False,False
0.0,0.0,0.0,0.0,13.0,346.00153,0.01311009,0.0437698,0.0,0.0,Nov,2,2,9,3,Returning_Visitor,False,False
0.0,0.0,0.0,0.0,22.0,291.66226,0.0,0.022597319,0.0,0.0,Dec,3,2,1,2,Returning_Visitor,False,False
0.0,0.0,0.0,0.0,11.0,272.29007,0.0,0.034333035,0.0,0.0,Nov,2,2,1,9,Returning_Visitor,False,False
0.0,0.0,0.0,0.0,10.0,210.80684,0.04843021,0.063223176,0.0,0.0,Nov,3,2,4,1,Returning_Visitor,False,False
5.0,87.73661,0.0,0.0,17.0,434.80295,0.0,0.012625231,0.0,0.0,Dec,2,2,1,2,Returning_Visitor,False,False
0.0,0.0,0.0,0.0,19.0,560.3359,0.0,0.02609273,0.0,0.0,Nov,2,2,2,8,Returning_Visitor,False,False
0.0,0.0,0.0,0.0,16.0,534.35516,0.004613016,0.045909587,0.0,0.0,Dec,2,2,1,1,Returning_Visitor,False,False
0.0,0.0,0.0,0.0,19.0,487.19968,0.0037977654,0.023048239,0.0,0.0,Nov,3,2,2,2,Returning_Visitor,False,False
0.0,0.0,0.0,0.0,26.0,901.19946,0.013333333,0.034078088,0.0,0.0,Dec,3,2,8,1,Returning_Visitor,False,False
0.0,0.0,0.0,0.0,15.0,302.90253,0.0,0.025532352,0.0,0.0,Nov,7,2,1,10,Returning_Visitor,False,False
0.0,0.0,0.0,0.0,13.0,302.1193,0.02958649,0.06577637,0.0,0.0,Jul,2,5,1,1,Returning_Visitor,False,False
0.0,0.0,0.0,0.0,36.0,683.6796,0.0,0.014781765,0.0,0.0,Sep,2,4,1,2,Returning_Visitor,False,False
0.0,0.0,0.0,0.0,38.11475,791.52856,0.0,0.016287008,0.0,0.0,Nov,2,2,7,2,Returning_Visitor,False,False
0.0,0.0,0.0,0.0,14.0,653.79865,0.0,0.018987054,0.0,0.0,Nov,2,2,1,2,New_Visitor,False,False
0.0,0.0,0.0,0.0,21.0,687.75446,0.0,0.025,0.0,0.0,Feb,2,2,3,1,Returning_Visitor,False,False
0.0,0.0,0.0,0.0,12.071947,273.7951,0.0,0.02,0.0,0.0,May,2,2,6,13,Returning_Visitor,False,False
0.0,0.0,0.0,0.0,12.0,237.2302,0.038031977,0.050910667,0.0,0.0,Dec,1,2,1,1,Returning_Visitor,True,False
0.0,0.0,0.0,0.0,27.163605,786.9238,0.0032356372,0.028571429,0.0,0.0,Nov,2,2,1,1,Returning_Visitor,False,False
0.0,0.0,0.0,0.0,13.074633,436.68777,0.0,0.015933044,0.0,0.0,Nov,2,2,4,2,Returning_Visitor,False,False
0.0,0.0,0.0,0.0,24.0,703.4318,0.0141948415,0.027811784,0.0,0.0,Aug,2,2,1,2,Returning_Visitor,False,False
0.0,0.0,0.0,0.0,25.0,574.1709,0.0,0.020574797,0.0,0.0,Nov,2,2,1,9,Returning_Visitor,False,False
0.0,0.0,0.0,0.0,32.800312,895.9517,0.0074132485,0.02416584,0.0,0.0,Mar,4,1,1,2,Returning_Visitor,False,False
3.0,44.306213,0.0,0.0,26.991531,979.8222,0.015383534,0.039929967,0.0,0.0,Nov,2,2,1,3,Returning_Visitor,False,False
0.0,0.0,0.0,0.0,23.0,764.4471,0.0,0.029955905,0.0,0.0,Jul,2,2,1,3,Returning_Visitor,False,False
0.0,0.0,0.0,0.0,20.0,602.93176,0.0,0.017093543,0.0,0.0,Nov,4,2,4,2,Returning_Visitor,False,True
3.0,28.269506,0.0,0.0,27.0,466.31067,0.0,0.011933077,0.0,0.0,Aug,2,2,4,2,Returning_Visitor,False,False
0.0,0.0,0.0,0.0,10.0,224.11868,0.0,0.028571429,0.0,0.0,Dec,2,2,7,13,Returning_Visitor,False,False
0.0,0.0,0.0,0.0,30.583078,749.03656,0.011525605,0.03333333,0.0,0.0,Nov,2,2,1,2,Returning_Visitor,False,False
3.0,74.24306,0.0,0.0,24.0,710.2686,0.0,0.011764706,0.0,0.0,Aug,2,2,3,8,Returning_Visitor,False,False
0.0,0.0,0.0,0.0,20.757637,674.7643,0.0,0.0148932,0.0,0.0,Nov,2,2,1,2,Returning_Visitor,False,False
0.0,0.0,0.0,0.0,27.0,556.81665,0.0,0.025,0.0,0.0,Dec,1,2,1,1,Returning_Visitor,False,False
4.0,87.79126,0.0,0.0,46.0,1682.8425,0.0,0.013346477,0.0,0.0,Nov,2,2,1,2,Returning_Visitor,False,False
3.3435986,47.94845,0.0,0.0,9.0,263.08813,0.0,0.021922737,0.0,0.0,Dec,2,2,1,2,Returning_Visitor,False,False
0.0,0.0,0.0,0.0,12.0,147.07463,0.033270795,0.06666667,0.0,0.0,Nov,4,5,1,1,Returning_Visitor,False,False
0.0,0.0,0.0,0.0,29.0,1391.9171,0.0,0.018721526,0.0,0.0,Dec,2,4,4,13,Returning_Visitor,False,False
0.0,0.0,0.0,0.0,23.0,615.06555,0.0,0.02031204,0.0,0.0,Aug,2,2,4,2,Returning_Visitor,False,False
0.0,0.0,0.0,0.0,31.0,745.6558,0.015052914,0.037531693,0.0,0.0,Aug,2,2,3,1,Returning_Visitor,False,False
3.0,69.90157,0.0,0.0,43.0,1240.4801,0.0055964887,0.017990416,0.0,0.0,Nov,1,2,9,2,Returning_Visitor,False,True
0.0,0.0,0.0,0.0,21.0,630.04596,0.0,0.018168839,0.0,0.0,Dec,2,2,1,2,Returning_Visitor,False,False
2.0,27.17109,0.0,0.0,30.0,709.5871,0.0,0.016666668,0.0,0.0,Dec,2,2,1,8,Returning_Visitor,False,False
0.0,0.0,0.0,0.0,15.0,321.2572,0.016666668,0.036338676,0.0,0.0,Dec,2,2,1,2,Returning_Visitor,False,False
0.0,0.0,0.0,0.0,30.0,1126.3605,0.0,0.022259904,0.0,0.0,Nov,4,2,4,2,Returning_Visitor,False,False
2.0,31.80243,0.0,0.0,33.0,1008.6286,0.0,0.017533123,0.0,0.0,May,2,2,1,3,Returning_Visitor,False,False
0.0,0.0,0.0,0.0,11.0,187.9092,0.022965081,0.055053722,0.0,0.0,Dec,1,2,1,19,Returning_Visitor,False,False
1.0,0.0,0.0,0.0,27.0,651.81714,0.0,0.019003773,0.0,0.0,Nov,2,2,1,1,Returning_Visitor,False,False
3.0,52.442837,0.0,0.0,33.0,693.49304,0.00309595,0.017850274,0.0,0.0,Nov,1,4,7,8,Returning_Visitor,False,False
0.0,0.0,0.0,0.0,27.0,686.1816,0.022484677,0.048612732,0.0,0.0,Jul,2,2,1,1,Returning_Visitor,True,False
0.0,0.0,0.0,0.0,15.0,271.789,0.0,0.034271907,0.0,0.0,Jul,2,4,1,1,Returning_Visitor,False,False
0.0,0.0,0.0,0.0,25.0,657.9095,0.0060110316,0.02720688,0.0,0.0,Nov,2,4,1,3,Returning_Visitor,False,False
2.0,36.416084,0.0,0.0,31.425287,641.98914,0.0,0.015428976,0.0,0.0,Dec,2,2,7,13,Returning_Visitor,False,False
2.0,37.50263,0.0,0.0,31.0,779.88654,0.0,0.016106449,0.0,0.0,Aug,2,2,1,1,Returning_Visitor,False,False
4.0,95.80037,0.0,0.0,22.334639,485.17758,0.0,0.018788349,0.0,0.0,Sep,2,2,1,1,Returning_Visitor,False,False
4.0,92.38201,0.0,0.0,24.802368,599.68506,0.007813063,0.028571429,0.0,0.0,Nov,3,1,1,9,Returning_Visitor,False,False
2.0,46.38254,0.0,0.0,22.0,600.3701,0.0,0.016209638,0.0,0.0,Dec,2,2,4,2,Returning_Visitor,False,False
2.0,50.967754,0.0,0.0,29.0,775.1871,0.0,0.014774143,0.0,0.0,Dec,2,2,7,1,Returning_Visitor,False,False
0.0,0.0,0.0,0.0,26.118975,614.49817,0.013552509,0.04,0.0,0.0,Jul,4,4,2,2,Returning_Visitor,False,False
3.0,40.609184,0.0,0.0,57.323475,1572.2919,0.005110938,0.023090525,0.0,0.0,Dec,4,2,1,2,Returning_Visitor,False,False
0.0,0.0,0.0,0.0,12.0,312.88794,0.0,0.028571429,0.0,0.0,Dec,2,2,1,2,Returning_Visitor,False,False
0.0,0.0,0.0,0.0,43.0,1351.1741,0.0,0.018521287,3.0527356,0.0,Dec,2,2,4,2,Returning_Visitor,False,False
0.0,0.0,0.0,0.0,28.463728,800.31,0.005930671,0.027490435,0.0,0.0,Nov,2,2,1,13,Returning_Visitor,False,False
0.0,0.0,0.0,0.0,26.0,780.3753,0.0,0.020553604,0.0,0.0,Nov,2,2,1,2,Returning_Visitor,False,False
0.0,0.0,0.0,0.0,11.0,286.77084,0.0,0.04197735,0.0,0.0,May,4,1,1,3,Returning_Visitor,False,False
0.0,0.0,0.0,0.0,8.0,334.92313,0.0,0.036852565,0.0,0.0,Nov,2,1,1,9,New_Visitor,False,False
0.0,0.0,0.0,0.0,24.250366,657.5876,0.015377937,0.03747946,0.0,0.0,Nov,2,2,4,1,Returning_Visitor,False,False
0.0,0.0,0.0,0.0,27.0,674.8478,0.0,0.015384615,0.0,0.0,Nov,1,1,1,8,Returning_Visitor,False,False
4.0,43.381775,0.0,0.0,14.0,233.69522,0.0,0.019731283,0.0,0.0,Nov,2,2,1,1,Returning_Visitor,False,False
3.0,47.97252,0.0,0.0,25.0,822.17566,0.0,0.016068669,0.0,0.0,Nov,2,2,4,3,Returning_Visitor,False,False
2.0,40.262325,0.0,0.0,27.0,590.13776,0.009560197,0.025261335,0.0,0.0,Jul,2,2,6,2,Returning_Visitor,False,False
0.0,0.0,0.0,0.0,24.0,352.53653,0.0,0.020790204,0.0,0.0,Dec,1,1,1,3,Returning_Visitor,True,False
0.0,0.0,0.0,0.0,13.0,220.10309,0.0,0.04,0.0,0.0,Nov,7,2,1,13,Returning_Visitor,False,False
3.0,70.90342,0.0,0.0,26.0,532.0444,0.018188953,0.034335144,0.0,0.0,Dec,1,1,1,10,Returning_Visitor,False,False
0.0,0.0,0.0,0.0,16.0,277.1344,0.0,0.03333333,0.0,0.0,Dec,1,2,1,3,Returning_Visitor,False,False
1.0,14.9571705,0.0,0.0,27.227169,660.49725,0.0036428163,0.022222223,0.0,0.0,Dec,2,2,9,2,Returning_Visitor,False,False
0.0,0.0,0.0,0.0,8.0,110.54086,0.0,0.035816535,0.0,0.0,Mar,2,2,4,1,Returning_Visitor,False,False
5.0,189.38435,0.0,0.0,42.0,1418.4877,0.0,0.012437917,26.649727,0.0,Dec,2,4,1,2,Returning_Visitor,False,False
0.0,0.0,0.0,0.0,26.0,794.8706,0.0,0.019128986,0.0,0.0,Aug,2,2,4,9,Returning_Visitor,False,False
0.0,0.0,0.0,0.0,20.0,384.30304,0.0,0.034934916,0.0,0.0,Dec,2,2,1,1,Returning_Visitor,False,False
3.0,66.13033,0.0,0.0,27.0,847.7649,0.0057790293,0.022966193,0.0,0.0,Nov,2,2,9,2,Returning_Visitor,False,False
4.0,76.04104,0.0,0.0,24.0,481.38202,0.0,0.024370732,0.0,0.0,Aug,2,2,1,2,Returning_Visitor,True,False
0.0,0.0,0.0,0.0,14.0,579.869,0.0,0.017939754,0.0,0.0,Nov,2,2,1,9,Returning_Visitor,False,False
2.0,49.92152,0.0,0.0,21.0,498.94925,0.014285714,0.037216432,0.0,0.0,Dec,2,2,3,2,Returning_Visitor,False,False
1.0,4.822991,0.0,0.0,25.0,711.76556,0.005119186,0.027025206,0.0,0.0,Dec,4,1,1,2,Returning_Visitor,False,False
0.0,0.0,0.0,0.0,12.0,205.11531,0.0322344,0.06666667,0.0,0.0,Dec,2,2,4,1,Returning_Visitor,False,False
0.0,0.0,0.0,0.0,26.0,749.70325,0.0,0.021758618,0.0,0.0,Sep,1,1,1,2,Returning_Visitor,False,False
0.0,0.0,0.0,0.0,20.0,457.33234,0.0,0.018120153,0.0,0.0,Nov,2,2,8,2,Returning_Visitor,False,False
0.0,0.0,0.0,0.0,36.0,1110.0496,0.0064556105,0.024622077,0.0,0.0,Dec,2,2,6,13,Returning_Visitor,False,False
0.0,0.0,0.0,0.0,15.0,614.8029,0.0,0.025,10.419612,0.0,Aug,2,2,9,3,Returning_Visitor,False,True
5.0,78.91407,0.0,0.0,42.0,1147.7811,0.010990353,0.03453469,0.0,0.0,Aug,2,2,4,13,Returning_Visitor,False,False
0.0,0.0,0.0,0.0,12.0,295.4597,0.0,0.03023994,0.0,0.0,Nov,2,2,1,1,Returning_Visitor,False,False
3.0,59.358116,0.0,0.0,20.0,837.8498,0.008414217,0.02447509,0.0,0.0,Nov,1,1,1,2,Returning_Visitor,False,False
0.0,0.0,0.0,0.0,8.0,214.5404,0.0,0.04,0.0,0.0,Jul,2,2,9,1,Returning_Visitor,False,False
3.0,74.06602,0.0,0.0,25.0,686.101,0.0,0.0162579,0.0,0.0,Nov,2,4,7,2,Returning_Visitor,False,False
0.0,0.0,0.0,0.0,23.37424,475.64258,0.017537635,0.04,0.0,0.0,Nov,1,4,1,3,Returning_Visitor,False,False
0.0,0.0,0.0,0.0,23.0,631.28534,0.011322206,0.027957035,0.0,0.0,Dec,1,8,1,2,Returning_Visitor,False,False
3.0,46.587215,0.0,0.0,23.0,516.5365,0.0,0.019002946,0.0,0.0,Dec,2,2,1,2,Returning_Visitor,False,False
3.0,93.50582,0.0,0.0,27.0,620.3668,0.016680952,0.036522426,0.0,0.0,Nov,1,1,1,1,Returning_Visitor,False,False
4.0,53.40085,0.0,0.0,26.0,621.42773,0.0,0.013570544,0.0,0.0,Dec,2,2,7,8,Returning_Visitor,False,False
0.0,0.0,0.0,0.0,27.0,504.0178,0.0,0.021150984,0.0,0.0,Oct,1,1,1,2,Returning_Visitor,False,False
2.0,48.902073,0.0,0.0,35.022926,707.7754,0.0,0.015384615,0.0,0.0,Dec,2,2,4,2,Returning_Visitor,False,False
3.0,61.762005,0.0,0.0,41.53549,1165.9231,0.0,0.010454559,0.0,0.0,Aug,2,2,1,2,Returning_Visitor,False,False
0.0,0.0,0.0,0.0,11.0,251.9365,0.0,0.032070927,0.0,0.0,Dec,2,2,1,2,Returning_Visitor,False,False
0.0,0.0,0.0,0.0,26.0,645.3797,0.0,0.016279437,0.0,0.0,Aug,1,2,1,2,Returning_Visitor,False,False
0.0,0.0,0.0,0.0,7.0,238.69398,0.0,0.030542212,0.0,0.0,Dec,2,4,9,2,Returning_Visitor,False,False
0.0,0.0,0.0,0.0,25.0,520.0276,0.0,0.020373002,0.0,0.0,Mar,2,2,1,13,Returning_Visitor,False,False
0.0,0.0,0.0,0.0,8.0,167.01758,0.0,0.051275298,0.0,0.0,Nov,2,2,1,1,Returning_Visitor,False,False
0.0,0.0,0.0,0.0,29.0,827.1237,0.005897413,0.030760802,0.0,0.0,Dec,2,1,1,1,Returning_Visitor,False,False
0.0,0.0,0.0,0.0,15.0,315.45883,0.0,0.01508,0.0,0.0,Dec,2,2,1,1,Returning_Visitor,False,False
4.0,99.9582,0.0,0.0,14.0,289.63937,0.016818143,0.03028809,0.0,0.0,Dec,1,4,1,13,Returning_Visitor,False,False
0.0,0.0,0.0,0.0,24.0,749.9307,0.0,0.032635506,0.0,0.0,Dec,2,2,1,1,Returning_Visitor,False,False
0.0,0.0,0.0,0.0,18.0,305.6779,0.024325764,0.040831536,0.0,0.0,Aug,3,2,3,2,Returning_Visitor,False,False
0.0,0.0,0.0,0.0,23.0,481.5203,0.0,0.026154377,0.0,0.0,Dec,2,2,3,13,Returning_Visitor,False,False
2.0,140.26984,0.0,0.0,45.487057,1933.8495,0.018072296,0.03333333,0.0,0.0,Aug,3,2,6,1,Returning_Visitor,False,False
0.0,0.0,0.0,0.0,24.0,327.8293,0.0,0.025,0.0,0.0,Dec,2,2,7,2,Returning_Visitor,False,False
0.0,0.0,0.0,0.0,45.305264,1158.4352,0.008503684,0.028598754,0.0,0.0,Dec,2,2,7,1,Returning_Visitor,False,False
3.0,90.55117,0.0,0.0,25.0,612.5688,0.01581887,0.028571429,0.0,0.0,Dec,2,2,1,1,Returning_Visitor,False,False
0.0,0.0,0.0,0.0,22.0,520.37476,0.0,0.03333333,0.0,0.0,Nov,2,2,1,13,Returning_Visitor,False,False
0.0,0.0,0.0,0.0,22.796415,681.3202,0.0,0.019407095,0.0,0.0,Aug,2,2,1,13,Returning_Visitor,False,False
4.0,172.52454,0.0,0.0,29.0,727.49506,0.0,0.017945994,0.0,0.0,Dec,1,1,1,2,Returning_Visitor,False,False
0.0,0.0,0.0,0.0,47.990734,1088.792,0.0,0.017194983,0.0,0.0,Nov,2,2,4,2,Returning_Visitor,False,False
0.0,0.0,0.0,0.0,19.0,632.4033,0.0019956366,0.021678332,0.0,0.0,Nov,1,4,2,2,Returning_Visitor,False,False
0.0,0.0,0.0,0.0,25.0,807.3778,0.015375693,0.03698727,0.0,0.0,Dec,2,2,8,10,Returning_Visitor,False,False
0.0,0.0,0.0,0.0,24.0,686.8857,0.0,0.01526923,0.0,0.0,Nov,2,2,9,2,Returning_Visitor,False,False
2.0,29.862122,0.0,0.0,37.0,1180.0709,0.0,0.020658927,0.0,0.0,Nov,2,2,2,2,Returning_Visitor,False,False
0.0,0.0,0.0,0.0,9.0,135.05504,0.0,0.035338484,0.0,0.0,Nov,1,1,7,2,Returning_Visitor,False,False
3.0,31.127047,0.0,0.0,22.0,571.30865,0.0,0.015384615,0.0,0.0,Jul,2,2,3,2,Returning_Visitor,False,True
0.0,0.0,0.0,0.0,7.0,191.48254,0.0,0.043244045,0.0,0.0,Nov,3,2,1,1,Returning_Visitor,False,False
5.0,93.942825,0.0,0.0,40.0,622.3613,0.0064257146,0.023782486,0.0,0.0,Dec,2,2,4,1,Returning_Visitor,False,False
1.0,11.712734,0.0,0.0,33.0,1185.8074,0.0,0.016666668,0.0,0.0,Jul,2,2,2,13,Returning_Visitor,False,False
5.0,93.82245,0.0,0.0,30.55126,599.65497,0.0076161046,0.021526728,0.0,0.0,Aug,1,2,1,2,Returning_Visitor,False,False
3.0,58.083813,0.0,0.0,19.867619,529.4674,0.0,0.016996292,0.0,0.0,Aug,2,2,1,1,Returning_Visitor,False,False
0.0,0.0,0.0,0.0,48.901257,1715.355,0.006040069,0.020519609,0.0,0.0,Dec,4,4,1,2,Returning_Visitor,False,False
0.0,0.0,0.0,0.0,23.0,640.8809,0.0,0.016666668,0.0,0.0,Nov,3,2,9,2,New_Visitor,False,False
5.0,100.81504,0.0,0.0,24.0,881.8698,0.0,0.016666668,35.923138,0.0,Nov,1,1,1,2,Returning_Visitor,False,True
0.0,0.0,0.0,0.0,34.79973,1411.791,0.013333333,0.03333333,0.0,0.0,Nov,1,2,4,2,Returning_Visitor,False,False
4.0,92.16943,0.0,0.0,48.0,1870.1971,0.004304074,0.016666668,8.5047455,0.0,Nov,1,1,7,1,Returning_Visitor,False,False
0.0,0.0,0.0,0.0,30.0,681.4759,0.0,0.016666668,0.0,0.0,Nov,4,2,7,2,Returning_Visitor,False,False
0.0,0.0,0.0,0.0,20.0,530.82355,0.018745672,0.038550887,0.0,0.0,Nov,4,1,6,1,Returning_Visitor,False,False
0.0,0.0,0.0,0.0,30.0,698.032,0.0,0.030345848,0.0,0.0,Dec,2,2,7,8,Returning_Visitor,False,False
0.0,0.0,0.0,0.0,28.0,717.4692,0.005104793,0.020849736,0.0,0.0,Aug,2,2,1,2,Returning_Visitor,False,False
3.0,88.48195,0.0,0.0,27.0,748.0697,0.012672315,0.029708877,0.0,0.0,Sep,2,2,1,1,Returning_Visitor,False,False
2.0,25.656246,0.0,0.0,30.0,729.3879,0.0016491584,0.026442945,0.0,0.0,Dec,2,2,1,1,Returning_Visitor,False,False
5.0,91.722694,0.0,0.0,43.28005,1618.2712,0.0,0.018103994,8.136494,0.0,Sep,2,2,1,1,Returning_Visitor,False,True
2.0,2.513863,0.0,0.0,6.0,101.849106,0.0,0.037493825,0.0,0.0,Nov,2,2,4,2,Returning_Visitor,False,False
2.0,28.996353,0.0,0.0,37.0,878.2053,0.0030003148,0.025,0.0,0.0,Jul,2,4,7,9,Returning_Visitor,False,False
0.0,0.0,0.0,0.0,20.169601,586.4102,0.016666668,0.037040174,0.0,0.0,Dec,4,2,1,3,Returning_Visitor,False,False
0.0,0.0,0.0,0.0,32.0,950.2014,0.0,0.021436833,0.0,0.0,Dec,2,2,1,2,Returning_Visitor,False,False
0.0,0.0,0.0,0.0,15.092253,291.90363,0.0,0.030076806,0.0,0.0,Dec,2,2,9,13,Returning_Visitor,False,False
4.0,75.547295,0.0,0.0,24.0,405.8707,0.0,0.009981317,0.0,0.0,Dec,1,2,4,3,Returning_Visitor,False,False
0.0,0.0,0.0,0.0,27.02404,668.9623,0.00538296,0.03333333,0.0,0.0,Feb,2,2,4,10,Returning_Visitor,False,False
0.0,0.0,0.0,0.0,23.27489,320.95706,0.0,0.025319023,0.0,0.0,Aug,2,1,1,3,Returning_Visitor,False,False
0.0,0.0,0.0,0.0,21.35811,499.41895,0.0,0.032551385,0.0,0.0,Dec,1,1,9,1,Returning_Visitor,False,True
0.0,0.0,0.0,0.0,23.0,507.62878,0.014285714,0.031149702,0.0,0.0,Nov,3,2,4,3,Returning_Visitor,False,False
4.0,196.12984,0.0,0.0,22.0,971.3051,0.019558802,0.040329374,0.0,0.0,Nov,1,2,6,1,Returning_Visitor,False,False
0.0,0.0,0.0,0.0,16.0,310.95734,0.0,0.03958211,0.0,0.0,Dec,2,2,1,1,Returning_Visitor,False,False
2.0,38.905914,0.0,0.0,37.7978,1082.7076,0.003944386,0.017474473,0.0,0.0,Dec,1,1,1,2,Returning_Visitor,False,False
0.0,0.0,0.0,0.0,27.0,594.185,0.004926974,0.022222223,0.0,0.0,Dec,2,2,1,2,Returning_Visitor,False,False
4.0,66.885475,0.0,0.0,20.0,484.30878,0.0034942217,0.021919312,0.0,0.0,Dec,4,2,1,3,Returning_Visitor,False,False
4.0,76.16092,0.0,0.0,50.0,1931.2778,0.0070658787,0.022723028,9.110522,0.0,Aug,2,2,1,19,Returning_Visitor,False,False
0.0,0.0,0.0,0.0,26.0,823.7158,0.016118009,0.042673912,0.0,0.0,Dec,2,2,4,3,Returning_Visitor,False,False
3.0,71.55324,0.0,0.0,33.0,1070.5052,0.0,0.011764706,0.0,0.0,Dec,2,2,4,2,Returning_Visitor,False,False
3.0,83.59842,0.0,0.0,30.0,799.2839,0.0,0.014121142,0.0,0.0,Dec,2,2,1,1,Returning_Visitor,False,False
3.0,109.55889,0.0,0.0,48.0,1257.828,0.0089114355,0.022222223,0.0,0.0,Dec,4,2,1,1,Returning_Visitor,False,False
0.0,0.0,0.0,0.0,24.0,861.82367,0.0,0.029477833,0.0,0.0,Dec,2,2,1,2,Returning_Visitor,False,False
1.9526258,23.091341,0.0,0.0,22.236383,446.085,0.0,0.019722845,0.0,0.0,Dec,2,2,1,1,Returning_Visitor,False,False
3.0,59.987392,0.0,0.0,22.382719,470.25766,0.0,0.025986804,0.0,0.0,Mar,4,4,1,1,Returning_Visitor,False,False
0.0,0.0,0.0,0.0,9.0,176.84897,0.0,0.025,0.0,0.0,Aug,1,2,1,2,Returning_Visitor,False,False
0.0,0.0,0.0,0.0,11.0,128.64456,0.0,0.025,0.0,0.0,Nov,2,2,1,2,Returning_Visitor,False,False
2.0,33.055927,0.0,0.0,18.0,381.52448,0.0,0.028571429,0.0,0.0,Nov,3,2,1,9,Returning_Visitor,False,False
0.0,0.0,0.0,0.0,37.0,1023.8001,0.0,0.02,0.0,0.0,Aug,2,2,1,2,Returning_Visitor,False,False
3.0,42.532578,0.0,0.0,41.0,868.67456,0.00065341283,0.017522544,0.0,0.0,Aug,2,2,1,2,Returning_Visitor,False,False
5.0,51.65094,0.0,0.0,24.0,606.85486,0.0,0.005608633,0.0,0.0,Nov,2,2,1,2,Returning_Visitor,False,False
0.0,0.0,0.0,0.0,22.0,347.05084,0.0,0.0352716,0.0,0.0,Aug,2,2,1,2,Returning_Visitor,False,False
0.0,0.0,0.0,0.0,43.226837,753.42456,0.0,0.01761985,0.0,0.0,Aug,2,2,3,2,Returning_Visitor,False,False
3.0,81.442505,0.0,0.0,37.0,888.678,0.015384615,0.031139705,0.0,0.0,Dec,2,2,1,1,Returning_Visitor,False,False
2.0,42.08667,0.0,0.0,28.0,752.4478,0.0,0.023192342,0.0,0.0,Nov,2,2,1,13,Returning_Visitor,False,False
0.0,0.0,0.0,0.0,17.0,444.93448,0.0,0.027612662,0.0,0.0,Dec,2,2,9,1,Returning_Visitor,False,False
0.0,0.0,0.0,0.0,12.0,390.60492,0.027398992,0.05,0.0,0.0,Dec,3,2,3,1,Returning_Visitor,False,False
0.0,0.0,0.0,0.0,22.911472,530.5461,0.0,0.024463452,0.0,0.0,Nov,1,1,1,2,Returning_Visitor,False,False
0.0,0.0,0.0,0.0,37.0,1129.1123,0.0,0.018085707,357.3359,0.0,Aug,2,4,2,2,Returning_Visitor,False,False
0.0,0.0,0.0,0.0,26.54839,782.4797,0.0,0.022222223,0.0,0.0,Aug,2,2,1,1,Returning_Visitor,False,False
3.0,58.16256,0.0,0.0,39.0,1679.9167,0.0035588539,0.019468404,0.0,0.0,Nov,4,2,1,1,Returning_Visitor,False,False
3.0,30.353725,1.0,0.0,19.0,373.95718,0.0,0.028571429,0.0,0.0,Nov,2,2,1,2,Returning_Visitor,False,False
5.0,81.405106,0.0,0.0,37.0,620.7305,0.0041465485,0.022541061,0.0,0.0,Nov,2,2,1,1,Returning_Visitor,False,False
0.0,0.0,0.0,0.0,13.0,240.57516,0.0,0.04,0.0,0.0,Nov,2,4,1,2,Returning_Visitor,False,False
0.0,0.0,0.0,0.0,7.0,178.43495,0.0,0.044444446,0.0,0.0,Aug,2,1,9,1,Returning_Visitor,False,False
2.7180219,36.871788,0.0,0.0,24.0,928.0077,0.015354119,0.030432481,0.0,0.0,Aug,4,2,1,2,Returning_Visitor,False,False
0.0,0.0,0.0,0.0,29.218086,793.5336,0.0,0.022222223,0.0,0.0,Nov,2,2,1,1,Returning_Visitor,False,False
0.0,0.0,0.0,0.0,11.0,416.82376,0.0,0.026791677,0.0,0.0,Dec,2,1,1,1,Returning_Visitor,False,False
4.0,36.111397,1.0,80.93613,47.0,1572.8688,0.0,0.016666668,0.0,0.0,Aug,2,2,1,2,Returning_Visitor,False,True
0.0,0.0,0.0,0.0,18.0,570.12164,0.0,0.013333333,0.0,0.0,Mar,2,2,8,8,Returning_Visitor,False,False
0.0,0.0,0.0,0.0,34.0,1487.9893,0.016532533,0.029873807,0.0,0.0,Nov,3,2,1,13,Returning_Visitor,False,False
0.0,0.0,0.0,0.0,19.0,533.37146,0.0,0.013528106,0.0,0.0,Dec,1,2,1,8,Returning_Visitor,True,False
0.0,0.0,0.0,0.0,8.0,110.81937,0.041869015,0.057952486,0.0,0.0,Nov,1,1,1,1,Returning_Visitor,False,False
0.0,0.0,0.0,0.0,18.0,278.92834,0.004287526,0.04,0.0,0.0,Dec,3,2,7,3,Returning_Visitor,False,False
0.0,0.0,0.0,0.0,17.0,272.02722,0.0,0.03333333,0.0,0.0,Nov,2,2,1,3,Returning_Visitor,False,False
5.0,124.071045,2.0,93.508255,67.40944,2304.2163,0.0022031397,0.014285714,10.112356,0.0,Nov,2,2,1,2,Returning_Visitor,False,False
0.0,0.0,0.0,0.0,22.0,550.7937,0.0,0.0280469,0.0,0.0,Aug,4,2,1,1,Returning_Visitor,False,False
0.0,0.0,0.0,0.0,6.0,100.98712,0.084333085,0.11620726,0.0,0.0,Nov,2,2,1,1,Returning_Visitor,False,False
0.0,0.0,0.0,0.0,22.0,802.052,0.0,0.027697492,6.3032975,0.0,Dec,7,2,4,3,Returning_Visitor,False,True
0.0,0.0,0.0,0.0,20.0,617.47327,0.0,0.026374443,0.0,0.0,Jul,2,2,4,2,Returning_Visitor,False,False
0.0,0.0,0.0,0.0,26.279345,577.48566,0.010356694,0.02650097,0.0,0.0,Aug,1,1,9,8,Returning_Visitor,False,False
0.0,0.0,0.0,0.0,14.0,381.1503,0.0,0.027264545,0.0,0.0,Jul,2,2,1,10,Returning_Visitor,False,False
0.0,0.0,0.0,0.0,24.0,464.28308,0.022222223,0.055040102,0.0,0.0,Aug,2,2,1,3,Returning_Visitor,False,False
3.0,73.83236,0.0,0.0,24.0,631.25,0.0013768072,0.01679698,0.0,0.0,Dec,2,2,1,2,Returning_Visitor,False,False
3.0,75.591995,0.0,0.0,25.056618,972.3434,0.0,0.018181818,0.0,0.0,Nov,1,1,7,13,Returning_Visitor,False,False
0.0,0.0,0.0,0.0,29.0,881.81305,0.009644642,0.028571429,0.0,0.0,Dec,3,2,9,2,Returning_Visitor,False,False
0.0,0.0,0.0,0.0,11.0,318.53918,0.0354434,0.05,0.0,0.0,Nov,3,2,1,13,Returning_Visitor,False,False
0.0,0.0,0.0,0.0,10.0,247.76295,0.0,0.02832381,0.0,0.0,Aug,2,2,6,2,Returning_Visitor,False,False
3.0,56.469604,0.0,0.0,40.866196,2096.654,0.003408277,0.017052187,0.0,0.0,Nov,2,2,4,2,Returning_Visitor,False,False
3.0,44.37602,0.0,0.0,26.974815,788.2256,0.0048385323,0.01993684,0.0,0.0,Nov,2,2,1,2,Returning_Visitor,False,False
0.0,0.0,0.0,0.0,12.0,228.05704,0.027954403,0.06666667,0.0,0.0,Nov,2,2,1,3,Returning_Visitor,False,False
0.0,0.0,0.0,0.0,28.0,679.5493,0.0,0.025825659,0.0,0.0,Nov,2,2,1,8,Returning_Visitor,False,False
5.0,95.47523,0.0,0.0,39.93842,1075.2675,0.0,0.017286101,0.0,0.0,Dec,2,4,1,1,Returning_Visitor,False,False
0.0,0.0,0.0,0.0,12.0,290.98657,0.0,0.022222223,0.0,0.0,May,2,2,7,1,Returning_Visitor,False,False
5.0,111.96101,0.0,0.0,43.0,1427.7062,0.008529612,0.02670523,0.0,0.0,Dec,7,2,1,8,Returning_Visitor,False,False
0.0,0.0,0.0,0.0,19.0,508.03143,0.0,0.01915299,0.0,0.0,Dec,2,1,1,1,Returning_Visitor,False,False
0.0,0.0,0.0,0.0,28.0,1296.8181,0.0,0.015474932,0.0,0.0,Dec,2,2,9,1,Returning_Visitor,False,True
0.0,0.0,0.0,0.0,18.0,333.05847,0.0044491696,0.032508165,0.0,0.0,Aug,1,1,1,2,Returning_Visitor,False,False
0.0,0.0,0.0,0.0,24.0,702.51276,0.002588655,0.029114552,0.0,0.0,Dec,2,2,4,2,Returning_Visitor,False,False
2.0,58.79824,0.0,0.0,90.00785,3751.9229,0.0043184017,0.012489487,8.600986,0.0,Nov,2,2,1,2,Returning_Visitor,False,False
0.0,0.0,0.0,0.0,12.0,232.94702,0.0,0.04192549,0.0,0.0,Nov,4,2,4,3,Returning_Visitor,False,False
3.0,74.88535,0.0,0.0,32.0,636.9841,0.0,0.012894836,0.0,0.0,Aug,1,2,4,2,Returning_Visitor,False,True
3.0,47.55449,0.0,0.0,23.0,739.66473,0.0,0.011938228,0.0,0.0,Nov,4,2,1,2,New_Visitor,True,False
2.0,53.085526,0.0,0.0,40.0,783.22296,0.0,0.02231852,0.0,0.0,Dec,2,2,1,2,Returning_Visitor,False,False
0.0,0.0,0.0,0.0,31.0,731.92175,0.012933608,0.03333333,0.0,0.0,Dec,2,2,7,1,Returning_Visitor,False,False
4.0,177.13695,0.0,0.0,24.0,815.76044,0.0,0.010850587,0.0,0.0,Jul,1,4,1,2,Returning_Visitor,False,False
0.0,0.0,0.0,0.0,22.853779,476.18246,0.0,0.018684672,0.0,0.0,Dec,2,2,1,2,Returning_Visitor,False,False
0.0,0.0,0.0,0.0,9.0,102.91798,0.006666667,0.07906797,0.0,0.0,Dec,1,1,7,13,Returning_Visitor,False,False
3.0,89.472664,0.0,0.0,37.0,676.14606,0.0,0.010216797,0.0,0.0,Mar,2,2,1,1,Returning_Visitor,False,False
2.468042,29.969286,0.0,0.0,24.0,467.5038,0.0,0.016666668,0.0,0.0,Jul,2,2,1,13,Returning_Visitor,False,False
0.0,0.0,0.0,0.0,15.0,281.55252,0.014480062,0.04,0.0,0.0,Nov,2,4,1,1,Returning_Visitor,False,False
2.0,65.34761,0.0,0.0,7.0,85.11609,0.04,0.07128996,0.0,0.0,Dec,1,1,4,1,Returning_Visitor,False,False
0.0,0.0,0.0,0.0,10.0,270.68176,0.04,0.06278515,0.0,0.0,Jul,1,1,7,3,Returning_Visitor,False,False
3.0,131.82907,0.0,0.0,23.47907,799.21344,0.01809989,0.04,0.0,0.0,Sep,1,1,7,1,Returning_Visitor,False,False
0.0,0.0,0.0,0.0,29.114948,801.42017,0.015381632,0.03478349,5.6309013,0.0,Aug,1,1,1,3,Returning_Visitor,False,False
0.0,0.0,0.0,0.0,21.0,483.6788,0.009000416,0.026340926,0.0,0.0,Dec,3,2,1,3,Returning_Visitor,False,False
3.0,42.11628,0.0,0.0,25.0,601.91156,0.0,0.013254174,0.0,0.0,Nov,2,2,7,2,Returning_Visitor,False,False
0.0,0.0,0.0,0.0,30.0,554.5619,0.0,0.025,0.0,0.0,Aug,1,2,7,1,Returning_Visitor,False,False
0.0,0.0,0.0,0.0,15.0,554.6116,0.0,0.01,0.0,0.0,Dec,4,4,4,3,Returning_Visitor,False,False
0.0,0.0,0.0,0.0,30.0,660.58075,0.0,0.022222223,0.0,0.0,Dec,2,2,1,13,Returning_Visitor,False,False
0.0,0.0,0.0,0.0,7.0,189.4248,0.0,0.030069172,0.0,0.0,Nov,3,2,4,3,Returning_Visitor,False,False
0.0,0.0,0.0,0.0,19.0,334.07428,0.0,0.028822891,0.0,0.0,Aug,2,2,1,2,Returning_Visitor,False,False
6.0,99.93971,1.0,0.0,42.410667,1279.1702,0.0,0.010865393,0.0,0.0,Dec,2,2,4,2,Returning_Visitor,False,True
0.0,0.0,0.0,0.0,26.0,519.84125,0.0,0.030602861,0.0,0.0,Nov,2,2,8,9,Returning_Visitor,False,False
0.0,0.0,0.0,0.0,13.0,672.3768,0.0,0.025,0.0,0.0,Aug,2,2,1,10,Returning_Visitor,False,False
0.0,0.0,0.0,0.0,22.0,379.45258,0.0,0.022222223,0.0,0.0,Dec,2,2,1,13,Returning_Visitor,False,False
3.0,42.80948,0.0,0.0,12.0,563.9442,0.0,0.022222223,0.0,0.0,Aug,2,2,1,2,Returning_Visitor,False,False
0.0,0.0,0.0,0.0,40.0,1090.772,0.0069112387,0.027731912,0.0,0.0,Dec,2,2,1,13,Returning_Visitor,False,False
0.0,0.0,0.0,0.0,24.0,685.5952,0.0,0.016666668,0.0,0.0,Nov,2,2,6,2,Returning_Visitor,False,False
0.0,0.0,0.0,0.0,18.0,339.35306,0.0,0.021728823,0.0,0.0,Dec,4,2,3,2,Returning_Visitor,False,False
2.0,18.934336,0.0,0.0,19.0,498.20163,0.0,0.026701868,0.0,0.0,Dec,2,2,7,1,Returning_Visitor,False,False
3.0,65.23527,0.0,0.0,50.658707,1982.972,0.0,0.016061477,0.0,0.0,Nov,2,2,4,2,Returning_Visitor,False,False
0.0,0.0,0.0,0.0,15.0,315.15207,0.030453624,0.06666667,0.0,0.0,Dec,1,4,4,1,Returning_Visitor,False,False
0.0,0.0,0.0,0.0,22.0,491.73038,0.0,0.026328709,0.0,0.0,Dec,1,2,3,13,Returning_Visitor,False,False
4.0,90.07306,0.0,0.0,25.493193,599.92584,0.0,0.02,0.0,0.0,Aug,2,2,1,2,Returning_Visitor,False,False
0.0,0.0,0.0,0.0,28.0,687.0313,0.0,0.025248095,0.0,0.0,Dec,2,2,1,2,Returning_Visitor,False,False
2.0,39.500492,0.0,0.0,15.0,357.45428,0.016024774,0.026160313,0.0,0.0,Nov,3,2,1,8,Returning_Visitor,False,False
0.0,0.0,0.0,0.0,11.0,271.03558,0.0,0.029408645,0.0,0.0,May,2,2,1,3,Returning_Visitor,False,False
0.0,0.0,0.0,0.0,12.0,439.84033,0.038649816,0.061819725,0.0,0.0,Dec,1,1,8,1,Returning_Visitor,False,False
0.0,0.0,0.0,0.0,6.0,157.8195,0.0,0.04773177,0.0,0.0,Dec,1,1,1,2,Returning_Visitor,False,False
3.0,76.42406,0.0,0.0,42.0,1438.5453,0.010444725,0.025474181,0.0,0.0,Dec,1,1,4,13,Returning_Visitor,False,False
0.0,0.0,0.0,0.0,21.0,880.22766,0.0,0.022222223,0.0,0.0,Aug,4,2,4,3,Returning_Visitor,False,True
0.0,0.0,0.0,0.0,16.721428,327.85727,0.0,0.03333333,0.0,0.0,Dec,3,2,1,2,Returning_Visitor,False,False
3.0,54.537834,0.0,0.0,39.0,574.3418,0.0,0.016666668,0.0,0.0,Aug,2,2,7,2,Returning_Visitor,False,True
0.0,0.0,0.0,0.0,26.696468,827.5188,0.0,0.022095049,0.0,0.0,Dec,2,2,2,2,Returning_Visitor,False,False
0.0,0.0,0.0,0.0,16.0,351.4997,0.0,0.014384212,0.0,0.0,Nov,1,1,1,2,Returning_Visitor,False,False
